freq (Hz) out VBE 0.7  (A/sqrt(Hz)) out VBE 0.725  (A/sqrt(Hz)) out VBE 0.75  (A/sqrt(Hz)) out VBE 0.775  (A/sqrt(Hz)) out VBE 0.8  (A/sqrt(Hz)) out VBE 0.825  (A/sqrt(Hz)) out VBE 0.85  (A/sqrt(Hz)) out VBE 0.875  (A/sqrt(Hz)) out VBE 0.9  (A/sqrt(Hz)) out VBE 0.925  (A/sqrt(Hz))
1.00000 13.7900E-12 31.7037E-12 72.8219E-12 166.056E-12 370.918E-12 793.376E-12 1.58717E-9 2.94197E-9 5.08323E-9 8.28272E-9
1.02329 13.6322E-12 31.3408E-12 71.9884E-12 164.155E-12 366.672E-12 784.294E-12 1.56900E-9 2.90829E-9 5.02504E-9 8.18791E-9
1.04713 13.4761E-12 30.9820E-12 71.1643E-12 162.276E-12 362.475E-12 775.317E-12 1.55104E-9 2.87500E-9 4.96752E-9 8.09418E-9
1.07152 13.3219E-12 30.6274E-12 70.3497E-12 160.419E-12 358.325E-12 766.442E-12 1.53329E-9 2.84209E-9 4.91066E-9 8.00153E-9
1.09648 13.1694E-12 30.2768E-12 69.5445E-12 158.582E-12 354.224E-12 757.668E-12 1.51574E-9 2.80956E-9 4.85445E-9 7.90994E-9
1.12202 13.0187E-12 29.9302E-12 68.7484E-12 156.767E-12 350.169E-12 748.996E-12 1.49839E-9 2.77740E-9 4.79888E-9 7.81939E-9
1.14815 12.8697E-12 29.5877E-12 67.9615E-12 154.973E-12 346.161E-12 740.422E-12 1.48123E-9 2.74561E-9 4.74395E-9 7.72989E-9
1.17490 12.7224E-12 29.2490E-12 67.1835E-12 153.199E-12 342.198E-12 731.946E-12 1.46428E-9 2.71418E-9 4.68964E-9 7.64140E-9
1.20226 12.5767E-12 28.9142E-12 66.4145E-12 151.445E-12 338.281E-12 723.568E-12 1.44752E-9 2.68311E-9 4.63596E-9 7.55393E-9
1.23027 12.4328E-12 28.5832E-12 65.6543E-12 149.711E-12 334.409E-12 715.285E-12 1.43095E-9 2.65240E-9 4.58290E-9 7.46746E-9
1.25893 12.2905E-12 28.2560E-12 64.9028E-12 147.998E-12 330.581E-12 707.097E-12 1.41457E-9 2.62203E-9 4.53044E-9 7.38198E-9
1.28825 12.1498E-12 27.9326E-12 64.1598E-12 146.304E-12 326.797E-12 699.003E-12 1.39838E-9 2.59202E-9 4.47858E-9 7.29748E-9
1.31826 12.0108E-12 27.6129E-12 63.4254E-12 144.629E-12 323.056E-12 691.002E-12 1.38237E-9 2.56235E-9 4.42731E-9 7.21395E-9
1.34896 11.8733E-12 27.2968E-12 62.6994E-12 142.973E-12 319.358E-12 683.092E-12 1.36655E-9 2.53302E-9 4.37663E-9 7.13137E-9
1.38038 11.7374E-12 26.9844E-12 61.9817E-12 141.337E-12 315.702E-12 675.273E-12 1.35090E-9 2.50402E-9 4.32653E-9 7.04974E-9
1.41254 11.6030E-12 26.6755E-12 61.2722E-12 139.719E-12 312.089E-12 667.543E-12 1.33544E-9 2.47536E-9 4.27701E-9 6.96904E-9
1.44544 11.4702E-12 26.3702E-12 60.5709E-12 138.120E-12 308.516E-12 659.902E-12 1.32015E-9 2.44702E-9 4.22805E-9 6.88927E-9
1.47911 11.3390E-12 26.0683E-12 59.8775E-12 136.539E-12 304.985E-12 652.348E-12 1.30504E-9 2.41901E-9 4.17965E-9 6.81041E-9
1.51356 11.2092E-12 25.7699E-12 59.1922E-12 134.976E-12 301.493E-12 644.881E-12 1.29010E-9 2.39132E-9 4.13181E-9 6.73245E-9
1.54882 11.0809E-12 25.4750E-12 58.5146E-12 133.431E-12 298.042E-12 637.499E-12 1.27533E-9 2.36395E-9 4.08451E-9 6.65538E-9
1.58489 10.9541E-12 25.1834E-12 57.8448E-12 131.903E-12 294.631E-12 630.201E-12 1.26074E-9 2.33689E-9 4.03775E-9 6.57920E-9
1.62181 10.8287E-12 24.8951E-12 57.1827E-12 130.393E-12 291.258E-12 622.988E-12 1.24630E-9 2.31014E-9 3.99154E-9 6.50389E-9
1.65959 10.7047E-12 24.6102E-12 56.5281E-12 128.901E-12 287.924E-12 615.856E-12 1.23204E-9 2.28370E-9 3.94584E-9 6.42944E-9
1.69824 10.5822E-12 24.3285E-12 55.8811E-12 127.425E-12 284.628E-12 608.807E-12 1.21793E-9 2.25756E-9 3.90068E-9 6.35584E-9
1.73780 10.4611E-12 24.0500E-12 55.2414E-12 125.967E-12 281.370E-12 601.838E-12 1.20399E-9 2.23171E-9 3.85603E-9 6.28309E-9
1.77828 10.3414E-12 23.7747E-12 54.6091E-12 124.525E-12 278.149E-12 594.949E-12 1.19021E-9 2.20617E-9 3.81189E-9 6.21117E-9
1.81970 10.2230E-12 23.5026E-12 53.9840E-12 123.099E-12 274.966E-12 588.138E-12 1.17659E-9 2.18091E-9 3.76825E-9 6.14007E-9
1.86209 10.1060E-12 23.2336E-12 53.3661E-12 121.690E-12 271.818E-12 581.406E-12 1.16312E-9 2.15595E-9 3.72512E-9 6.06978E-9
1.90546 9.99034E-12 22.9677E-12 52.7552E-12 120.297E-12 268.707E-12 574.751E-12 1.14980E-9 2.13127E-9 3.68248E-9 6.00030E-9
1.94984 9.87600E-12 22.7048E-12 52.1514E-12 118.920E-12 265.631E-12 568.172E-12 1.13664E-9 2.10687E-9 3.64032E-9 5.93162E-9
1.99526 9.76297E-12 22.4449E-12 51.5544E-12 117.559E-12 262.590E-12 561.668E-12 1.12363E-9 2.08276E-9 3.59865E-9 5.86372E-9
2.04174 9.65123E-12 22.1880E-12 50.9643E-12 116.214E-12 259.584E-12 555.239E-12 1.11077E-9 2.05892E-9 3.55746E-9 5.79660E-9
2.08930 9.54077E-12 21.9340E-12 50.3810E-12 114.883E-12 256.613E-12 548.883E-12 1.09806E-9 2.03535E-9 3.51674E-9 5.73024E-9
2.13796 9.43158E-12 21.6830E-12 49.8043E-12 113.568E-12 253.675E-12 542.600E-12 1.08549E-9 2.01205E-9 3.47648E-9 5.66465E-9
2.18776 9.32363E-12 21.4348E-12 49.2342E-12 112.268E-12 250.772E-12 536.389E-12 1.07306E-9 1.98902E-9 3.43669E-9 5.59981E-9
2.23872 9.21692E-12 21.1894E-12 48.6706E-12 110.983E-12 247.901E-12 530.249E-12 1.06078E-9 1.96625E-9 3.39735E-9 5.53571E-9
2.29087 9.11144E-12 20.9469E-12 48.1135E-12 109.713E-12 245.064E-12 524.179E-12 1.04863E-9 1.94374E-9 3.35846E-9 5.47234E-9
2.34423 9.00716E-12 20.7071E-12 47.5628E-12 108.457E-12 242.258E-12 518.179E-12 1.03663E-9 1.92149E-9 3.32001E-9 5.40970E-9
2.39883 8.90407E-12 20.4701E-12 47.0184E-12 107.215E-12 239.485E-12 512.247E-12 1.02476E-9 1.89950E-9 3.28201E-9 5.34778E-9
2.45471 8.80217E-12 20.2358E-12 46.4802E-12 105.988E-12 236.744E-12 506.384E-12 1.01303E-9 1.87775E-9 3.24444E-9 5.28656E-9
2.51189 8.70143E-12 20.0042E-12 45.9481E-12 104.775E-12 234.034E-12 500.587E-12 1.00144E-9 1.85626E-9 3.20730E-9 5.22605E-9
2.57040 8.60185E-12 19.7753E-12 45.4222E-12 103.576E-12 231.355E-12 494.857E-12 989.975E-12 1.83501E-9 3.17059E-9 5.16622E-9
2.63027 8.50340E-12 19.5489E-12 44.9023E-12 102.390E-12 228.707E-12 489.193E-12 978.643E-12 1.81401E-9 3.13430E-9 5.10709E-9
2.69153 8.40608E-12 19.3252E-12 44.3883E-12 101.218E-12 226.089E-12 483.593E-12 967.441E-12 1.79324E-9 3.09842E-9 5.04863E-9
2.75423 8.30988E-12 19.1040E-12 43.8802E-12 100.059E-12 223.501E-12 478.057E-12 956.367E-12 1.77271E-9 3.06295E-9 4.99083E-9
2.81838 8.21478E-12 18.8853E-12 43.3780E-12 98.9141E-12 220.942E-12 472.585E-12 945.419E-12 1.75242E-9 3.02789E-9 4.93371E-9
2.88403 8.12077E-12 18.6692E-12 42.8815E-12 97.7818E-12 218.413E-12 467.175E-12 934.597E-12 1.73236E-9 2.99323E-9 4.87723E-9
2.95121 8.02783E-12 18.4555E-12 42.3906E-12 96.6626E-12 215.913E-12 461.828E-12 923.899E-12 1.71253E-9 2.95897E-9 4.82140E-9
3.01995 7.93596E-12 18.2442E-12 41.9054E-12 95.5561E-12 213.442E-12 456.541E-12 913.323E-12 1.69293E-9 2.92510E-9 4.76621E-9
3.09030 7.84514E-12 18.0354E-12 41.4257E-12 94.4623E-12 210.999E-12 451.315E-12 902.868E-12 1.67355E-9 2.89161E-9 4.71165E-9
3.16228 7.75536E-12 17.8290E-12 40.9516E-12 93.3810E-12 208.583E-12 446.149E-12 892.533E-12 1.65439E-9 2.85851E-9 4.65772E-9
3.23594 7.66660E-12 17.6249E-12 40.4828E-12 92.3122E-12 206.196E-12 441.042E-12 882.317E-12 1.63546E-9 2.82579E-9 4.60440E-9
3.31131 7.57887E-12 17.4232E-12 40.0195E-12 91.2555E-12 203.835E-12 435.994E-12 872.217E-12 1.61673E-9 2.79344E-9 4.55170E-9
3.38844 7.49213E-12 17.2238E-12 39.5614E-12 90.2109E-12 201.502E-12 431.003E-12 862.233E-12 1.59823E-9 2.76147E-9 4.49959E-9
3.46737 7.40640E-12 17.0267E-12 39.1086E-12 89.1783E-12 199.196E-12 426.069E-12 852.363E-12 1.57993E-9 2.72986E-9 4.44809E-9
3.54813 7.32164E-12 16.8318E-12 38.6609E-12 88.1575E-12 196.915E-12 421.192E-12 842.606E-12 1.56185E-9 2.69861E-9 4.39717E-9
3.63078 7.23785E-12 16.6391E-12 38.2184E-12 87.1484E-12 194.661E-12 416.371E-12 832.961E-12 1.54397E-9 2.66772E-9 4.34684E-9
3.71535 7.15502E-12 16.4487E-12 37.7809E-12 86.1509E-12 192.433E-12 411.605E-12 823.426E-12 1.52630E-9 2.63718E-9 4.29708E-9
3.80189 7.07315E-12 16.2604E-12 37.3485E-12 85.1648E-12 190.230E-12 406.893E-12 814.000E-12 1.50882E-9 2.60699E-9 4.24789E-9
3.89045 6.99220E-12 16.0743E-12 36.9210E-12 84.1899E-12 188.053E-12 402.236E-12 804.683E-12 1.49155E-9 2.57715E-9 4.19926E-9
3.98107 6.91219E-12 15.8904E-12 36.4984E-12 83.2262E-12 185.900E-12 397.631E-12 795.472E-12 1.47448E-9 2.54765E-9 4.15120E-9
4.07380 6.83309E-12 15.7085E-12 36.0806E-12 82.2736E-12 183.772E-12 393.080E-12 786.366E-12 1.45760E-9 2.51849E-9 4.10368E-9
4.16869 6.75490E-12 15.5287E-12 35.6676E-12 81.3318E-12 181.669E-12 388.580E-12 777.365E-12 1.44092E-9 2.48966E-9 4.05670E-9
4.26580 6.67760E-12 15.3510E-12 35.2594E-12 80.4009E-12 179.589E-12 384.132E-12 768.466E-12 1.42442E-9 2.46116E-9 4.01027E-9
4.36516 6.60119E-12 15.1753E-12 34.8558E-12 79.4806E-12 177.534E-12 379.735E-12 759.670E-12 1.40812E-9 2.43299E-9 3.96436E-9
4.46684 6.52565E-12 15.0016E-12 34.4569E-12 78.5708E-12 175.501E-12 375.388E-12 750.974E-12 1.39200E-9 2.40514E-9 3.91898E-9
4.57088 6.45098E-12 14.8299E-12 34.0625E-12 77.6714E-12 173.493E-12 371.091E-12 742.378E-12 1.37606E-9 2.37761E-9 3.87412E-9
4.67735 6.37716E-12 14.6602E-12 33.6726E-12 76.7824E-12 171.507E-12 366.844E-12 733.880E-12 1.36031E-9 2.35039E-9 3.82978E-9
4.78630 6.30419E-12 14.4924E-12 33.2872E-12 75.9035E-12 169.543E-12 362.644E-12 725.479E-12 1.34474E-9 2.32349E-9 3.78594E-9
4.89779 6.23206E-12 14.3265E-12 32.9062E-12 75.0347E-12 167.603E-12 358.493E-12 717.175E-12 1.32935E-9 2.29689E-9 3.74260E-9
5.01187 6.16074E-12 14.1626E-12 32.5295E-12 74.1758E-12 165.684E-12 354.390E-12 708.965E-12 1.31413E-9 2.27060E-9 3.69976E-9
5.12861 6.09025E-12 14.0005E-12 32.1572E-12 73.3267E-12 163.788E-12 350.333E-12 700.850E-12 1.29909E-9 2.24461E-9 3.65741E-9
5.24807 6.02056E-12 13.8402E-12 31.7891E-12 72.4874E-12 161.913E-12 346.323E-12 692.827E-12 1.28422E-9 2.21891E-9 3.61554E-9
5.37032 5.95168E-12 13.6819E-12 31.4253E-12 71.6577E-12 160.060E-12 342.359E-12 684.897E-12 1.26952E-9 2.19351E-9 3.57415E-9
5.49541 5.88358E-12 13.5253E-12 31.0656E-12 70.8375E-12 158.227E-12 338.440E-12 677.057E-12 1.25499E-9 2.16840E-9 3.53324E-9
5.62341 5.81626E-12 13.3705E-12 30.7100E-12 70.0266E-12 156.416E-12 334.566E-12 669.307E-12 1.24062E-9 2.14358E-9 3.49280E-9
5.75440 5.74971E-12 13.2175E-12 30.3585E-12 69.2251E-12 154.626E-12 330.736E-12 661.645E-12 1.22642E-9 2.11905E-9 3.45282E-9
5.88844 5.68392E-12 13.0662E-12 30.0110E-12 68.4327E-12 152.856E-12 326.950E-12 654.071E-12 1.21238E-9 2.09479E-9 3.41329E-9
6.02560 5.61889E-12 12.9167E-12 29.6675E-12 67.6494E-12 151.106E-12 323.208E-12 646.584E-12 1.19850E-9 2.07081E-9 3.37422E-9
6.16595 5.55460E-12 12.7688E-12 29.3280E-12 66.8751E-12 149.376E-12 319.508E-12 639.183E-12 1.18478E-9 2.04711E-9 3.33560E-9
6.30957 5.49105E-12 12.6227E-12 28.9923E-12 66.1096E-12 147.667E-12 315.851E-12 631.866E-12 1.17122E-9 2.02367E-9 3.29741E-9
6.45654 5.42822E-12 12.4782E-12 28.6605E-12 65.3529E-12 145.976E-12 312.235E-12 624.634E-12 1.15781E-9 2.00051E-9 3.25967E-9
6.60693 5.36612E-12 12.3354E-12 28.3324E-12 64.6049E-12 144.305E-12 308.661E-12 617.483E-12 1.14456E-9 1.97761E-9 3.22236E-9
6.76083 5.30473E-12 12.1943E-12 28.0082E-12 63.8654E-12 142.654E-12 305.128E-12 610.415E-12 1.13146E-9 1.95497E-9 3.18547E-9
6.91831 5.24404E-12 12.0547E-12 27.6876E-12 63.1344E-12 141.021E-12 301.635E-12 603.428E-12 1.11851E-9 1.93259E-9 3.14901E-9
7.07946 5.18404E-12 11.9168E-12 27.3707E-12 62.4117E-12 139.407E-12 298.182E-12 596.521E-12 1.10570E-9 1.91047E-9 3.11296E-9
7.24436 5.12473E-12 11.7804E-12 27.0574E-12 61.6973E-12 137.811E-12 294.769E-12 589.692E-12 1.09305E-9 1.88860E-9 3.07733E-9
7.41310 5.06610E-12 11.6456E-12 26.7477E-12 60.9911E-12 136.233E-12 291.395E-12 582.942E-12 1.08054E-9 1.86698E-9 3.04210E-9
7.58578 5.00815E-12 11.5123E-12 26.4416E-12 60.2930E-12 134.674E-12 288.060E-12 576.269E-12 1.06817E-9 1.84561E-9 3.00728E-9
7.76247 4.95085E-12 11.3806E-12 26.1390E-12 59.6029E-12 133.132E-12 284.762E-12 569.673E-12 1.05594E-9 1.82449E-9 2.97285E-9
7.94328 4.89422E-12 11.2503E-12 25.8398E-12 58.9207E-12 131.608E-12 281.503E-12 563.152E-12 1.04385E-9 1.80360E-9 2.93882E-9
8.12831 4.83823E-12 11.1216E-12 25.5441E-12 58.2463E-12 130.102E-12 278.280E-12 556.706E-12 1.03190E-9 1.78296E-9 2.90518E-9
8.31764 4.78288E-12 10.9943E-12 25.2517E-12 57.5796E-12 128.613E-12 275.095E-12 550.333E-12 1.02009E-9 1.76255E-9 2.87193E-9
8.51138 4.72817E-12 10.8685E-12 24.9627E-12 56.9205E-12 127.141E-12 271.946E-12 544.034E-12 1.00842E-9 1.74237E-9 2.83905E-9
8.70964 4.67408E-12 10.7441E-12 24.6770E-12 56.2690E-12 125.685E-12 268.833E-12 537.806E-12 996.872E-12 1.72243E-9 2.80655E-9
8.91251 4.62061E-12 10.6212E-12 24.3946E-12 55.6249E-12 124.247E-12 265.756E-12 531.650E-12 985.461E-12 1.70271E-9 2.77443E-9
9.12011 4.56776E-12 10.4997E-12 24.1154E-12 54.9882E-12 122.824E-12 262.714E-12 525.564E-12 974.181E-12 1.68322E-9 2.74267E-9
9.33254 4.51551E-12 10.3795E-12 23.8394E-12 54.3588E-12 121.419E-12 259.707E-12 519.548E-12 963.029E-12 1.66395E-9 2.71128E-9
9.54993 4.46386E-12 10.2607E-12 23.5665E-12 53.7367E-12 120.029E-12 256.734E-12 513.601E-12 952.006E-12 1.64490E-9 2.68024E-9
9.77237 4.41280E-12 10.1433E-12 23.2968E-12 53.1216E-12 118.655E-12 253.795E-12 507.722E-12 941.108E-12 1.62608E-9 2.64956E-9
10.0000 4.36233E-12 10.0273E-12 23.0302E-12 52.5136E-12 117.297E-12 250.890E-12 501.910E-12 930.335E-12 1.60746E-9 2.61923E-9
10.2329 4.31243E-12 9.91253E-12 22.7666E-12 51.9125E-12 115.954E-12 248.018E-12 496.165E-12 919.686E-12 1.58906E-9 2.58925E-9
10.4713 4.26311E-12 9.79910E-12 22.5060E-12 51.3183E-12 114.627E-12 245.179E-12 490.486E-12 909.159E-12 1.57087E-9 2.55961E-9
10.7152 4.21435E-12 9.68698E-12 22.2485E-12 50.7309E-12 113.315E-12 242.373E-12 484.871E-12 898.752E-12 1.55289E-9 2.53031E-9
10.9648 4.16615E-12 9.57614E-12 21.9938E-12 50.1503E-12 112.018E-12 239.598E-12 479.321E-12 888.464E-12 1.53511E-9 2.50135E-9
11.2202 4.11850E-12 9.46656E-12 21.7421E-12 49.5763E-12 110.735E-12 236.856E-12 473.834E-12 878.294E-12 1.51754E-9 2.47271E-9
11.4815 4.07140E-12 9.35825E-12 21.4933E-12 49.0088E-12 109.468E-12 234.145E-12 468.410E-12 868.240E-12 1.50017E-9 2.44441E-9
11.7490 4.02483E-12 9.25117E-12 21.2473E-12 48.4479E-12 108.215E-12 231.464E-12 463.049E-12 858.301E-12 1.48300E-9 2.41643E-9
12.0226 3.97880E-12 9.14532E-12 21.0041E-12 47.8934E-12 106.976E-12 228.815E-12 457.748E-12 848.477E-12 1.46602E-9 2.38877E-9
12.3027 3.93330E-12 9.04068E-12 20.7638E-12 47.3452E-12 105.752E-12 226.196E-12 452.509E-12 838.764E-12 1.44924E-9 2.36142E-9
12.5893 3.88832E-12 8.93724E-12 20.5261E-12 46.8033E-12 104.541E-12 223.607E-12 447.329E-12 829.163E-12 1.43265E-9 2.33439E-9
12.8825 3.84386E-12 8.83499E-12 20.2912E-12 46.2676E-12 103.345E-12 221.047E-12 442.208E-12 819.672E-12 1.41625E-9 2.30767E-9
13.1826 3.79990E-12 8.73390E-12 20.0590E-12 45.7380E-12 102.162E-12 218.517E-12 437.146E-12 810.289E-12 1.40004E-9 2.28125E-9
13.4896 3.75645E-12 8.63397E-12 19.8294E-12 45.2145E-12 100.992E-12 216.016E-12 432.143E-12 801.014E-12 1.38402E-9 2.25514E-9
13.8038 3.71349E-12 8.53519E-12 19.6025E-12 44.6970E-12 99.8365E-12 213.543E-12 427.196E-12 791.845E-12 1.36817E-9 2.22933E-9
14.1254 3.67103E-12 8.43754E-12 19.3782E-12 44.1854E-12 98.6937E-12 211.099E-12 422.306E-12 782.781E-12 1.35251E-9 2.20381E-9
14.4544 3.62906E-12 8.34101E-12 19.1564E-12 43.6797E-12 97.5640E-12 208.682E-12 417.472E-12 773.821E-12 1.33703E-9 2.17858E-9
14.7911 3.58756E-12 8.24558E-12 18.9372E-12 43.1798E-12 96.4473E-12 206.294E-12 412.693E-12 764.963E-12 1.32173E-9 2.15364E-9
15.1356 3.54655E-12 8.15125E-12 18.7205E-12 42.6856E-12 95.3433E-12 203.932E-12 407.969E-12 756.206E-12 1.30660E-9 2.12899E-9
15.4882 3.50600E-12 8.05800E-12 18.5062E-12 42.1970E-12 94.2520E-12 201.598E-12 403.299E-12 747.550E-12 1.29164E-9 2.10462E-9
15.8489 3.46591E-12 7.96581E-12 18.2945E-12 41.7141E-12 93.1732E-12 199.290E-12 398.683E-12 738.993E-12 1.27685E-9 2.08053E-9
16.2181 3.42629E-12 7.87468E-12 18.0851E-12 41.2366E-12 92.1067E-12 197.009E-12 394.119E-12 730.534E-12 1.26224E-9 2.05671E-9
16.5959 3.38712E-12 7.78459E-12 17.8782E-12 40.7647E-12 91.0525E-12 194.754E-12 389.608E-12 722.172E-12 1.24779E-9 2.03317E-9
16.9824 3.34840E-12 7.69554E-12 17.6736E-12 40.2981E-12 90.0103E-12 192.525E-12 385.148E-12 713.905E-12 1.23351E-9 2.00990E-9
17.3780 3.31012E-12 7.60751E-12 17.4713E-12 39.8369E-12 88.9800E-12 190.321E-12 380.740E-12 705.733E-12 1.21939E-9 1.98689E-9
17.7828 3.27228E-12 7.52048E-12 17.2714E-12 39.3809E-12 87.9615E-12 188.143E-12 376.381E-12 697.655E-12 1.20543E-9 1.96415E-9
18.1970 3.23488E-12 7.43445E-12 17.0737E-12 38.9302E-12 86.9547E-12 185.989E-12 372.073E-12 689.669E-12 1.19163E-9 1.94166E-9
18.6209 3.19790E-12 7.34941E-12 16.8784E-12 38.4847E-12 85.9594E-12 183.860E-12 367.814E-12 681.775E-12 1.17799E-9 1.91944E-9
19.0546 3.16135E-12 7.26534E-12 16.6852E-12 38.0442E-12 84.9755E-12 181.755E-12 363.604E-12 673.971E-12 1.16451E-9 1.89747E-9
19.4984 3.12521E-12 7.18223E-12 16.4943E-12 37.6088E-12 84.0029E-12 179.675E-12 359.442E-12 666.256E-12 1.15118E-9 1.87575E-9
19.9526 3.08949E-12 7.10008E-12 16.3056E-12 37.1783E-12 83.0414E-12 177.618E-12 355.327E-12 658.629E-12 1.13800E-9 1.85428E-9
20.4174 3.05418E-12 7.01887E-12 16.1190E-12 36.7528E-12 82.0909E-12 175.585E-12 351.260E-12 651.090E-12 1.12497E-9 1.83305E-9
20.8930 3.01928E-12 6.93858E-12 15.9345E-12 36.3322E-12 81.1513E-12 173.575E-12 347.239E-12 643.637E-12 1.11209E-9 1.81207E-9
21.3796 2.98478E-12 6.85922E-12 15.7522E-12 35.9164E-12 80.2225E-12 171.589E-12 343.265E-12 636.270E-12 1.09936E-9 1.79132E-9
21.8776 2.95067E-12 6.78077E-12 15.5720E-12 35.5053E-12 79.3043E-12 169.625E-12 339.335E-12 628.986E-12 1.08678E-9 1.77082E-9
22.3872 2.91695E-12 6.70321E-12 15.3938E-12 35.0990E-12 78.3966E-12 167.683E-12 335.451E-12 621.787E-12 1.07434E-9 1.75055E-9
22.9087 2.88362E-12 6.62655E-12 15.2176E-12 34.6973E-12 77.4992E-12 165.764E-12 331.611E-12 614.669E-12 1.06204E-9 1.73051E-9
23.4423 2.85067E-12 6.55076E-12 15.0435E-12 34.3002E-12 76.6122E-12 163.866E-12 327.816E-12 607.633E-12 1.04989E-9 1.71070E-9
23.9883 2.81810E-12 6.47584E-12 14.8714E-12 33.9076E-12 75.7353E-12 161.991E-12 324.063E-12 600.678E-12 1.03787E-9 1.69112E-9
24.5471 2.78590E-12 6.40178E-12 14.7012E-12 33.5196E-12 74.8685E-12 160.136E-12 320.354E-12 593.802E-12 1.02599E-9 1.67176E-9
25.1189 2.75407E-12 6.32856E-12 14.5330E-12 33.1360E-12 74.0115E-12 158.303E-12 316.687E-12 587.005E-12 1.01424E-9 1.65263E-9
25.7040 2.72261E-12 6.25619E-12 14.3667E-12 32.7567E-12 73.1644E-12 156.491E-12 313.062E-12 580.286E-12 1.00263E-9 1.63371E-9
26.3027 2.69151E-12 6.18465E-12 14.2024E-12 32.3819E-12 72.3270E-12 154.700E-12 309.478E-12 573.643E-12 991.156E-12 1.61501E-9
26.9153 2.66076E-12 6.11392E-12 14.0399E-12 32.0113E-12 71.4992E-12 152.929E-12 305.936E-12 567.077E-12 979.811E-12 1.59652E-9
27.5423 2.63037E-12 6.04401E-12 13.8792E-12 31.6449E-12 70.6808E-12 151.179E-12 302.434E-12 560.586E-12 968.595E-12 1.57825E-9
28.1838 2.60032E-12 5.97489E-12 13.7204E-12 31.2828E-12 69.8719E-12 149.449E-12 298.972E-12 554.169E-12 957.508E-12 1.56018E-9
28.8403 2.57062E-12 5.90657E-12 13.5634E-12 30.9248E-12 69.0721E-12 147.738E-12 295.550E-12 547.826E-12 946.547E-12 1.54232E-9
29.5121 2.54126E-12 5.83903E-12 13.4083E-12 30.5709E-12 68.2816E-12 146.047E-12 292.167E-12 541.555E-12 935.713E-12 1.52467E-9
30.1995 2.51224E-12 5.77227E-12 13.2549E-12 30.2210E-12 67.5001E-12 144.375E-12 288.823E-12 535.356E-12 925.002E-12 1.50721E-9
30.9030 2.48355E-12 5.70627E-12 13.1032E-12 29.8752E-12 66.7275E-12 142.723E-12 285.517E-12 529.228E-12 914.413E-12 1.48996E-9
31.6228 2.45519E-12 5.64102E-12 12.9533E-12 29.5333E-12 65.9638E-12 141.089E-12 282.248E-12 523.170E-12 903.946E-12 1.47291E-9
32.3594 2.42716E-12 5.57653E-12 12.8051E-12 29.1953E-12 65.2088E-12 139.474E-12 279.018E-12 517.181E-12 893.599E-12 1.45605E-9
33.1131 2.39945E-12 5.51277E-12 12.6586E-12 28.8612E-12 64.4624E-12 137.878E-12 275.824E-12 511.261E-12 883.370E-12 1.43938E-9
33.8844 2.37205E-12 5.44975E-12 12.5138E-12 28.5309E-12 63.7247E-12 136.300E-12 272.667E-12 505.409E-12 873.259E-12 1.42290E-9
34.6737 2.34497E-12 5.38744E-12 12.3707E-12 28.2044E-12 62.9953E-12 134.739E-12 269.546E-12 499.624E-12 863.263E-12 1.40661E-9
35.4813 2.31820E-12 5.32585E-12 12.2291E-12 27.8817E-12 62.2743E-12 133.197E-12 266.460E-12 493.905E-12 853.381E-12 1.39051E-9
36.3078 2.29174E-12 5.26497E-12 12.0892E-12 27.5626E-12 61.5616E-12 131.673E-12 263.410E-12 488.251E-12 843.613E-12 1.37460E-9
37.1535 2.26558E-12 5.20479E-12 11.9509E-12 27.2472E-12 60.8570E-12 130.166E-12 260.395E-12 482.662E-12 833.956E-12 1.35886E-9
38.0189 2.23972E-12 5.14529E-12 11.8142E-12 26.9354E-12 60.1605E-12 128.676E-12 257.415E-12 477.138E-12 824.410E-12 1.34331E-9
38.9045 2.21416E-12 5.08648E-12 11.6791E-12 26.6272E-12 59.4719E-12 127.203E-12 254.468E-12 471.676E-12 814.973E-12 1.32793E-9
39.8107 2.18889E-12 5.02834E-12 11.5455E-12 26.3225E-12 58.7913E-12 125.747E-12 251.555E-12 466.277E-12 805.644E-12 1.31273E-9
40.7380 2.16392E-12 4.97086E-12 11.4134E-12 26.0213E-12 58.1184E-12 124.308E-12 248.676E-12 460.940E-12 796.422E-12 1.29770E-9
41.6869 2.13923E-12 4.91405E-12 11.2829E-12 25.7235E-12 57.4533E-12 122.885E-12 245.830E-12 455.663E-12 787.306E-12 1.28285E-9
42.6580 2.11482E-12 4.85789E-12 11.1538E-12 25.4292E-12 56.7957E-12 121.478E-12 243.016E-12 450.448E-12 778.294E-12 1.26816E-9
43.6516 2.09069E-12 4.80237E-12 11.0262E-12 25.1382E-12 56.1457E-12 120.088E-12 240.234E-12 445.292E-12 769.385E-12 1.25365E-9
44.6684 2.06684E-12 4.74749E-12 10.9001E-12 24.8506E-12 55.5031E-12 118.713E-12 237.484E-12 440.195E-12 760.578E-12 1.23930E-9
45.7088 2.04327E-12 4.69323E-12 10.7755E-12 24.5662E-12 54.8679E-12 117.355E-12 234.766E-12 435.156E-12 751.872E-12 1.22511E-9
46.7735 2.01996E-12 4.63960E-12 10.6522E-12 24.2851E-12 54.2399E-12 116.011E-12 232.079E-12 430.175E-12 743.266E-12 1.21109E-9
47.8630 1.99692E-12 4.58659E-12 10.5304E-12 24.0072E-12 53.6192E-12 114.684E-12 229.422E-12 425.251E-12 734.758E-12 1.19723E-9
48.9779 1.97415E-12 4.53418E-12 10.4099E-12 23.7325E-12 53.0055E-12 113.371E-12 226.796E-12 420.383E-12 726.347E-12 1.18352E-9
50.1187 1.95164E-12 4.48237E-12 10.2909E-12 23.4610E-12 52.3989E-12 112.073E-12 224.200E-12 415.571E-12 718.033E-12 1.16997E-9
51.2861 1.92939E-12 4.43116E-12 10.1732E-12 23.1925E-12 51.7992E-12 110.791E-12 221.634E-12 410.814E-12 709.814E-12 1.15658E-9
52.4807 1.90739E-12 4.38054E-12 10.0568E-12 22.9272E-12 51.2064E-12 109.522E-12 219.097E-12 406.112E-12 701.689E-12 1.14334E-9
53.7032 1.88565E-12 4.33049E-12 9.94183E-12 22.6649E-12 50.6204E-12 108.269E-12 216.589E-12 401.463E-12 693.657E-12 1.13025E-9
54.9541 1.86415E-12 4.28102E-12 9.82814E-12 22.4055E-12 50.0411E-12 107.030E-12 214.110E-12 396.868E-12 685.717E-12 1.11732E-9
56.2341 1.84291E-12 4.23212E-12 9.71575E-12 22.1492E-12 49.4684E-12 105.805E-12 211.660E-12 392.325E-12 677.868E-12 1.10453E-9
57.5440 1.82190E-12 4.18377E-12 9.60465E-12 21.8958E-12 48.9023E-12 104.594E-12 209.237E-12 387.835E-12 670.108E-12 1.09188E-9
58.8844 1.80114E-12 4.13599E-12 9.49482E-12 21.6453E-12 48.3426E-12 103.397E-12 206.842E-12 383.395E-12 662.438E-12 1.07939E-9
60.2560 1.78062E-12 4.08875E-12 9.38625E-12 21.3976E-12 47.7894E-12 102.213E-12 204.474E-12 379.007E-12 654.855E-12 1.06703E-9
61.6595 1.76034E-12 4.04205E-12 9.27892E-12 21.1528E-12 47.2425E-12 101.043E-12 202.134E-12 374.668E-12 647.359E-12 1.05482E-9
63.0957 1.74028E-12 3.99589E-12 9.17282E-12 20.9108E-12 46.7019E-12 99.8868E-12 199.820E-12 370.380E-12 639.949E-12 1.04274E-9
64.5654 1.72046E-12 3.95026E-12 9.06794E-12 20.6716E-12 46.1674E-12 98.7435E-12 197.533E-12 366.140E-12 632.624E-12 1.03081E-9
66.0693 1.70087E-12 3.90515E-12 8.96426E-12 20.4351E-12 45.6391E-12 97.6134E-12 195.272E-12 361.949E-12 625.383E-12 1.01901E-9
67.6083 1.68150E-12 3.86056E-12 8.86177E-12 20.2013E-12 45.1168E-12 96.4962E-12 193.037E-12 357.806E-12 618.224E-12 1.00734E-9
69.1831 1.66235E-12 3.81648E-12 8.76045E-12 19.9702E-12 44.6005E-12 95.3918E-12 190.828E-12 353.711E-12 611.147E-12 995.811E-12
70.7946 1.64343E-12 3.77290E-12 8.66030E-12 19.7417E-12 44.0901E-12 94.3000E-12 188.643E-12 349.662E-12 604.152E-12 984.413E-12
72.4436 1.62472E-12 3.72983E-12 8.56129E-12 19.5159E-12 43.5856E-12 93.2207E-12 186.484E-12 345.660E-12 597.236E-12 973.144E-12
74.1310 1.60623E-12 3.68725E-12 8.46342E-12 19.2926E-12 43.0868E-12 92.1538E-12 184.350E-12 341.703E-12 590.400E-12 962.005E-12
75.8578 1.58795E-12 3.64516E-12 8.36667E-12 19.0719E-12 42.5937E-12 91.0991E-12 182.240E-12 337.792E-12 583.642E-12 950.993E-12
77.6247 1.56988E-12 3.60355E-12 8.27102E-12 18.8537E-12 42.1063E-12 90.0564E-12 180.154E-12 333.925E-12 576.961E-12 940.108E-12
79.4328 1.55202E-12 3.56242E-12 8.17648E-12 18.6381E-12 41.6245E-12 89.0257E-12 178.092E-12 330.103E-12 570.357E-12 929.346E-12
81.2831 1.53436E-12 3.52177E-12 8.08302E-12 18.4249E-12 41.1482E-12 88.0069E-12 176.053E-12 326.325E-12 563.829E-12 918.709E-12
83.1764 1.51691E-12 3.48158E-12 7.99062E-12 18.2141E-12 40.6773E-12 86.9996E-12 174.038E-12 322.590E-12 557.375E-12 908.192E-12
85.1138 1.49966E-12 3.44185E-12 7.89929E-12 18.0058E-12 40.2119E-12 86.0039E-12 172.046E-12 318.897E-12 550.995E-12 897.797E-12
87.0964 1.48261E-12 3.40257E-12 7.80901E-12 17.7998E-12 39.7517E-12 85.0196E-12 170.077E-12 315.247E-12 544.688E-12 887.520E-12
89.1251 1.46575E-12 3.36375E-12 7.71976E-12 17.5962E-12 39.2969E-12 84.0466E-12 168.130E-12 311.638E-12 538.453E-12 877.361E-12
91.2011 1.44909E-12 3.32538E-12 7.63153E-12 17.3949E-12 38.8472E-12 83.0847E-12 166.206E-12 308.071E-12 532.290E-12 867.318E-12
93.3254 1.43262E-12 3.28744E-12 7.54432E-12 17.1960E-12 38.4027E-12 82.1338E-12 164.304E-12 304.545E-12 526.197E-12 857.390E-12
95.4993 1.41634E-12 3.24994E-12 7.45810E-12 16.9993E-12 37.9633E-12 81.1938E-12 162.423E-12 301.059E-12 520.174E-12 847.576E-12
97.7237 1.40025E-12 3.21287E-12 7.37288E-12 16.8049E-12 37.5289E-12 80.2646E-12 160.564E-12 297.613E-12 514.220E-12 837.874E-12
100.000 1.38434E-12 3.17623E-12 7.28863E-12 16.6127E-12 37.0995E-12 79.3460E-12 158.726E-12 294.207E-12 508.334E-12 828.283E-12
102.329 1.36862E-12 3.14001E-12 7.20535E-12 16.4227E-12 36.6750E-12 78.4380E-12 156.910E-12 290.839E-12 502.515E-12 818.802E-12
104.713 1.35308E-12 3.10420E-12 7.12302E-12 16.2348E-12 36.2554E-12 77.5403E-12 155.114E-12 287.510E-12 496.763E-12 809.430E-12
107.152 1.33772E-12 3.06881E-12 7.04164E-12 16.0492E-12 35.8405E-12 76.6529E-12 153.338E-12 284.219E-12 491.077E-12 800.164E-12
109.648 1.32253E-12 3.03382E-12 6.96119E-12 15.8656E-12 35.4305E-12 75.7756E-12 151.583E-12 280.966E-12 485.456E-12 791.005E-12
112.202 1.30753E-12 2.99924E-12 6.88166E-12 15.6842E-12 35.0251E-12 74.9085E-12 149.848E-12 277.750E-12 479.899E-12 781.951E-12
114.815 1.29269E-12 2.96505E-12 6.80304E-12 15.5048E-12 34.6243E-12 74.0512E-12 148.133E-12 274.571E-12 474.406E-12 773.000E-12
117.490 1.27803E-12 2.93126E-12 6.72533E-12 15.3275E-12 34.2282E-12 73.2037E-12 146.438E-12 271.428E-12 468.976E-12 764.152E-12
120.226 1.26353E-12 2.89785E-12 6.64851E-12 15.1522E-12 33.8366E-12 72.3660E-12 144.762E-12 268.322E-12 463.608E-12 755.405E-12
123.027 1.24920E-12 2.86483E-12 6.57257E-12 14.9790E-12 33.4494E-12 71.5379E-12 143.105E-12 265.250E-12 458.301E-12 746.759E-12
125.893 1.23504E-12 2.83219E-12 6.49750E-12 14.8077E-12 33.0667E-12 70.7192E-12 141.467E-12 262.214E-12 453.055E-12 738.211E-12
128.825 1.22104E-12 2.79992E-12 6.42329E-12 14.6384E-12 32.6884E-12 69.9099E-12 139.848E-12 259.213E-12 447.869E-12 729.761E-12
131.826 1.20721E-12 2.76802E-12 6.34993E-12 14.4710E-12 32.3145E-12 69.1099E-12 138.247E-12 256.246E-12 442.743E-12 721.408E-12
134.896 1.19353E-12 2.73649E-12 6.27742E-12 14.3055E-12 31.9448E-12 68.3190E-12 136.665E-12 253.313E-12 437.675E-12 713.150E-12
138.038 1.18001E-12 2.70533E-12 6.20573E-12 14.1420E-12 31.5793E-12 67.5372E-12 135.101E-12 250.414E-12 432.665E-12 704.987E-12
141.254 1.16665E-12 2.67452E-12 6.13487E-12 13.9803E-12 31.2180E-12 66.7643E-12 133.555E-12 247.548E-12 427.713E-12 696.917E-12
144.544 1.15344E-12 2.64407E-12 6.06483E-12 13.8205E-12 30.8609E-12 66.0003E-12 132.026E-12 244.714E-12 422.817E-12 688.940E-12
147.911 1.14039E-12 2.61396E-12 5.99558E-12 13.6624E-12 30.5079E-12 65.2450E-12 130.515E-12 241.913E-12 417.978E-12 681.054E-12
151.356 1.12748E-12 2.58421E-12 5.92713E-12 13.5063E-12 30.1588E-12 64.4984E-12 129.021E-12 239.144E-12 413.193E-12 673.258E-12
154.882 1.11473E-12 2.55479E-12 5.85947E-12 13.3519E-12 29.8138E-12 63.7603E-12 127.545E-12 236.407E-12 408.464E-12 665.552E-12
158.489 1.10212E-12 2.52572E-12 5.79258E-12 13.1992E-12 29.4728E-12 63.0307E-12 126.085E-12 233.701E-12 403.789E-12 657.934E-12
162.181 1.08966E-12 2.49698E-12 5.72646E-12 13.0483E-12 29.1356E-12 62.3095E-12 124.642E-12 231.026E-12 399.167E-12 650.403E-12
165.959 1.07735E-12 2.46857E-12 5.66111E-12 12.8992E-12 28.8024E-12 61.5965E-12 123.216E-12 228.382E-12 394.598E-12 642.958E-12
169.824 1.06517E-12 2.44049E-12 5.59650E-12 12.7517E-12 28.4729E-12 60.8916E-12 121.805E-12 225.768E-12 390.081E-12 635.599E-12
173.780 1.05314E-12 2.41273E-12 5.53263E-12 12.6060E-12 28.1472E-12 60.1949E-12 120.411E-12 223.184E-12 385.616E-12 628.323E-12
177.828 1.04125E-12 2.38529E-12 5.46949E-12 12.4619E-12 27.8252E-12 59.5061E-12 119.033E-12 220.630E-12 381.202E-12 621.131E-12
181.970 1.02950E-12 2.35817E-12 5.40708E-12 12.3195E-12 27.5070E-12 58.8252E-12 117.671E-12 218.104E-12 376.839E-12 614.022E-12
186.209 1.01788E-12 2.33136E-12 5.34539E-12 12.1787E-12 27.1923E-12 58.1521E-12 116.324E-12 215.608E-12 372.526E-12 606.993E-12
190.546 1.00640E-12 2.30486E-12 5.28441E-12 12.0395E-12 26.8813E-12 57.4867E-12 114.993E-12 213.140E-12 368.262E-12 600.045E-12
194.984 995.046E-15 2.27866E-12 5.22412E-12 11.9019E-12 26.5739E-12 56.8289E-12 113.677E-12 210.701E-12 364.047E-12 593.177E-12
199.526 983.828E-15 2.25277E-12 5.16453E-12 11.7659E-12 26.2699E-12 56.1787E-12 112.376E-12 208.289E-12 359.880E-12 586.387E-12
204.174 972.741E-15 2.22717E-12 5.10563E-12 11.6314E-12 25.9695E-12 55.5359E-12 111.090E-12 205.905E-12 355.761E-12 579.675E-12
208.930 961.782E-15 2.20187E-12 5.04740E-12 11.4985E-12 25.6724E-12 54.9004E-12 109.819E-12 203.549E-12 351.689E-12 573.040E-12
213.796 950.951E-15 2.17686E-12 4.98984E-12 11.3671E-12 25.3788E-12 54.2723E-12 108.562E-12 201.219E-12 347.663E-12 566.481E-12
218.776 940.246E-15 2.15214E-12 4.93294E-12 11.2373E-12 25.0886E-12 53.6513E-12 107.319E-12 198.916E-12 343.684E-12 559.997E-12
223.872 929.666E-15 2.12771E-12 4.87669E-12 11.1089E-12 24.8017E-12 53.0375E-12 106.091E-12 196.639E-12 339.750E-12 553.587E-12
229.087 919.209E-15 2.10356E-12 4.82109E-12 10.9820E-12 24.5180E-12 52.4306E-12 104.877E-12 194.389E-12 335.862E-12 547.251E-12
234.423 908.874E-15 2.07968E-12 4.76613E-12 10.8565E-12 24.2377E-12 51.8308E-12 103.677E-12 192.164E-12 332.017E-12 540.987E-12
239.883 898.659E-15 2.05609E-12 4.71180E-12 10.7325E-12 23.9605E-12 51.2378E-12 102.491E-12 189.965E-12 328.217E-12 534.795E-12
245.471 888.563E-15 2.03276E-12 4.65810E-12 10.6099E-12 23.6865E-12 50.6516E-12 101.318E-12 187.791E-12 324.460E-12 528.673E-12
251.189 878.585E-15 2.00971E-12 4.60501E-12 10.4887E-12 23.4156E-12 50.0721E-12 100.158E-12 185.641E-12 320.747E-12 522.622E-12
257.040 868.723E-15 1.98692E-12 4.55253E-12 10.3689E-12 23.1479E-12 49.4992E-12 99.0121E-12 183.517E-12 317.076E-12 516.640E-12
263.027 858.976E-15 1.96439E-12 4.50066E-12 10.2504E-12 22.8832E-12 48.9329E-12 97.8791E-12 181.416E-12 313.446E-12 510.726E-12
269.153 849.344E-15 1.94212E-12 4.44939E-12 10.1334E-12 22.6215E-12 48.3731E-12 96.7590E-12 179.340E-12 309.859E-12 504.881E-12
275.423 839.823E-15 1.92012E-12 4.39870E-12 10.0177E-12 22.3629E-12 47.8197E-12 95.6517E-12 177.288E-12 306.312E-12 499.102E-12
281.838 830.414E-15 1.89836E-12 4.34860E-12 9.90325E-12 22.1072E-12 47.2726E-12 94.5572E-12 175.259E-12 302.806E-12 493.389E-12
288.403 821.115E-15 1.87686E-12 4.29907E-12 9.79017E-12 21.8544E-12 46.7318E-12 93.4751E-12 173.253E-12 299.341E-12 487.742E-12
295.121 811.925E-15 1.85561E-12 4.25011E-12 9.67838E-12 21.6046E-12 46.1972E-12 92.4055E-12 171.270E-12 295.914E-12 482.159E-12
301.995 802.843E-15 1.83460E-12 4.20172E-12 9.56787E-12 21.3576E-12 45.6687E-12 91.3481E-12 169.310E-12 292.528E-12 476.640E-12
309.030 793.866E-15 1.81383E-12 4.15388E-12 9.45863E-12 21.1134E-12 45.1463E-12 90.3028E-12 167.372E-12 289.179E-12 471.185E-12
316.228 784.995E-15 1.79331E-12 4.10659E-12 9.35065E-12 20.8721E-12 44.6299E-12 89.2695E-12 165.457E-12 285.870E-12 465.791E-12
323.594 776.228E-15 1.77302E-12 4.05985E-12 9.24391E-12 20.6335E-12 44.1193E-12 88.2480E-12 163.563E-12 282.598E-12 460.460E-12
331.131 767.564E-15 1.75297E-12 4.01365E-12 9.13839E-12 20.3976E-12 43.6147E-12 87.2382E-12 161.691E-12 279.363E-12 455.190E-12
338.844 759.001E-15 1.73315E-12 3.96798E-12 9.03408E-12 20.1644E-12 43.1158E-12 86.2400E-12 159.841E-12 276.166E-12 449.980E-12
346.737 750.539E-15 1.71356E-12 3.92283E-12 8.93097E-12 19.9339E-12 42.6226E-12 85.2532E-12 158.011E-12 273.005E-12 444.829E-12
354.813 742.177E-15 1.69420E-12 3.87820E-12 8.82904E-12 19.7061E-12 42.1351E-12 84.2777E-12 156.203E-12 269.881E-12 439.738E-12
363.078 733.912E-15 1.67506E-12 3.83409E-12 8.72829E-12 19.4809E-12 41.6531E-12 83.3134E-12 154.416E-12 266.792E-12 434.705E-12
371.535 725.745E-15 1.65615E-12 3.79049E-12 8.62869E-12 19.2582E-12 41.1767E-12 82.3601E-12 152.648E-12 263.738E-12 429.729E-12
380.189 717.674E-15 1.63745E-12 3.74739E-12 8.53023E-12 19.0381E-12 40.7057E-12 81.4178E-12 150.901E-12 260.720E-12 424.810E-12
389.045 709.698E-15 1.61897E-12 3.70478E-12 8.43291E-12 18.8205E-12 40.2401E-12 80.4862E-12 149.175E-12 257.736E-12 419.948E-12
398.107 701.816E-15 1.60071E-12 3.66267E-12 8.33670E-12 18.6054E-12 39.7799E-12 79.5653E-12 147.467E-12 254.786E-12 415.142E-12
407.380 694.027E-15 1.58265E-12 3.62104E-12 8.24160E-12 18.3928E-12 39.3249E-12 78.6549E-12 145.780E-12 251.870E-12 410.390E-12
416.869 686.330E-15 1.56481E-12 3.57989E-12 8.14759E-12 18.1826E-12 38.8752E-12 77.7550E-12 144.112E-12 248.987E-12 405.693E-12
426.580 678.724E-15 1.54718E-12 3.53922E-12 8.05466E-12 17.9749E-12 38.4306E-12 76.8654E-12 142.462E-12 246.138E-12 401.049E-12
436.516 671.207E-15 1.52975E-12 3.49901E-12 7.96279E-12 17.7695E-12 37.9911E-12 75.9860E-12 140.832E-12 243.321E-12 396.459E-12
446.684 663.780E-15 1.51252E-12 3.45927E-12 7.87199E-12 17.5665E-12 37.5566E-12 75.1166E-12 139.220E-12 240.536E-12 391.921E-12
457.088 656.440E-15 1.49549E-12 3.41999E-12 7.78222E-12 17.3658E-12 37.1271E-12 74.2572E-12 137.627E-12 237.783E-12 387.436E-12
467.735 649.187E-15 1.47866E-12 3.38116E-12 7.69349E-12 17.1674E-12 36.7025E-12 73.4076E-12 136.052E-12 235.062E-12 383.001E-12
478.630 642.021E-15 1.46203E-12 3.34278E-12 7.60578E-12 16.9712E-12 36.2828E-12 72.5678E-12 134.495E-12 232.371E-12 378.618E-12
489.779 634.939E-15 1.44559E-12 3.30484E-12 7.51907E-12 16.7774E-12 35.8679E-12 71.7376E-12 132.956E-12 229.712E-12 374.284E-12
501.187 627.941E-15 1.42934E-12 3.26734E-12 7.43337E-12 16.5857E-12 35.4578E-12 70.9169E-12 131.435E-12 227.083E-12 370.000E-12
512.861 621.026E-15 1.41328E-12 3.23027E-12 7.34864E-12 16.3962E-12 35.0523E-12 70.1056E-12 129.931E-12 224.484E-12 365.766E-12
524.807 614.194E-15 1.39741E-12 3.19363E-12 7.26490E-12 16.2090E-12 34.6515E-12 69.3036E-12 128.444E-12 221.915E-12 361.579E-12
537.032 607.443E-15 1.38172E-12 3.15742E-12 7.18211E-12 16.0238E-12 34.2553E-12 68.5107E-12 126.974E-12 219.375E-12 357.441E-12
549.541 600.772E-15 1.36622E-12 3.12162E-12 7.10028E-12 15.8408E-12 33.8637E-12 67.7270E-12 125.521E-12 216.865E-12 353.350E-12
562.341 594.181E-15 1.35090E-12 3.08624E-12 7.01939E-12 15.6599E-12 33.4765E-12 66.9522E-12 124.085E-12 214.383E-12 349.306E-12
575.440 587.668E-15 1.33576E-12 3.05126E-12 6.93942E-12 15.4811E-12 33.0938E-12 66.1863E-12 122.665E-12 211.929E-12 345.308E-12
588.844 581.233E-15 1.32079E-12 3.01669E-12 6.86038E-12 15.3043E-12 32.7154E-12 65.4292E-12 121.262E-12 209.504E-12 341.356E-12
602.560 574.875E-15 1.30600E-12 2.98252E-12 6.78225E-12 15.1296E-12 32.3414E-12 64.6807E-12 119.874E-12 207.107E-12 337.449E-12
616.595 568.593E-15 1.29138E-12 2.94875E-12 6.70502E-12 14.9568E-12 31.9717E-12 63.9409E-12 118.503E-12 204.736E-12 333.587E-12
630.957 562.386E-15 1.27693E-12 2.91536E-12 6.62867E-12 14.7860E-12 31.6062E-12 63.2095E-12 117.147E-12 202.393E-12 329.769E-12
645.654 556.254E-15 1.26265E-12 2.88237E-12 6.55320E-12 14.6172E-12 31.2449E-12 62.4864E-12 115.806E-12 200.077E-12 325.995E-12
660.693 550.195E-15 1.24854E-12 2.84975E-12 6.47861E-12 14.4504E-12 30.8877E-12 61.7717E-12 114.481E-12 197.788E-12 322.264E-12
676.083 544.209E-15 1.23460E-12 2.81751E-12 6.40487E-12 14.2854E-12 30.5346E-12 61.0652E-12 113.171E-12 195.524E-12 318.575E-12
691.831 538.295E-15 1.22082E-12 2.78565E-12 6.33198E-12 14.1224E-12 30.1856E-12 60.3667E-12 111.876E-12 193.287E-12 314.929E-12
707.946 532.452E-15 1.20720E-12 2.75415E-12 6.25993E-12 13.9612E-12 29.8406E-12 59.6762E-12 110.596E-12 191.075E-12 311.325E-12
724.436 526.679E-15 1.19374E-12 2.72302E-12 6.18870E-12 13.8018E-12 29.4995E-12 58.9937E-12 109.331E-12 188.888E-12 307.762E-12
741.310 520.976E-15 1.18044E-12 2.69225E-12 6.11830E-12 13.6443E-12 29.1624E-12 58.3190E-12 108.080E-12 186.727E-12 304.240E-12
758.578 515.342E-15 1.16729E-12 2.66184E-12 6.04871E-12 13.4886E-12 28.8291E-12 57.6520E-12 106.844E-12 184.590E-12 300.758E-12
776.247 509.776E-15 1.15430E-12 2.63178E-12 5.97993E-12 13.3347E-12 28.4996E-12 56.9926E-12 105.621E-12 182.477E-12 297.316E-12
794.328 504.277E-15 1.14146E-12 2.60207E-12 5.91193E-12 13.1826E-12 28.1739E-12 56.3408E-12 104.413E-12 180.389E-12 293.913E-12
812.831 498.845E-15 1.12877E-12 2.57270E-12 5.84472E-12 13.0322E-12 27.8520E-12 55.6965E-12 103.218E-12 178.325E-12 290.550E-12
831.764 493.479E-15 1.11624E-12 2.54368E-12 5.77828E-12 12.8835E-12 27.5337E-12 55.0595E-12 102.037E-12 176.285E-12 287.224E-12
851.138 488.178E-15 1.10385E-12 2.51499E-12 5.71261E-12 12.7366E-12 27.2191E-12 54.4299E-12 100.870E-12 174.267E-12 283.937E-12
870.964 482.942E-15 1.09160E-12 2.48663E-12 5.64769E-12 12.5913E-12 26.9081E-12 53.8074E-12 99.7160E-12 172.273E-12 280.688E-12
891.251 477.769E-15 1.07950E-12 2.45861E-12 5.58353E-12 12.4477E-12 26.6007E-12 53.1921E-12 98.5752E-12 170.302E-12 277.476E-12
912.011 472.659E-15 1.06755E-12 2.43091E-12 5.52010E-12 12.3057E-12 26.2968E-12 52.5839E-12 97.4475E-12 168.353E-12 274.300E-12
933.254 467.611E-15 1.05573E-12 2.40353E-12 5.45741E-12 12.1654E-12 25.9963E-12 51.9826E-12 96.3327E-12 166.427E-12 271.161E-12
954.993 462.626E-15 1.04406E-12 2.37647E-12 5.39544E-12 12.0267E-12 25.6994E-12 51.3882E-12 95.2307E-12 164.522E-12 268.058E-12
977.237 457.701E-15 1.03252E-12 2.34973E-12 5.33418E-12 11.8896E-12 25.4058E-12 50.8006E-12 94.1413E-12 162.640E-12 264.990E-12
1.00000E3 452.837E-15 1.02112E-12 2.32329E-12 5.27363E-12 11.7541E-12 25.1156E-12 50.2198E-12 93.0644E-12 160.779E-12 261.958E-12
1.02329E3 448.032E-15 1.00986E-12 2.29717E-12 5.21378E-12 11.6201E-12 24.8287E-12 49.6456E-12 91.9998E-12 158.939E-12 258.960E-12
1.04713E3 443.287E-15 998.726E-15 2.27135E-12 5.15462E-12 11.4876E-12 24.5451E-12 49.0780E-12 90.9474E-12 157.121E-12 255.996E-12
1.07152E3 438.599E-15 987.727E-15 2.24583E-12 5.09615E-12 11.3567E-12 24.2648E-12 48.5169E-12 89.9071E-12 155.323E-12 253.067E-12
1.09648E3 433.970E-15 976.859E-15 2.22061E-12 5.03835E-12 11.2273E-12 23.9877E-12 47.9622E-12 88.8787E-12 153.546E-12 250.171E-12
1.12202E3 429.398E-15 966.120E-15 2.19568E-12 4.98122E-12 11.0994E-12 23.7137E-12 47.4139E-12 87.8620E-12 151.789E-12 247.308E-12
1.14815E3 424.882E-15 955.509E-15 2.17104E-12 4.92474E-12 10.9729E-12 23.4429E-12 46.8718E-12 86.8570E-12 150.052E-12 244.478E-12
1.17490E3 420.422E-15 945.025E-15 2.14669E-12 4.86892E-12 10.8479E-12 23.1752E-12 46.3360E-12 85.8636E-12 148.335E-12 241.680E-12
1.20226E3 416.018E-15 934.665E-15 2.12263E-12 4.81375E-12 10.7244E-12 22.9106E-12 45.8063E-12 84.8815E-12 146.638E-12 238.915E-12
1.23027E3 411.668E-15 924.429E-15 2.09884E-12 4.75921E-12 10.6022E-12 22.6490E-12 45.2827E-12 83.9106E-12 144.961E-12 236.181E-12
1.25893E3 407.373E-15 914.315E-15 2.07534E-12 4.70531E-12 10.4815E-12 22.3905E-12 44.7651E-12 82.9509E-12 143.302E-12 233.478E-12
1.28825E3 403.131E-15 904.323E-15 2.05211E-12 4.65203E-12 10.3622E-12 22.1349E-12 44.2534E-12 82.0022E-12 141.663E-12 230.806E-12
1.31826E3 398.942E-15 894.450E-15 2.02915E-12 4.59936E-12 10.2442E-12 21.8822E-12 43.7476E-12 81.0643E-12 140.042E-12 228.165E-12
1.34896E3 394.805E-15 884.695E-15 2.00646E-12 4.54731E-12 10.1276E-12 21.6324E-12 43.2476E-12 80.1372E-12 138.440E-12 225.554E-12
1.38038E3 390.721E-15 875.057E-15 1.98403E-12 4.49585E-12 10.0123E-12 21.3855E-12 42.7534E-12 79.2207E-12 136.856E-12 222.973E-12
1.41254E3 386.687E-15 865.535E-15 1.96187E-12 4.44500E-12 9.89835E-12 21.1414E-12 42.2648E-12 78.3147E-12 135.290E-12 220.422E-12
1.44544E3 382.705E-15 856.128E-15 1.93997E-12 4.39473E-12 9.78572E-12 20.9002E-12 41.7817E-12 77.4191E-12 133.742E-12 217.900E-12
1.47911E3 378.772E-15 846.833E-15 1.91833E-12 4.34504E-12 9.67438E-12 20.6617E-12 41.3043E-12 76.5338E-12 132.212E-12 215.407E-12
1.51356E3 374.889E-15 837.651E-15 1.89694E-12 4.29593E-12 9.56433E-12 20.4259E-12 40.8323E-12 75.6586E-12 130.700E-12 212.942E-12
1.54882E3 371.056E-15 828.579E-15 1.87580E-12 4.24739E-12 9.45554E-12 20.1928E-12 40.3657E-12 74.7934E-12 129.205E-12 210.505E-12
1.58489E3 367.271E-15 819.616E-15 1.85491E-12 4.19941E-12 9.34801E-12 19.9625E-12 39.9045E-12 73.9381E-12 127.727E-12 208.097E-12
1.62181E3 363.534E-15 810.763E-15 1.83426E-12 4.15199E-12 9.24172E-12 19.7347E-12 39.4485E-12 73.0927E-12 126.266E-12 205.716E-12
1.65959E3 359.844E-15 802.016E-15 1.81386E-12 4.10512E-12 9.13665E-12 19.5096E-12 38.9978E-12 72.2569E-12 124.821E-12 203.362E-12
1.69824E3 356.202E-15 793.375E-15 1.79370E-12 4.05880E-12 9.03279E-12 19.2871E-12 38.5523E-12 71.4307E-12 123.393E-12 201.035E-12
1.73780E3 352.606E-15 784.839E-15 1.77377E-12 4.01301E-12 8.93013E-12 19.0671E-12 38.1118E-12 70.6140E-12 121.982E-12 198.735E-12
1.77828E3 349.056E-15 776.406E-15 1.75408E-12 3.96775E-12 8.82866E-12 18.8497E-12 37.6765E-12 69.8066E-12 120.587E-12 196.461E-12
1.81970E3 345.552E-15 768.076E-15 1.73463E-12 3.92302E-12 8.72835E-12 18.6347E-12 37.2461E-12 69.0085E-12 119.207E-12 194.213E-12
1.86209E3 342.093E-15 759.847E-15 1.71540E-12 3.87881E-12 8.62920E-12 18.4223E-12 36.8206E-12 68.2195E-12 117.844E-12 191.991E-12
1.90546E3 338.679E-15 751.719E-15 1.69640E-12 3.83511E-12 8.53120E-12 18.2122E-12 36.4000E-12 67.4396E-12 116.496E-12 189.795E-12
1.94984E3 335.309E-15 743.690E-15 1.67762E-12 3.79192E-12 8.43432E-12 18.0046E-12 35.9843E-12 66.6686E-12 115.163E-12 187.623E-12
1.99526E3 331.982E-15 735.759E-15 1.65907E-12 3.74923E-12 8.33856E-12 17.7994E-12 35.5733E-12 65.9065E-12 113.846E-12 185.477E-12
2.04174E3 328.698E-15 727.925E-15 1.64074E-12 3.70704E-12 8.24391E-12 17.5965E-12 35.1671E-12 65.1530E-12 112.544E-12 183.355E-12
2.08930E3 325.458E-15 720.187E-15 1.62262E-12 3.66534E-12 8.15035E-12 17.3959E-12 34.7655E-12 64.4083E-12 111.257E-12 181.257E-12
2.13796E3 322.259E-15 712.544E-15 1.60472E-12 3.62413E-12 8.05787E-12 17.1977E-12 34.3685E-12 63.6720E-12 109.984E-12 179.183E-12
2.18776E3 319.103E-15 704.995E-15 1.58703E-12 3.58340E-12 7.96646E-12 17.0017E-12 33.9760E-12 62.9442E-12 108.727E-12 177.133E-12
2.23872E3 315.988E-15 697.539E-15 1.56955E-12 3.54314E-12 7.87611E-12 16.8080E-12 33.5881E-12 62.2248E-12 107.483E-12 175.107E-12
2.29087E3 312.913E-15 690.175E-15 1.55228E-12 3.50335E-12 7.78680E-12 16.6166E-12 33.2046E-12 61.5136E-12 106.254E-12 173.104E-12
2.34423E3 309.880E-15 682.901E-15 1.53521E-12 3.46403E-12 7.69852E-12 16.4273E-12 32.8255E-12 60.8105E-12 105.039E-12 171.123E-12
2.39883E3 306.886E-15 675.718E-15 1.51835E-12 3.42516E-12 7.61126E-12 16.2402E-12 32.4508E-12 60.1155E-12 103.838E-12 169.166E-12
2.45471E3 303.932E-15 668.624E-15 1.50169E-12 3.38675E-12 7.52501E-12 16.0552E-12 32.0804E-12 59.4285E-12 102.650E-12 167.231E-12
2.51189E3 301.017E-15 661.617E-15 1.48522E-12 3.34879E-12 7.43975E-12 15.8724E-12 31.7142E-12 58.7493E-12 101.476E-12 165.318E-12
2.57040E3 298.141E-15 654.698E-15 1.46896E-12 3.31127E-12 7.35549E-12 15.6917E-12 31.3522E-12 58.0780E-12 100.316E-12 163.426E-12
2.63027E3 295.304E-15 647.864E-15 1.45288E-12 3.27419E-12 7.27220E-12 15.5131E-12 30.9944E-12 57.4143E-12 99.1688E-12 161.557E-12
2.69153E3 292.504E-15 641.116E-15 1.43700E-12 3.23754E-12 7.18987E-12 15.3365E-12 30.6407E-12 56.7583E-12 98.0349E-12 159.709E-12
2.75423E3 289.742E-15 634.453E-15 1.42131E-12 3.20132E-12 7.10849E-12 15.1620E-12 30.2911E-12 56.1097E-12 96.9139E-12 157.882E-12
2.81838E3 287.018E-15 627.872E-15 1.40581E-12 3.16553E-12 7.02806E-12 14.9894E-12 29.9454E-12 55.4686E-12 95.8058E-12 156.076E-12
2.88403E3 284.330E-15 621.374E-15 1.39049E-12 3.13016E-12 6.94856E-12 14.8189E-12 29.6038E-12 54.8349E-12 94.7104E-12 154.291E-12
2.95121E3 281.678E-15 614.958E-15 1.37536E-12 3.09520E-12 6.86998E-12 14.6503E-12 29.2660E-12 54.2084E-12 93.6276E-12 152.526E-12
3.01995E3 279.062E-15 608.622E-15 1.36041E-12 3.06065E-12 6.79231E-12 14.4837E-12 28.9322E-12 53.5891E-12 92.5572E-12 150.782E-12
3.09030E3 276.483E-15 602.366E-15 1.34564E-12 3.02650E-12 6.71554E-12 14.3189E-12 28.6022E-12 52.9769E-12 91.4990E-12 149.057E-12
3.16228E3 273.938E-15 596.189E-15 1.33105E-12 2.99276E-12 6.63966E-12 14.1561E-12 28.2759E-12 52.3718E-12 90.4530E-12 147.352E-12
3.23594E3 271.428E-15 590.090E-15 1.31663E-12 2.95941E-12 6.56466E-12 13.9952E-12 27.9534E-12 51.7736E-12 89.4189E-12 145.667E-12
3.31131E3 268.953E-15 584.069E-15 1.30239E-12 2.92646E-12 6.49053E-12 13.8361E-12 27.6347E-12 51.1822E-12 88.3967E-12 144.001E-12
3.38844E3 266.512E-15 578.124E-15 1.28832E-12 2.89389E-12 6.41726E-12 13.6788E-12 27.3195E-12 50.5976E-12 87.3862E-12 142.354E-12
3.46737E3 264.104E-15 572.255E-15 1.27442E-12 2.86171E-12 6.34484E-12 13.5234E-12 27.0080E-12 50.0198E-12 86.3873E-12 140.726E-12
3.54813E3 261.730E-15 566.460E-15 1.26068E-12 2.82990E-12 6.27326E-12 13.3697E-12 26.7001E-12 49.4485E-12 85.3999E-12 139.117E-12
3.63078E3 259.390E-15 560.740E-15 1.24712E-12 2.79847E-12 6.20251E-12 13.2178E-12 26.3958E-12 48.8838E-12 84.4238E-12 137.526E-12
3.71535E3 257.081E-15 555.093E-15 1.23372E-12 2.76741E-12 6.13258E-12 13.0677E-12 26.0949E-12 48.3256E-12 83.4588E-12 135.953E-12
3.80189E3 254.806E-15 549.518E-15 1.22048E-12 2.73672E-12 6.06347E-12 12.9193E-12 25.7975E-12 47.7738E-12 82.5049E-12 134.398E-12
3.89045E3 252.562E-15 544.015E-15 1.20740E-12 2.70639E-12 5.99516E-12 12.7726E-12 25.5035E-12 47.2284E-12 81.5620E-12 132.861E-12
3.98107E3 250.349E-15 538.583E-15 1.19448E-12 2.67642E-12 5.92765E-12 12.6276E-12 25.2128E-12 46.6892E-12 80.6299E-12 131.342E-12
4.07380E3 248.168E-15 533.221E-15 1.18172E-12 2.64680E-12 5.86092E-12 12.4843E-12 24.9256E-12 46.1561E-12 79.7084E-12 129.840E-12
4.16869E3 246.019E-15 527.929E-15 1.16912E-12 2.61753E-12 5.79497E-12 12.3426E-12 24.6416E-12 45.6292E-12 78.7976E-12 128.356E-12
4.26580E3 243.899E-15 522.705E-15 1.15667E-12 2.58861E-12 5.72978E-12 12.2026E-12 24.3609E-12 45.1084E-12 77.8971E-12 126.888E-12
4.36516E3 241.810E-15 517.549E-15 1.14437E-12 2.56003E-12 5.66535E-12 12.0642E-12 24.0834E-12 44.5935E-12 77.0070E-12 125.437E-12
4.46684E3 239.751E-15 512.461E-15 1.13222E-12 2.53179E-12 5.60168E-12 11.9274E-12 23.8091E-12 44.0846E-12 76.1271E-12 124.003E-12
4.57088E3 237.722E-15 507.439E-15 1.12023E-12 2.50389E-12 5.53875E-12 11.7922E-12 23.5380E-12 43.5814E-12 75.2573E-12 122.585E-12
4.67735E3 235.722E-15 502.483E-15 1.10838E-12 2.47631E-12 5.47655E-12 11.6585E-12 23.2700E-12 43.0841E-12 74.3975E-12 121.184E-12
4.78630E3 233.750E-15 497.592E-15 1.09667E-12 2.44907E-12 5.41507E-12 11.5264E-12 23.0050E-12 42.5925E-12 73.5475E-12 119.798E-12
4.89779E3 231.808E-15 492.766E-15 1.08511E-12 2.42215E-12 5.35432E-12 11.3958E-12 22.7432E-12 42.1065E-12 72.7073E-12 118.429E-12
5.01187E3 229.894E-15 488.003E-15 1.07370E-12 2.39555E-12 5.29427E-12 11.2667E-12 22.4843E-12 41.6261E-12 71.8767E-12 117.075E-12
5.12861E3 228.008E-15 483.303E-15 1.06242E-12 2.36926E-12 5.23493E-12 11.1391E-12 22.2284E-12 41.1512E-12 71.0556E-12 115.737E-12
5.24807E3 226.150E-15 478.666E-15 1.05129E-12 2.34329E-12 5.17628E-12 11.0130E-12 21.9755E-12 40.6818E-12 70.2440E-12 114.414E-12
5.37032E3 224.319E-15 474.090E-15 1.04029E-12 2.31763E-12 5.11831E-12 10.8883E-12 21.7255E-12 40.2177E-12 69.4417E-12 113.106E-12
5.49541E3 222.515E-15 469.576E-15 1.02943E-12 2.29228E-12 5.06102E-12 10.7651E-12 21.4783E-12 39.7590E-12 68.6485E-12 111.813E-12
5.62341E3 220.738E-15 465.122E-15 1.01871E-12 2.26723E-12 5.00441E-12 10.6433E-12 21.2340E-12 39.3056E-12 67.8645E-12 110.535E-12
5.75440E3 218.988E-15 460.727E-15 1.00811E-12 2.24248E-12 4.94845E-12 10.5230E-12 20.9925E-12 38.8573E-12 67.0895E-12 109.272E-12
5.88844E3 217.264E-15 456.392E-15 997.656E-15 2.21802E-12 4.89315E-12 10.4040E-12 20.7538E-12 38.4143E-12 66.3233E-12 108.023E-12
6.02560E3 215.565E-15 452.116E-15 987.329E-15 2.19386E-12 4.83850E-12 10.2864E-12 20.5179E-12 37.9763E-12 65.5660E-12 106.788E-12
6.16595E3 213.893E-15 447.897E-15 977.131E-15 2.16999E-12 4.78450E-12 10.1701E-12 20.2846E-12 37.5433E-12 64.8173E-12 105.568E-12
6.30957E3 212.245E-15 443.735E-15 967.062E-15 2.14641E-12 4.73112E-12 10.0552E-12 20.0541E-12 37.1153E-12 64.0773E-12 104.361E-12
6.45654E3 210.623E-15 439.631E-15 957.119E-15 2.12311E-12 4.67837E-12 9.94169E-12 19.8262E-12 36.6923E-12 63.3457E-12 103.169E-12
6.60693E3 209.026E-15 435.582E-15 947.302E-15 2.10009E-12 4.62624E-12 9.82945E-12 19.6010E-12 36.2741E-12 62.6225E-12 101.990E-12
6.76083E3 207.453E-15 431.589E-15 937.610E-15 2.07735E-12 4.57473E-12 9.71851E-12 19.3783E-12 35.8607E-12 61.9076E-12 100.824E-12
6.91831E3 205.904E-15 427.650E-15 928.040E-15 2.05488E-12 4.52382E-12 9.60886E-12 19.1582E-12 35.4521E-12 61.2010E-12 99.6724E-12
7.07946E3 204.379E-15 423.766E-15 918.591E-15 2.03269E-12 4.47350E-12 9.50048E-12 18.9407E-12 35.0481E-12 60.5024E-12 98.5335E-12
7.24436E3 202.878E-15 419.936E-15 909.263E-15 2.01076E-12 4.42378E-12 9.39336E-12 18.7256E-12 34.6488E-12 59.8119E-12 97.4078E-12
7.41310E3 201.400E-15 416.159E-15 900.054E-15 1.98910E-12 4.37465E-12 9.28749E-12 18.5131E-12 34.2541E-12 59.1293E-12 96.2949E-12
7.58578E3 199.945E-15 412.434E-15 890.962E-15 1.96770E-12 4.32610E-12 9.18285E-12 18.3030E-12 33.8640E-12 58.4545E-12 95.1948E-12
7.76247E3 198.513E-15 408.761E-15 881.987E-15 1.94656E-12 4.27812E-12 9.07942E-12 18.0953E-12 33.4783E-12 57.7875E-12 94.1074E-12
7.94328E3 197.104E-15 405.140E-15 873.127E-15 1.92568E-12 4.23070E-12 8.97720E-12 17.8900E-12 33.0971E-12 57.1281E-12 93.0324E-12
8.12831E3 195.716E-15 401.570E-15 864.380E-15 1.90505E-12 4.18385E-12 8.87617E-12 17.6871E-12 32.7202E-12 56.4763E-12 91.9697E-12
8.31764E3 194.351E-15 398.050E-15 855.747E-15 1.88467E-12 4.13755E-12 8.77631E-12 17.4865E-12 32.3477E-12 55.8320E-12 90.9193E-12
8.51138E3 193.008E-15 394.580E-15 847.225E-15 1.86455E-12 4.09180E-12 8.67762E-12 17.2883E-12 31.9795E-12 55.1951E-12 89.8808E-12
8.70964E3 191.686E-15 391.159E-15 838.814E-15 1.84467E-12 4.04659E-12 8.58007E-12 17.0923E-12 31.6155E-12 54.5655E-12 88.8543E-12
8.91251E3 190.385E-15 387.786E-15 830.511E-15 1.82503E-12 4.00191E-12 8.48366E-12 16.8986E-12 31.2557E-12 53.9432E-12 87.8396E-12
9.12011E3 189.105E-15 384.462E-15 822.317E-15 1.80563E-12 3.95777E-12 8.38838E-12 16.7072E-12 30.9001E-12 53.3279E-12 86.8365E-12
9.33254E3 187.846E-15 381.186E-15 814.230E-15 1.78647E-12 3.91414E-12 8.29421E-12 16.5179E-12 30.5485E-12 52.7198E-12 85.8449E-12
9.54993E3 186.608E-15 377.957E-15 806.248E-15 1.76755E-12 3.87104E-12 8.20114E-12 16.3309E-12 30.2010E-12 52.1187E-12 84.8647E-12
9.77237E3 185.389E-15 374.774E-15 798.371E-15 1.74886E-12 3.82845E-12 8.10915E-12 16.1460E-12 29.8575E-12 51.5244E-12 83.8958E-12
10.0000E3 184.191E-15 371.637E-15 790.597E-15 1.73039E-12 3.78637E-12 8.01824E-12 15.9633E-12 29.5180E-12 50.9370E-12 82.9380E-12
