freq (Hz) output noise; A / sqrt(Hz) VBE1 0.7  (A / sqrt(Hz)) output noise; A / sqrt(Hz) VBE1 0.725  (A / sqrt(Hz)) output noise; A / sqrt(Hz) VBE1 0.75  (A / sqrt(Hz)) output noise; A / sqrt(Hz) VBE1 0.775  (A / sqrt(Hz)) output noise; A / sqrt(Hz) VBE1 0.8  (A / sqrt(Hz)) output noise; A / sqrt(Hz) VBE1 0.825  (A / sqrt(Hz)) output noise; A / sqrt(Hz) VBE1 0.85  (A / sqrt(Hz))
1.00000 11.9582E-12 32.7997E-12 89.7564E-12 242.845E-12 637.984E-12 1.58179E-9 3.65831E-9
1.25893 10.6581E-12 29.2331E-12 79.9957E-12 216.436E-12 568.604E-12 1.40977E-9 3.26047E-9
1.58489 9.49940E-12 26.0544E-12 71.2966E-12 192.899E-12 506.769E-12 1.25646E-9 2.90590E-9
1.99526 8.46677E-12 23.2214E-12 63.5435E-12 171.922E-12 451.659E-12 1.11982E-9 2.58989E-9
2.51189 7.54649E-12 20.6965E-12 56.6336E-12 153.226E-12 402.542E-12 998.040E-12 2.30824E-9
3.16228 6.72635E-12 18.4463E-12 50.4752E-12 136.563E-12 358.766E-12 889.505E-12 2.05722E-9
3.98107 5.99546E-12 16.4408E-12 44.9865E-12 121.713E-12 319.751E-12 792.772E-12 1.83350E-9
5.01187 5.34413E-12 14.6535E-12 40.0949E-12 108.477E-12 284.979E-12 706.559E-12 1.63411E-9
6.30957 4.76371E-12 13.0606E-12 35.7352E-12 96.6808E-12 253.988E-12 629.722E-12 1.45640E-9
7.94328 4.24651E-12 11.6411E-12 31.8497E-12 86.1675E-12 226.368E-12 561.241E-12 1.29802E-9
10.0000 3.78565E-12 10.3760E-12 28.3869E-12 76.7976E-12 201.751E-12 500.207E-12 1.15686E-9
12.5893 3.37502E-12 9.24855E-12 25.3007E-12 68.4467E-12 179.812E-12 445.811E-12 1.03106E-9
15.8489 3.00918E-12 8.24387E-12 22.5503E-12 61.0041E-12 160.258E-12 397.330E-12 918.930E-12
19.9526 2.68327E-12 7.34857E-12 20.0991E-12 54.3710E-12 142.831E-12 354.122E-12 818.998E-12
25.1189 2.39296E-12 6.55079E-12 17.9146E-12 48.4593E-12 127.299E-12 315.612E-12 729.933E-12
31.6228 2.13440E-12 5.83993E-12 15.9678E-12 43.1907E-12 113.457E-12 281.291E-12 650.555E-12
39.8107 1.90417E-12 5.20656E-12 14.2329E-12 38.4952E-12 101.120E-12 250.702E-12 579.809E-12
50.1187 1.69920E-12 4.64228E-12 12.6868E-12 34.3105E-12 90.1247E-12 223.440E-12 516.756E-12
63.0957 1.51677E-12 4.13960E-12 11.3091E-12 30.5811E-12 80.3253E-12 199.142E-12 460.561E-12
79.4328 1.35447E-12 3.69185E-12 10.0815E-12 27.2574E-12 71.5919E-12 177.487E-12 410.477E-12
100.000 1.21013E-12 3.29308E-12 8.98761E-12 24.2955E-12 63.8084E-12 158.188E-12 365.840E-12
125.893 1.08184E-12 2.93801E-12 8.01301E-12 21.6559E-12 56.8717E-12 140.987E-12 326.057E-12
158.489 967.891E-15 2.62192E-12 7.14473E-12 19.3037E-12 50.6895E-12 125.657E-12 290.601E-12
199.526 866.769E-15 2.34062E-12 6.37126E-12 17.2077E-12 45.1801E-12 111.995E-12 259.001E-12
251.189 777.124E-15 2.09036E-12 5.68232E-12 15.3400E-12 40.2701E-12 99.8187E-12 230.838E-12
316.228 697.756E-15 1.86783E-12 5.06879E-12 13.6758E-12 35.8944E-12 88.9669E-12 205.737E-12
398.107 627.600E-15 1.67008E-12 4.52251E-12 12.1931E-12 31.9951E-12 79.2957E-12 183.367E-12
501.187 565.706E-15 1.49446E-12 4.03623E-12 10.8722E-12 28.5203E-12 70.6766E-12 163.430E-12
630.957 511.230E-15 1.33864E-12 3.60350E-12 9.69555E-12 25.4240E-12 62.9954E-12 145.662E-12
794.328 463.416E-15 1.20054E-12 3.21858E-12 8.64756E-12 22.6650E-12 56.1501E-12 129.826E-12
1.00000E3 421.589E-15 1.07832E-12 2.87634E-12 7.71431E-12 20.2068E-12 50.0499E-12 115.714E-12
1.25893E3 385.141E-15 970.318E-15 2.57225E-12 6.88342E-12 18.0167E-12 44.6139E-12 103.136E-12
1.58489E3 353.522E-15 875.085E-15 2.30225E-12 6.14385E-12 16.0657E-12 39.7698E-12 91.9274E-12
1.99526E3 326.229E-15 791.312E-15 2.06274E-12 5.48579E-12 14.3279E-12 35.4534E-12 81.9384E-12
2.51189E3 302.802E-15 717.836E-15 1.85054E-12 4.90051E-12 12.7801E-12 31.6075E-12 73.0367E-12
3.16228E3 282.813E-15 653.611E-15 1.66279E-12 4.38021E-12 11.4020E-12 28.1810E-12 65.1041E-12
3.98107E3 265.866E-15 597.698E-15 1.49697E-12 3.91800E-12 10.1751E-12 25.1284E-12 58.0354E-12
5.01187E3 251.593E-15 549.242E-15 1.35083E-12 3.50770E-12 9.08322E-12 22.4093E-12 51.7369E-12
6.30957E3 239.650E-15 507.467E-15 1.22235E-12 3.14387E-12 8.11184E-12 19.9875E-12 46.1248E-12
7.94328E3 229.722E-15 471.653E-15 1.10975E-12 2.82163E-12 7.24806E-12 17.8309E-12 41.1247E-12
10.0000E3 221.518E-15 441.139E-15 1.01141E-12 2.53665E-12 6.48039E-12 15.9109E-12 36.6704E-12
