 frequency       inoise_spectrum onoise_spectrum
 1.00000000e+00  5.22858949e-10  1.17852786e-08 
 1.02305973e+00  5.22228943e-10  1.17710782e-08 
 1.04665121e+00  5.21612401e-10  1.17571813e-08 
 1.07078670e+00  5.21009052e-10  1.17435818e-08 
 1.09547876e+00  5.20418626e-10  1.17302735e-08 
 1.12074020e+00  5.19840860e-10  1.17172507e-08 
 1.14658417e+00  5.19275496e-10  1.17045073e-08 
 1.17302409e+00  5.18722279e-10  1.16920378e-08 
 1.20007371e+00  5.18180961e-10  1.16798364e-08 
 1.22774708e+00  5.17651297e-10  1.16678978e-08 
 1.25605860e+00  5.17133048e-10  1.16562164e-08 
 1.28502297e+00  5.16625977e-10  1.16447870e-08 
 1.31465525e+00  5.16129855e-10  1.16336043e-08 
 1.34497085e+00  5.15644453e-10  1.16226633e-08 
 1.37598551e+00  5.15169551e-10  1.16119590e-08 
 1.40771537e+00  5.14704929e-10  1.16014864e-08 
 1.44017690e+00  5.14250374e-10  1.15912407e-08 
 1.47338699e+00  5.13805677e-10  1.15812172e-08 
 1.50736290e+00  5.13370630e-10  1.15714112e-08 
 1.54212228e+00  5.12945033e-10  1.15618182e-08 
 1.57768320e+00  5.12528687e-10  1.15524337e-08 
 1.61406415e+00  5.12121398e-10  1.15432534e-08 
 1.65128404e+00  5.11722977e-10  1.15342730e-08 
 1.68936220e+00  5.11333235e-10  1.15254882e-08 
 1.72831844e+00  5.10951992e-10  1.15168949e-08 
 1.76817299e+00  5.10579066e-10  1.15084892e-08 
 1.80894658e+00  5.10214283e-10  1.15002669e-08 
 1.85066040e+00  5.09857469e-10  1.14922243e-08 
 1.89333613e+00  5.09508457e-10  1.14843575e-08 
 1.93699595e+00  5.09167080e-10  1.14766629e-08 
 1.98166255e+00  5.08833177e-10  1.14691367e-08 
 2.02735916e+00  5.08506587e-10  1.14617753e-08 
 2.07410951e+00  5.08187157e-10  1.14545753e-08 
 2.12193792e+00  5.07874732e-10  1.14475333e-08 
 2.17086923e+00  5.07569163e-10  1.14406457e-08 
 2.22092889e+00  5.07270304e-10  1.14339094e-08 
 2.27214291e+00  5.06978011e-10  1.14273211e-08 
 2.32453791e+00  5.06692143e-10  1.14208776e-08 
 2.37814113e+00  5.06412562e-10  1.14145759e-08 
 2.43298042e+00  5.06139135e-10  1.14084128e-08 
 2.48908429e+00  5.05871727e-10  1.14023854e-08 
 2.54648190e+00  5.05610210e-10  1.13964908e-08 
 2.60520309e+00  5.05354457e-10  1.13907261e-08 
 2.66527837e+00  5.05104343e-10  1.13850885e-08 
 2.72673897e+00  5.04859747e-10  1.13795753e-08 
 2.78961683e+00  5.04620550e-10  1.13741838e-08 
 2.85394464e+00  5.04386635e-10  1.13689113e-08 
 2.91975583e+00  5.04157887e-10  1.13637553e-08 
 2.98708461e+00  5.03934195e-10  1.13587133e-08 
 3.05596598e+00  5.03715448e-10  1.13537827e-08 
 3.12643573e+00  5.03501541e-10  1.13489612e-08 
 3.19853049e+00  5.03292367e-10  1.13442464e-08 
 3.27228774e+00  5.03087824e-10  1.13396360e-08 
 3.34774581e+00  5.02887811e-10  1.13351277e-08 
 3.42494392e+00  5.02692229e-10  1.13307193e-08 
 3.50392221e+00  5.02500982e-10  1.13264085e-08 
 3.58472171e+00  5.02313975e-10  1.13221934e-08 
 3.66738442e+00  5.02131116e-10  1.13180718e-08 
 3.75195331e+00  5.01952315e-10  1.13140416e-08 
 3.83847234e+00  5.01777482e-10  1.13101008e-08 
 3.92698648e+00  5.01606531e-10  1.13062476e-08 
 4.01754173e+00  5.01439376e-10  1.13024799e-08 
 4.11018515e+00  5.01275936e-10  1.12987959e-08 
 4.20496491e+00  5.01116128e-10  1.12951938e-08 
 4.30193027e+00  5.00959873e-10  1.12916718e-08 
 4.40113162e+00  5.00807092e-10  1.12882282e-08 
 4.50262052e+00  5.00657710e-10  1.12848611e-08 
 4.60644974e+00  5.00511653e-10  1.12815689e-08 
 4.71267322e+00  5.00368846e-10  1.12783501e-08 
 4.82134619e+00  5.00229218e-10  1.12752028e-08 
 4.93252513e+00  5.00092701e-10  1.12721257e-08 
 5.04626783e+00  4.99959224e-10  1.12691171e-08 
 5.16263340e+00  4.99828721e-10  1.12661756e-08 
 5.28168234e+00  4.99701127e-10  1.12632996e-08 
 5.40347650e+00  4.99576377e-10  1.12604878e-08 
 5.52807921e+00  4.99454410e-10  1.12577386e-08 
 5.65555523e+00  4.99335162e-10  1.12550507e-08 
 5.78597080e+00  4.99218575e-10  1.12524229e-08 
 5.91939372e+00  4.99104589e-10  1.12498536e-08 
 6.05589334e+00  4.98993148e-10  1.12473417e-08 
 6.19554061e+00  4.98884194e-10  1.12448859e-08 
 6.33840810e+00  4.98777673e-10  1.12424849e-08 
 6.48457008e+00  4.98673531e-10  1.12401375e-08 
 6.63410251e+00  4.98571715e-10  1.12378426e-08 
 6.78708313e+00  4.98472174e-10  1.12355989e-08 
 6.94359143e+00  4.98374858e-10  1.12334054e-08 
 7.10370877e+00  4.98279717e-10  1.12312609e-08 
 7.26751838e+00  4.98186703e-10  1.12291644e-08 
 7.43510539e+00  4.98095768e-10  1.12271147e-08 
 7.60655691e+00  4.98006867e-10  1.12251109e-08 
 7.78196206e+00  4.97919955e-10  1.12231519e-08 
 7.96141200e+00  4.97834986e-10  1.12212367e-08 
 8.14500001e+00  4.97751920e-10  1.12193643e-08 
 8.33282151e+00  4.97670711e-10  1.12175339e-08 
 8.52497412e+00  4.97591321e-10  1.12157444e-08 
 8.72155772e+00  4.97513708e-10  1.12139950e-08 
 8.92267449e+00  4.97437832e-10  1.12122848e-08 
 9.12842895e+00  4.97363656e-10  1.12106129e-08 
 9.33892805e+00  4.97291141e-10  1.12089784e-08 
 9.55428121e+00  4.97220250e-10  1.12073805e-08 
 9.77460036e+00  4.97150947e-10  1.12058184e-08 
 1.00000000e+01  4.97083197e-10  1.12042913e-08 
 1.02305973e+01  4.97016965e-10  1.12027984e-08 
 1.04665121e+01  4.96952217e-10  1.12013390e-08 
 1.07078670e+01  4.96888921e-10  1.11999123e-08 
 1.09547876e+01  4.96827043e-10  1.11985176e-08 
 1.12074020e+01  4.96766553e-10  1.11971541e-08 
 1.14658417e+01  4.96707419e-10  1.11958212e-08 
 1.17302409e+01  4.96649612e-10  1.11945182e-08 
 1.20007371e+01  4.96593100e-10  1.11932445e-08 
 1.22774708e+01  4.96537857e-10  1.11919993e-08 
 1.25605860e+01  4.96483852e-10  1.11907820e-08 
 1.28502297e+01  4.96431059e-10  1.11895921e-08 
 1.31465525e+01  4.96379451e-10  1.11884288e-08 
 1.34497085e+01  4.96329000e-10  1.11872916e-08 
 1.37598551e+01  4.96279682e-10  1.11861800e-08 
 1.40771537e+01  4.96231471e-10  1.11850933e-08 
 1.44017690e+01  4.96184342e-10  1.11840310e-08 
 1.47338699e+01  4.96138271e-10  1.11829926e-08 
 1.50736290e+01  4.96093234e-10  1.11819775e-08 
 1.54212228e+01  4.96049208e-10  1.11809851e-08 
 1.57768320e+01  4.96006171e-10  1.11800151e-08 
 1.61406415e+01  4.95964101e-10  1.11790668e-08 
 1.65128404e+01  4.95922975e-10  1.11781398e-08 
 1.68936220e+01  4.95882773e-10  1.11772336e-08 
 1.72831844e+01  4.95843474e-10  1.11763478e-08 
 1.76817299e+01  4.95805057e-10  1.11754819e-08 
 1.80894658e+01  4.95767504e-10  1.11746355e-08 
 1.85066040e+01  4.95730794e-10  1.11738080e-08 
 1.89333613e+01  4.95694909e-10  1.11729992e-08 
 1.93699595e+01  4.95659831e-10  1.11722085e-08 
 1.98166255e+01  4.95625541e-10  1.11714356e-08 
 2.02735916e+01  4.95592021e-10  1.11706801e-08 
 2.07410951e+01  4.95559255e-10  1.11699415e-08 
 2.12193792e+01  4.95527225e-10  1.11692196e-08 
 2.17086923e+01  4.95495915e-10  1.11685138e-08 
 2.22092889e+01  4.95465309e-10  1.11678240e-08 
 2.27214291e+01  4.95435391e-10  1.11671496e-08 
 2.32453791e+01  4.95406146e-10  1.11664904e-08 
 2.37814113e+01  4.95377558e-10  1.11658461e-08 
 2.43298042e+01  4.95349613e-10  1.11652162e-08 
 2.48908429e+01  4.95322296e-10  1.11646005e-08 
 2.54648190e+01  4.95295593e-10  1.11639986e-08 
 2.60520309e+01  4.95269491e-10  1.11634102e-08 
 2.66527837e+01  4.95243976e-10  1.11628351e-08 
 2.72673897e+01  4.95219035e-10  1.11622729e-08 
 2.78961683e+01  4.95194655e-10  1.11617234e-08 
 2.85394464e+01  4.95170823e-10  1.11611862e-08 
 2.91975583e+01  4.95147527e-10  1.11606612e-08 
 2.98708461e+01  4.95124756e-10  1.11601479e-08 
 3.05596598e+01  4.95102496e-10  1.11596461e-08 
 3.12643573e+01  4.95080738e-10  1.11591557e-08 
 3.19853049e+01  4.95059468e-10  1.11586763e-08 
 3.27228774e+01  4.95038678e-10  1.11582077e-08 
 3.34774581e+01  4.95018355e-10  1.11577496e-08 
 3.42494392e+01  4.94998489e-10  1.11573018e-08 
 3.50392221e+01  4.94979070e-10  1.11568641e-08 
 3.58472171e+01  4.94960089e-10  1.11564363e-08 
 3.66738442e+01  4.94941534e-10  1.11560181e-08 
 3.75195331e+01  4.94923397e-10  1.11556092e-08 
 3.83847234e+01  4.94905668e-10  1.11552096e-08 
 3.92698648e+01  4.94888339e-10  1.11548190e-08 
 4.01754173e+01  4.94871399e-10  1.11544372e-08 
 4.11018515e+01  4.94854840e-10  1.11540640e-08 
 4.20496491e+01  4.94838654e-10  1.11536991e-08 
 4.30193027e+01  4.94822833e-10  1.11533425e-08 
 4.40113162e+01  4.94807367e-10  1.11529939e-08 
 4.50262052e+01  4.94792250e-10  1.11526532e-08 
 4.60644974e+01  4.94777473e-10  1.11523201e-08 
 4.71267322e+01  4.94763029e-10  1.11519945e-08 
 4.82134619e+01  4.94748910e-10  1.11516763e-08 
 4.93252513e+01  4.94735108e-10  1.11513652e-08 
 5.04626783e+01  4.94721618e-10  1.11510611e-08 
 5.16263340e+01  4.94708431e-10  1.11507639e-08 
 5.28168234e+01  4.94695541e-10  1.11504733e-08 
 5.40347650e+01  4.94682941e-10  1.11501893e-08 
 5.52807921e+01  4.94670625e-10  1.11499117e-08 
 5.65555523e+01  4.94658586e-10  1.11496404e-08 
 5.78597080e+01  4.94646818e-10  1.11493751e-08 
 5.91939372e+01  4.94635316e-10  1.11491159e-08 
 6.05589334e+01  4.94624072e-10  1.11488624e-08 
 6.19554061e+01  4.94613081e-10  1.11486147e-08 
 6.33840810e+01  4.94602338e-10  1.11483726e-08 
 6.48457008e+01  4.94591837e-10  1.11481359e-08 
 6.63410251e+01  4.94581573e-10  1.11479045e-08 
 6.78708313e+01  4.94571539e-10  1.11476783e-08 
 6.94359143e+01  4.94561732e-10  1.11474573e-08 
 7.10370877e+01  4.94552145e-10  1.11472412e-08 
 7.26751838e+01  4.94542774e-10  1.11470300e-08 
 7.43510539e+01  4.94533615e-10  1.11468235e-08 
 7.60655691e+01  4.94524661e-10  1.11466217e-08 
 7.78196206e+01  4.94515909e-10  1.11464244e-08 
 7.96141200e+01  4.94507355e-10  1.11462316e-08 
 8.14500001e+01  4.94498993e-10  1.11460431e-08 
 8.33282151e+01  4.94490819e-10  1.11458589e-08 
 8.52497412e+01  4.94482830e-10  1.11456788e-08 
 8.72155772e+01  4.94475020e-10  1.11455028e-08 
 8.92267449e+01  4.94467386e-10  1.11453307e-08 
 9.12842895e+01  4.94459925e-10  1.11451625e-08 
 9.33892805e+01  4.94452631e-10  1.11449981e-08 
 9.55428121e+01  4.94445502e-10  1.11448374e-08 
 9.77460036e+01  4.94438533e-10  1.11446804e-08 
 1.00000000e+02  4.94431721e-10  1.11445268e-08 
 1.02305973e+02  4.94425063e-10  1.11443768e-08 
 1.04665121e+02  4.94418555e-10  1.11442301e-08 
 1.07078670e+02  4.94412193e-10  1.11440867e-08 
 1.09547876e+02  4.94405974e-10  1.11439465e-08 
 1.12074020e+02  4.94399896e-10  1.11438095e-08 
 1.14658417e+02  4.94393955e-10  1.11436756e-08 
 1.17302409e+02  4.94388147e-10  1.11435447e-08 
 1.20007371e+02  4.94382471e-10  1.11434167e-08 
 1.22774708e+02  4.94376922e-10  1.11432916e-08 
 1.25605860e+02  4.94371498e-10  1.11431694e-08 
 1.28502297e+02  4.94366196e-10  1.11430499e-08 
 1.31465525e+02  4.94361014e-10  1.11429331e-08 
 1.34497085e+02  4.94355949e-10  1.11428189e-08 
 1.37598551e+02  4.94350998e-10  1.11427073e-08 
 1.40771537e+02  4.94346158e-10  1.11425982e-08 
 1.44017690e+02  4.94341427e-10  1.11424916e-08 
 1.47338699e+02  4.94336803e-10  1.11423874e-08 
 1.50736290e+02  4.94332283e-10  1.11422855e-08 
 1.54212228e+02  4.94327865e-10  1.11421859e-08 
 1.57768320e+02  4.94323547e-10  1.11420886e-08 
 1.61406415e+02  4.94319325e-10  1.11419934e-08 
 1.65128404e+02  4.94315199e-10  1.11419004e-08 
 1.68936220e+02  4.94311166e-10  1.11418095e-08 
 1.72831844e+02  4.94307224e-10  1.11417206e-08 
 1.76817299e+02  4.94303370e-10  1.11416338e-08 
 1.80894658e+02  4.94299604e-10  1.11415489e-08 
 1.85066040e+02  4.94295922e-10  1.11414659e-08 
 1.89333613e+02  4.94292323e-10  1.11413848e-08 
 1.93699595e+02  4.94288805e-10  1.11413055e-08 
 1.98166255e+02  4.94285367e-10  1.11412280e-08 
 2.02735916e+02  4.94282006e-10  1.11411522e-08 
 2.07410951e+02  4.94278721e-10  1.11410782e-08 
 2.12193792e+02  4.94275510e-10  1.11410058e-08 
 2.17086923e+02  4.94272371e-10  1.11409351e-08 
 2.22092889e+02  4.94269303e-10  1.11408659e-08 
 2.27214291e+02  4.94266304e-10  1.11407983e-08 
 2.32453791e+02  4.94263372e-10  1.11407322e-08 
 2.37814113e+02  4.94260507e-10  1.11406676e-08 
 2.43298042e+02  4.94257706e-10  1.11406045e-08 
 2.48908429e+02  4.94254969e-10  1.11405428e-08 
 2.54648190e+02  4.94252293e-10  1.11404825e-08 
 2.60520309e+02  4.94249677e-10  1.11404235e-08 
 2.66527837e+02  4.94247120e-10  1.11403659e-08 
 2.72673897e+02  4.94244621e-10  1.11403096e-08 
 2.78961683e+02  4.94242178e-10  1.11402545e-08 
 2.85394464e+02  4.94239791e-10  1.11402007e-08 
 2.91975583e+02  4.94237457e-10  1.11401481e-08 
 2.98708461e+02  4.94235175e-10  1.11400967e-08 
 3.05596598e+02  4.94232946e-10  1.11400464e-08 
 3.12643573e+02  4.94230766e-10  1.11399973e-08 
 3.19853049e+02  4.94228635e-10  1.11399493e-08 
 3.27228774e+02  4.94226553e-10  1.11399023e-08 
 3.34774581e+02  4.94224517e-10  1.11398564e-08 
 3.42494392e+02  4.94222527e-10  1.11398116e-08 
 3.50392221e+02  4.94220583e-10  1.11397677e-08 
 3.58472171e+02  4.94218681e-10  1.11397249e-08 
 3.66738442e+02  4.94216823e-10  1.11396830e-08 
 3.75195331e+02  4.94215007e-10  1.11396421e-08 
 3.83847234e+02  4.94213231e-10  1.11396020e-08 
 3.92698648e+02  4.94211496e-10  1.11395629e-08 
 4.01754173e+02  4.94209800e-10  1.11395247e-08 
 4.11018515e+02  4.94208142e-10  1.11394873e-08 
 4.20496491e+02  4.94206521e-10  1.11394508e-08 
 4.30193027e+02  4.94204937e-10  1.11394151e-08 
 4.40113162e+02  4.94203388e-10  1.11393802e-08 
 4.50262052e+02  4.94201875e-10  1.11393461e-08 
 4.60644974e+02  4.94200395e-10  1.11393127e-08 
 4.71267322e+02  4.94198949e-10  1.11392801e-08 
 4.82134619e+02  4.94197536e-10  1.11392483e-08 
 4.93252513e+02  4.94196154e-10  1.11392171e-08 
 5.04626783e+02  4.94194803e-10  1.11391867e-08 
 5.16263340e+02  4.94193483e-10  1.11391569e-08 
 5.28168234e+02  4.94192193e-10  1.11391278e-08 
 5.40347650e+02  4.94190932e-10  1.11390994e-08 
 5.52807921e+02  4.94189699e-10  1.11390716e-08 
 5.65555523e+02  4.94188494e-10  1.11390444e-08 
 5.78597080e+02  4.94187316e-10  1.11390179e-08 
 5.91939372e+02  4.94186164e-10  1.11389919e-08 
 6.05589334e+02  4.94185039e-10  1.11389666e-08 
 6.19554061e+02  4.94183939e-10  1.11389418e-08 
 6.33840810e+02  4.94182864e-10  1.11389175e-08 
 6.48457008e+02  4.94181813e-10  1.11388938e-08 
 6.63410251e+02  4.94180785e-10  1.11388707e-08 
 6.78708313e+02  4.94179781e-10  1.11388480e-08 
 6.94359143e+02  4.94178800e-10  1.11388259e-08 
 7.10370877e+02  4.94177840e-10  1.11388043e-08 
 7.26751838e+02  4.94176902e-10  1.11387832e-08 
 7.43510539e+02  4.94175986e-10  1.11387625e-08 
 7.60655691e+02  4.94175090e-10  1.11387423e-08 
 7.78196206e+02  4.94174214e-10  1.11387225e-08 
 7.96141200e+02  4.94173358e-10  1.11387032e-08 
 8.14500001e+02  4.94172521e-10  1.11386844e-08 
 8.33282151e+02  4.94171703e-10  1.11386659e-08 
 8.52497412e+02  4.94170903e-10  1.11386479e-08 
 8.72155772e+02  4.94170122e-10  1.11386303e-08 
 8.92267449e+02  4.94169358e-10  1.11386131e-08 
 9.12842895e+02  4.94168611e-10  1.11385962e-08 
 9.33892805e+02  4.94167881e-10  1.11385798e-08 
 9.55428121e+02  4.94167168e-10  1.11385637e-08 
 9.77460036e+02  4.94166470e-10  1.11385480e-08 
 1.00000000e+03  4.94165789e-10  1.11385326e-08 
 1.02305973e+03  4.94165122e-10  1.11385176e-08 
 1.04665121e+03  4.94164471e-10  1.11385029e-08 
 1.07078670e+03  4.94163835e-10  1.11384886e-08 
 1.09547876e+03  4.94163212e-10  1.11384745e-08 
 1.12074020e+03  4.94162604e-10  1.11384608e-08 
 1.14658417e+03  4.94162009e-10  1.11384474e-08 
 1.17302409e+03  4.94161428e-10  1.11384343e-08 
 1.20007371e+03  4.94160860e-10  1.11384215e-08 
 1.22774708e+03  4.94160305e-10  1.11384090e-08 
 1.25605860e+03  4.94159762e-10  1.11383967e-08 
 1.28502297e+03  4.94159232e-10  1.11383848e-08 
 1.31465525e+03  4.94158713e-10  1.11383731e-08 
 1.34497085e+03  4.94158206e-10  1.11383616e-08 
 1.37598551e+03  4.94157710e-10  1.11383505e-08 
 1.40771537e+03  4.94157226e-10  1.11383395e-08 
 1.44017690e+03  4.94156753e-10  1.11383288e-08 
 1.47338699e+03  4.94156290e-10  1.11383184e-08 
 1.50736290e+03  4.94155837e-10  1.11383082e-08 
 1.54212228e+03  4.94155395e-10  1.11382982e-08 
 1.57768320e+03  4.94154963e-10  1.11382885e-08 
 1.61406415e+03  4.94154540e-10  1.11382789e-08 
 1.65128404e+03  4.94154127e-10  1.11382696e-08 
 1.68936220e+03  4.94153724e-10  1.11382605e-08 
 1.72831844e+03  4.94153329e-10  1.11382516e-08 
 1.76817299e+03  4.94152943e-10  1.11382429e-08 
 1.80894658e+03  4.94152566e-10  1.11382344e-08 
 1.85066040e+03  4.94152197e-10  1.11382261e-08 
 1.89333613e+03  4.94151837e-10  1.11382179e-08 
 1.93699595e+03  4.94151485e-10  1.11382100e-08 
 1.98166255e+03  4.94151140e-10  1.11382022e-08 
 2.02735916e+03  4.94150804e-10  1.11381946e-08 
 2.07410951e+03  4.94150475e-10  1.11381872e-08 
 2.12193792e+03  4.94150153e-10  1.11381799e-08 
 2.17086923e+03  4.94149838e-10  1.11381728e-08 
 2.22092889e+03  4.94149531e-10  1.11381658e-08 
 2.27214291e+03  4.94149230e-10  1.11381590e-08 
 2.32453791e+03  4.94148937e-10  1.11381524e-08 
 2.37814113e+03  4.94148649e-10  1.11381459e-08 
 2.43298042e+03  4.94148369e-10  1.11381396e-08 
 2.48908429e+03  4.94148094e-10  1.11381334e-08 
 2.54648190e+03  4.94147826e-10  1.11381273e-08 
 2.60520309e+03  4.94147563e-10  1.11381213e-08 
 2.66527837e+03  4.94147307e-10  1.11381155e-08 
 2.72673897e+03  4.94147056e-10  1.11381099e-08 
 2.78961683e+03  4.94146811e-10  1.11381043e-08 
 2.85394464e+03  4.94146571e-10  1.11380989e-08 
 2.91975583e+03  4.94146337e-10  1.11380936e-08 
 2.98708461e+03  4.94146108e-10  1.11380884e-08 
 3.05596598e+03  4.94145884e-10  1.11380833e-08 
 3.12643573e+03  4.94145665e-10  1.11380783e-08 
 3.19853049e+03  4.94145451e-10  1.11380734e-08 
 3.27228774e+03  4.94145241e-10  1.11380687e-08 
 3.34774581e+03  4.94145036e-10  1.11380640e-08 
 3.42494392e+03  4.94144836e-10  1.11380595e-08 
 3.50392221e+03  4.94144640e-10  1.11380550e-08 
 3.58472171e+03  4.94144449e-10  1.11380506e-08 
 3.66738442e+03  4.94144261e-10  1.11380464e-08 
 3.75195331e+03  4.94144078e-10  1.11380422e-08 
 3.83847234e+03  4.94143899e-10  1.11380381e-08 
 3.92698648e+03  4.94143724e-10  1.11380341e-08 
 4.01754173e+03  4.94143552e-10  1.11380302e-08 
 4.11018515e+03  4.94143385e-10  1.11380263e-08 
 4.20496491e+03  4.94143221e-10  1.11380226e-08 
 4.30193027e+03  4.94143060e-10  1.11380189e-08 
 4.40113162e+03  4.94142903e-10  1.11380153e-08 
 4.50262052e+03  4.94142750e-10  1.11380117e-08 
 4.60644974e+03  4.94142600e-10  1.11380083e-08 
 4.71267322e+03  4.94142453e-10  1.11380049e-08 
 4.82134619e+03  4.94142309e-10  1.11380016e-08 
 4.93252513e+03  4.94142168e-10  1.11379983e-08 
 5.04626783e+03  4.94142030e-10  1.11379951e-08 
 5.16263340e+03  4.94141895e-10  1.11379920e-08 
 5.28168234e+03  4.94141763e-10  1.11379889e-08 
 5.40347650e+03  4.94141634e-10  1.11379859e-08 
 5.52807921e+03  4.94141507e-10  1.11379829e-08 
 5.65555523e+03  4.94141383e-10  1.11379800e-08 
 5.78597080e+03  4.94141262e-10  1.11379771e-08 
 5.91939372e+03  4.94141143e-10  1.11379743e-08 
 6.05589334e+03  4.94141027e-10  1.11379716e-08 
 6.19554061e+03  4.94140912e-10  1.11379688e-08 
 6.33840810e+03  4.94140801e-10  1.11379662e-08 
 6.48457008e+03  4.94140691e-10  1.11379636e-08 
 6.63410251e+03  4.94140583e-10  1.11379610e-08 
 6.78708313e+03  4.94140478e-10  1.11379584e-08 
 6.94359143e+03  4.94140375e-10  1.11379559e-08 
 7.10370877e+03  4.94140273e-10  1.11379535e-08 
 7.26751838e+03  4.94140174e-10  1.11379510e-08 
 7.43510539e+03  4.94140076e-10  1.11379486e-08 
 7.60655691e+03  4.94139980e-10  1.11379462e-08 
 7.78196206e+03  4.94139886e-10  1.11379439e-08 
 7.96141200e+03  4.94139794e-10  1.11379416e-08 
 8.14500001e+03  4.94139703e-10  1.11379393e-08 
 8.33282151e+03  4.94139614e-10  1.11379370e-08 
 8.52497412e+03  4.94139526e-10  1.11379348e-08 
 8.72155772e+03  4.94139440e-10  1.11379326e-08 
 8.92267449e+03  4.94139355e-10  1.11379304e-08 
 9.12842895e+03  4.94139271e-10  1.11379282e-08 
 9.33892805e+03  4.94139189e-10  1.11379260e-08 
 9.55428121e+03  4.94139108e-10  1.11379238e-08 
 9.77460036e+03  4.94139028e-10  1.11379217e-08 
 1.00000000e+04  4.94138949e-10  1.11379196e-08 
 1.02305973e+04  4.94138871e-10  1.11379174e-08 
 1.04665121e+04  4.94138794e-10  1.11379153e-08 
 1.07078670e+04  4.94138718e-10  1.11379132e-08 
 1.09547876e+04  4.94138643e-10  1.11379110e-08 
 1.12074020e+04  4.94138568e-10  1.11379089e-08 
 1.14658417e+04  4.94138495e-10  1.11379068e-08 
 1.17302409e+04  4.94138422e-10  1.11379046e-08 
 1.20007371e+04  4.94138350e-10  1.11379025e-08 
 1.22774708e+04  4.94138278e-10  1.11379003e-08 
 1.25605860e+04  4.94138207e-10  1.11378981e-08 
 1.28502297e+04  4.94138136e-10  1.11378959e-08 
 1.31465525e+04  4.94138066e-10  1.11378937e-08 
 1.34497085e+04  4.94137995e-10  1.11378915e-08 
 1.37598551e+04  4.94137926e-10  1.11378892e-08 
 1.40771537e+04  4.94137856e-10  1.11378869e-08 
 1.44017690e+04  4.94137786e-10  1.11378846e-08 
 1.47338699e+04  4.94137717e-10  1.11378822e-08 
 1.50736290e+04  4.94137647e-10  1.11378798e-08 
 1.54212228e+04  4.94137577e-10  1.11378774e-08 
 1.57768320e+04  4.94137507e-10  1.11378749e-08 
 1.61406415e+04  4.94137437e-10  1.11378724e-08 
 1.65128404e+04  4.94137367e-10  1.11378698e-08 
 1.68936220e+04  4.94137296e-10  1.11378672e-08 
 1.72831844e+04  4.94137224e-10  1.11378645e-08 
 1.76817299e+04  4.94137152e-10  1.11378617e-08 
 1.80894658e+04  4.94137079e-10  1.11378589e-08 
 1.85066040e+04  4.94137006e-10  1.11378560e-08 
 1.89333613e+04  4.94136931e-10  1.11378530e-08 
 1.93699595e+04  4.94136856e-10  1.11378499e-08 
 1.98166255e+04  4.94136779e-10  1.11378468e-08 
 2.02735916e+04  4.94136701e-10  1.11378435e-08 
 2.07410951e+04  4.94136622e-10  1.11378402e-08 
 2.12193792e+04  4.94136542e-10  1.11378367e-08 
 2.17086923e+04  4.94136460e-10  1.11378332e-08 
 2.22092889e+04  4.94136377e-10  1.11378295e-08 
 2.27214291e+04  4.94136291e-10  1.11378256e-08 
 2.32453791e+04  4.94136204e-10  1.11378217e-08 
 2.37814113e+04  4.94136115e-10  1.11378176e-08 
 2.43298042e+04  4.94136023e-10  1.11378134e-08 
 2.48908429e+04  4.94135929e-10  1.11378090e-08 
 2.54648190e+04  4.94135833e-10  1.11378045e-08 
 2.60520309e+04  4.94135734e-10  1.11377998e-08 
 2.66527837e+04  4.94135633e-10  1.11377949e-08 
 2.72673897e+04  4.94135528e-10  1.11377899e-08 
 2.78961683e+04  4.94135420e-10  1.11377846e-08 
 2.85394464e+04  4.94135309e-10  1.11377792e-08 
 2.91975583e+04  4.94135195e-10  1.11377735e-08 
 2.98708461e+04  4.94135077e-10  1.11377676e-08 
 3.05596598e+04  4.94134954e-10  1.11377614e-08 
 3.12643573e+04  4.94134828e-10  1.11377550e-08 
 3.19853049e+04  4.94134697e-10  1.11377483e-08 
 3.27228774e+04  4.94134562e-10  1.11377414e-08 
 3.34774581e+04  4.94134422e-10  1.11377341e-08 
 3.42494392e+04  4.94134277e-10  1.11377266e-08 
 3.50392221e+04  4.94134126e-10  1.11377187e-08 
 3.58472171e+04  4.94133970e-10  1.11377105e-08 
 3.66738442e+04  4.94133808e-10  1.11377020e-08 
 3.75195331e+04  4.94133640e-10  1.11376931e-08 
 3.83847234e+04  4.94133465e-10  1.11376838e-08 
 3.92698648e+04  4.94133283e-10  1.11376740e-08 
 4.01754173e+04  4.94133094e-10  1.11376639e-08 
 4.11018515e+04  4.94132897e-10  1.11376533e-08 
 4.20496491e+04  4.94132693e-10  1.11376423e-08 
 4.30193027e+04  4.94132480e-10  1.11376307e-08 
 4.40113162e+04  4.94132259e-10  1.11376187e-08 
 4.50262052e+04  4.94132028e-10  1.11376061e-08 
 4.60644974e+04  4.94131788e-10  1.11375930e-08 
 4.71267322e+04  4.94131537e-10  1.11375793e-08 
 4.82134619e+04  4.94131276e-10  1.11375649e-08 
 4.93252513e+04  4.94131004e-10  1.11375499e-08 
 5.04626783e+04  4.94130721e-10  1.11375343e-08 
 5.16263340e+04  4.94130425e-10  1.11375179e-08 
 5.28168234e+04  4.94130117e-10  1.11375008e-08 
 5.40347650e+04  4.94129795e-10  1.11374829e-08 
 5.52807921e+04  4.94129460e-10  1.11374642e-08 
 5.65555523e+04  4.94129110e-10  1.11374447e-08 
 5.78597080e+04  4.94128745e-10  1.11374243e-08 
 5.91939372e+04  4.94128363e-10  1.11374029e-08 
 6.05589334e+04  4.94127966e-10  1.11373806e-08 
 6.19554061e+04  4.94127550e-10  1.11373573e-08 
 6.33840810e+04  4.94127117e-10  1.11373329e-08 
 6.48457008e+04  4.94126664e-10  1.11373074e-08 
 6.63410251e+04  4.94126192e-10  1.11372807e-08 
 6.78708313e+04  4.94125699e-10  1.11372528e-08 
 6.94359143e+04  4.94125184e-10  1.11372237e-08 
 7.10370877e+04  4.94124646e-10  1.11371932e-08 
 7.26751838e+04  4.94124085e-10  1.11371613e-08 
 7.43510539e+04  4.94123498e-10  1.11371280e-08 
 7.60655691e+04  4.94122886e-10  1.11370931e-08 
 7.78196206e+04  4.94122247e-10  1.11370566e-08 
 7.96141200e+04  4.94121580e-10  1.11370185e-08 
 8.14500001e+04  4.94120883e-10  1.11369787e-08 
 8.33282151e+04  4.94120155e-10  1.11369370e-08 
 8.52497412e+04  4.94119395e-10  1.11368934e-08 
 8.72155772e+04  4.94118602e-10  1.11368479e-08 
 8.92267449e+04  4.94117774e-10  1.11368002e-08 
 9.12842895e+04  4.94116909e-10  1.11367504e-08 
 9.33892805e+04  4.94116006e-10  1.11366983e-08 
 9.55428121e+04  4.94115064e-10  1.11366438e-08 
 9.77460036e+04  4.94114080e-10  1.11365869e-08 
 1.00000000e+05  4.94113053e-10  1.11365274e-08 
 1.02305973e+05  4.94111981e-10  1.11364651e-08 
 1.04665121e+05  4.94110863e-10  1.11364000e-08 
 1.07078670e+05  4.94109696e-10  1.11363320e-08 
 1.09547876e+05  4.94108478e-10  1.11362609e-08 
 1.12074020e+05  4.94107207e-10  1.11361865e-08 
 1.14658417e+05  4.94105882e-10  1.11361088e-08 
 1.17302409e+05  4.94104499e-10  1.11360275e-08 
 1.20007371e+05  4.94103057e-10  1.11359426e-08 
 1.22774708e+05  4.94101554e-10  1.11358539e-08 
 1.25605860e+05  4.94099986e-10  1.11357611e-08 
 1.28502297e+05  4.94098351e-10  1.11356642e-08 
 1.31465525e+05  4.94096648e-10  1.11355629e-08 
 1.34497085e+05  4.94094872e-10  1.11354571e-08 
 1.37598551e+05  4.94093022e-10  1.11353465e-08 
 1.40771537e+05  4.94091094e-10  1.11352309e-08 
 1.44017690e+05  4.94089086e-10  1.11351102e-08 
 1.47338699e+05  4.94086995e-10  1.11349841e-08 
 1.50736290e+05  4.94084818e-10  1.11348523e-08 
 1.54212228e+05  4.94082551e-10  1.11347147e-08 
 1.57768320e+05  4.94080193e-10  1.11345710e-08 
 1.61406415e+05  4.94077738e-10  1.11344209e-08 
 1.65128404e+05  4.94075185e-10  1.11342642e-08 
 1.68936220e+05  4.94072530e-10  1.11341005e-08 
 1.72831844e+05  4.94069769e-10  1.11339296e-08 
 1.76817299e+05  4.94066900e-10  1.11337513e-08 
 1.80894658e+05  4.94063918e-10  1.11335650e-08 
 1.85066040e+05  4.94060821e-10  1.11333706e-08 
 1.89333613e+05  4.94057604e-10  1.11331678e-08 
 1.93699595e+05  4.94054265e-10  1.11329561e-08 
 1.98166255e+05  4.94050800e-10  1.11327352e-08 
 2.02735916e+05  4.94047206e-10  1.11325047e-08 
 2.07410951e+05  4.94043478e-10  1.11322643e-08 
 2.12193792e+05  4.94039615e-10  1.11320134e-08 
 2.17086923e+05  4.94035611e-10  1.11317519e-08 
 2.22092889e+05  4.94031465e-10  1.11314791e-08 
 2.27214291e+05  4.94027172e-10  1.11311947e-08 
 2.32453791e+05  4.94022730e-10  1.11308981e-08 
 2.37814113e+05  4.94018135e-10  1.11305890e-08 
 2.43298042e+05  4.94013386e-10  1.11302668e-08 
 2.48908429e+05  4.94008478e-10  1.11299310e-08 
 2.54648190e+05  4.94003409e-10  1.11295812e-08 
 2.60520309e+05  4.93998177e-10  1.11292166e-08 
 2.66527837e+05  4.93992781e-10  1.11288369e-08 
 2.72673897e+05  4.93987216e-10  1.11284414e-08 
 2.78961683e+05  4.93981483e-10  1.11280294e-08 
 2.85394464e+05  4.93975580e-10  1.11276006e-08 
 2.91975583e+05  4.93969505e-10  1.11271540e-08 
 2.98708461e+05  4.93963257e-10  1.11266892e-08 
 3.05596598e+05  4.93956837e-10  1.11262054e-08 
 3.12643573e+05  4.93950245e-10  1.11257019e-08 
 3.19853049e+05  4.93943479e-10  1.11251780e-08 
 3.27228774e+05  4.93936542e-10  1.11246329e-08 
 3.34774581e+05  4.93929435e-10  1.11240660e-08 
 3.42494392e+05  4.93922159e-10  1.11234763e-08 
 3.50392221e+05  4.93914716e-10  1.11228631e-08 
 3.58472171e+05  4.93907110e-10  1.11222255e-08 
 3.66738442e+05  4.93899343e-10  1.11215626e-08 
 3.75195331e+05  4.93891420e-10  1.11208734e-08 
 3.83847234e+05  4.93883345e-10  1.11201572e-08 
 3.92698648e+05  4.93875122e-10  1.11194128e-08 
 4.01754173e+05  4.93866758e-10  1.11186392e-08 
 4.11018515e+05  4.93858260e-10  1.11178354e-08 
 4.20496491e+05  4.93849633e-10  1.11170002e-08 
 4.30193027e+05  4.93840885e-10  1.11161326e-08 
 4.40113162e+05  4.93832026e-10  1.11152314e-08 
 4.50262052e+05  4.93823063e-10  1.11142952e-08 
 4.60644974e+05  4.93814006e-10  1.11133228e-08 
 4.71267322e+05  4.93804865e-10  1.11123129e-08 
 4.82134619e+05  4.93795651e-10  1.11112641e-08 
 4.93252513e+05  4.93786376e-10  1.11101749e-08 
 5.04626783e+05  4.93777051e-10  1.11090437e-08 
 5.16263340e+05  4.93767688e-10  1.11078690e-08 
 5.28168234e+05  4.93758302e-10  1.11066490e-08 
 5.40347650e+05  4.93748906e-10  1.11053822e-08 
 5.52807921e+05  4.93739513e-10  1.11040664e-08 
 5.65555523e+05  4.93730138e-10  1.11027000e-08 
 5.78597080e+05  4.93720796e-10  1.11012809e-08 
 5.91939372e+05  4.93711503e-10  1.10998069e-08 
 6.05589334e+05  4.93702274e-10  1.10982759e-08 
 6.19554061e+05  4.93693125e-10  1.10966855e-08 
 6.33840810e+05  4.93684073e-10  1.10950332e-08 
 6.48457008e+05  4.93675134e-10  1.10933166e-08 
 6.63410251e+05  4.93666325e-10  1.10915329e-08 
 6.78708313e+05  4.93657663e-10  1.10896793e-08 
 6.94359143e+05  4.93649164e-10  1.10877529e-08 
 7.10370877e+05  4.93640846e-10  1.10857504e-08 
 7.26751838e+05  4.93632726e-10  1.10836688e-08 
 7.43510539e+05  4.93624821e-10  1.10815044e-08 
 7.60655691e+05  4.93617148e-10  1.10792538e-08 
 7.78196206e+05  4.93609724e-10  1.10769132e-08 
 7.96141200e+05  4.93602567e-10  1.10744786e-08 
 8.14500001e+05  4.93595693e-10  1.10719457e-08 
 8.33282151e+05  4.93589119e-10  1.10693104e-08 
 8.52497412e+05  4.93582862e-10  1.10665679e-08 
 8.72155772e+05  4.93576939e-10  1.10637136e-08 
 8.92267449e+05  4.93571366e-10  1.10607424e-08 
 9.12842895e+05  4.93566159e-10  1.10576490e-08 
 9.33892805e+05  4.93561335e-10  1.10544280e-08 
 9.55428121e+05  4.93556911e-10  1.10510736e-08 
 9.77460036e+05  4.93552902e-10  1.10475797e-08 
 1.00000000e+06  4.93549324e-10  1.10439402e-08 
 1.02305973e+06  4.93546194e-10  1.10401483e-08 
 1.04665121e+06  4.93543528e-10  1.10361972e-08 
 1.07078670e+06  4.93541342e-10  1.10320798e-08 
 1.09547876e+06  4.93539652e-10  1.10277885e-08 
 1.12074020e+06  4.93538474e-10  1.10233155e-08 
 1.14658417e+06  4.93537825e-10  1.10186527e-08 
 1.17302409e+06  4.93537722e-10  1.10137915e-08 
 1.20007371e+06  4.93538181e-10  1.10087230e-08 
 1.22774708e+06  4.93539220e-10  1.10034381e-08 
 1.25605860e+06  4.93540857e-10  1.09979270e-08 
 1.28502297e+06  4.93543108e-10  1.09921798e-08 
 1.31465525e+06  4.93545994e-10  1.09861860e-08 
 1.34497085e+06  4.93549533e-10  1.09799348e-08 
 1.37598551e+06  4.93553744e-10  1.09734148e-08 
 1.40771537e+06  4.93558648e-10  1.09666144e-08 
 1.44017690e+06  4.93564265e-10  1.09595213e-08 
 1.47338699e+06  4.93570618e-10  1.09521229e-08 
 1.50736290e+06  4.93577730e-10  1.09444060e-08 
 1.54212228e+06  4.93585624e-10  1.09363570e-08 
 1.57768320e+06  4.93594324e-10  1.09279618e-08 
 1.61406415e+06  4.93603856e-10  1.09192057e-08 
 1.65128404e+06  4.93614247e-10  1.09100735e-08 
 1.68936220e+06  4.93625526e-10  1.09005495e-08 
 1.72831844e+06  4.93637722e-10  1.08906174e-08 
 1.76817299e+06  4.93650866e-10  1.08802605e-08 
 1.80894658e+06  4.93664989e-10  1.08694612e-08 
 1.85066040e+06  4.93680127e-10  1.08582016e-08 
 1.89333613e+06  4.93696315e-10  1.08464632e-08 
 1.93699595e+06  4.93713589e-10  1.08342269e-08 
 1.98166255e+06  4.93731990e-10  1.08214728e-08 
 2.02735916e+06  4.93751558e-10  1.08081807e-08 
 2.07410951e+06  4.93772338e-10  1.07943296e-08 
 2.12193792e+06  4.93794373e-10  1.07798981e-08 
 2.17086923e+06  4.93817712e-10  1.07648639e-08 
 2.22092889e+06  4.93842406e-10  1.07492044e-08 
 2.27214291e+06  4.93868505e-10  1.07328962e-08 
 2.32453791e+06  4.93896065e-10  1.07159155e-08 
 2.37814113e+06  4.93925144e-10  1.06982378e-08 
 2.43298042e+06  4.93955801e-10  1.06798381e-08 
 2.48908429e+06  4.93988102e-10  1.06606909e-08 
 2.54648190e+06  4.94022110e-10  1.06407701e-08 
 2.60520309e+06  4.94057898e-10  1.06200492e-08 
 2.66527837e+06  4.94095536e-10  1.05985011e-08 
 2.72673897e+06  4.94135101e-10  1.05760985e-08 
 2.78961683e+06  4.94176673e-10  1.05528133e-08 
 2.85394464e+06  4.94220336e-10  1.05286176e-08 
 2.91975583e+06  4.94266177e-10  1.05034828e-08 
 2.98708461e+06  4.94314287e-10  1.04773801e-08 
 3.05596598e+06  4.94364762e-10  1.04502805e-08 
 3.12643573e+06  4.94417702e-10  1.04221549e-08 
 3.19853049e+06  4.94473210e-10  1.03929742e-08 
 3.27228774e+06  4.94531398e-10  1.03627092e-08 
 3.34774581e+06  4.94592376e-10  1.03313307e-08 
 3.42494392e+06  4.94656266e-10  1.02988097e-08 
 3.50392221e+06  4.94723190e-10  1.02651176e-08 
 3.58472171e+06  4.94793279e-10  1.02302260e-08 
 3.66738442e+06  4.94866667e-10  1.01941069e-08 
 3.75195331e+06  4.94943496e-10  1.01567329e-08 
 3.83847234e+06  4.95023912e-10  1.01180772e-08 
 3.92698648e+06  4.95108069e-10  1.00781140e-08 
 4.01754173e+06  4.95196124e-10  1.00368181e-08 
 4.11018515e+06  4.95288246e-10  9.99416536e-09 
 4.20496491e+06  4.95384607e-10  9.95013296e-09 
 4.30193027e+06  4.95485386e-10  9.90469921e-09 
 4.40113162e+06  4.95590770e-10  9.85784387e-09 
 4.50262052e+06  4.95700956e-10  9.80954823e-09 
 4.60644974e+06  4.95816144e-10  9.75979532e-09 
 4.71267322e+06  4.95936545e-10  9.70856989e-09 
 4.82134619e+06  4.96062378e-10  9.65585878e-09 
 4.93252513e+06  4.96193871e-10  9.60165083e-09 
 5.04626783e+06  4.96331256e-10  9.54593712e-09 
 5.16263340e+06  4.96474779e-10  9.48871111e-09 
 5.28168234e+06  4.96624693e-10  9.42996878e-09 
 5.40347650e+06  4.96781261e-10  9.36970863e-09 
 5.52807921e+06  4.96944755e-10  9.30793195e-09 
 5.65555523e+06  4.97115454e-10  9.24464276e-09 
 5.78597080e+06  4.97293651e-10  9.17984807e-09 
 5.91939372e+06  4.97479647e-10  9.11355782e-09 
 6.05589334e+06  4.97673752e-10  9.04578506e-09 
 6.19554061e+06  4.97876287e-10  8.97654587e-09 
 6.33840810e+06  4.98087584e-10  8.90585961e-09 
 6.48457008e+06  4.98307984e-10  8.83374871e-09 
 6.63410251e+06  4.98537839e-10  8.76023885e-09 
 6.78708313e+06  4.98777512e-10  8.68535889e-09 
 6.94359143e+06  4.99027375e-10  8.60914087e-09 
 7.10370877e+06  4.99287811e-10  8.53161988e-09 
 7.26751838e+06  4.99559213e-10  8.45283418e-09 
 7.43510539e+06  4.99841984e-10  8.37282497e-09 
 7.60655691e+06  5.00136540e-10  8.29163636e-09 
 7.78196206e+06  5.00443300e-10  8.20931523e-09 
 7.96141200e+06  5.00762700e-10  8.12591113e-09 
 8.14500001e+06  5.01095177e-10  8.04147611e-09 
 8.33282151e+06  5.01441186e-10  7.95606464e-09 
 8.52497412e+06  5.01801181e-10  7.86973330e-09 
 8.72155772e+06  5.02175630e-10  7.78254068e-09 
 8.92267449e+06  5.02565005e-10  7.69454722e-09 
 9.12842895e+06  5.02969785e-10  7.60581491e-09 
 9.33892805e+06  5.03390454e-10  7.51640713e-09 
 9.55428121e+06  5.03827502e-10  7.42638841e-09 
 9.77460036e+06  5.04281422e-10  7.33582421e-09 
 1.00000000e+07  5.04752705e-10  7.24478066e-09 
