 frequency       inoise_spectrum onoise_spectrum
 1.00000000e+00  1.53799571e-09  3.42766528e-08 
 1.02305973e+00  1.53473941e-09  3.42040809e-08 
 1.04665121e+00  1.53154981e-09  3.41329957e-08 
 1.07078670e+00  1.52842568e-09  3.40633694e-08 
 1.09547876e+00  1.52536577e-09  3.39951747e-08 
 1.12074020e+00  1.52236890e-09  3.39283846e-08 
 1.14658417e+00  1.51943386e-09  3.38629726e-08 
 1.17302409e+00  1.51655948e-09  3.37989126e-08 
 1.20007371e+00  1.51374462e-09  3.37361790e-08 
 1.22774708e+00  1.51098814e-09  3.36747465e-08 
 1.25605860e+00  1.50828892e-09  3.36145902e-08 
 1.28502297e+00  1.50564587e-09  3.35556855e-08 
 1.31465525e+00  1.50305789e-09  3.34980085e-08 
 1.34497085e+00  1.50052394e-09  3.34415353e-08 
 1.37598551e+00  1.49804296e-09  3.33862428e-08 
 1.40771537e+00  1.49561392e-09  3.33321079e-08 
 1.44017690e+00  1.49323582e-09  3.32791081e-08 
 1.47338699e+00  1.49090765e-09  3.32272212e-08 
 1.50736290e+00  1.48862844e-09  3.31764254e-08 
 1.54212228e+00  1.48639722e-09  3.31266992e-08 
 1.57768320e+00  1.48421306e-09  3.30780217e-08 
 1.61406415e+00  1.48207501e-09  3.30303720e-08 
 1.65128404e+00  1.47998217e-09  3.29837298e-08 
 1.68936220e+00  1.47793364e-09  3.29380750e-08 
 1.72831844e+00  1.47592854e-09  3.28933881e-08 
 1.76817299e+00  1.47396599e-09  3.28496497e-08 
 1.80894658e+00  1.47204515e-09  3.28068408e-08 
 1.85066040e+00  1.47016518e-09  3.27649427e-08 
 1.89333613e+00  1.46832526e-09  3.27239372e-08 
 1.93699595e+00  1.46652458e-09  3.26838063e-08 
 1.98166255e+00  1.46476235e-09  3.26445322e-08 
 2.02735916e+00  1.46303779e-09  3.26060976e-08 
 2.07410951e+00  1.46135013e-09  3.25684855e-08 
 2.12193792e+00  1.45969863e-09  3.25316791e-08 
 2.17086923e+00  1.45808254e-09  3.24956621e-08 
 2.22092889e+00  1.45650115e-09  3.24604183e-08 
 2.27214291e+00  1.45495374e-09  3.24259318e-08 
 2.32453791e+00  1.45343962e-09  3.23921872e-08 
 2.37814113e+00  1.45195810e-09  3.23591692e-08 
 2.43298042e+00  1.45050851e-09  3.23268628e-08 
 2.48908429e+00  1.44909019e-09  3.22952533e-08 
 2.54648190e+00  1.44770250e-09  3.22643264e-08 
 2.60520309e+00  1.44634480e-09  3.22340680e-08 
 2.66527837e+00  1.44501647e-09  3.22044640e-08 
 2.72673897e+00  1.44371690e-09  3.21755010e-08 
 2.78961683e+00  1.44244548e-09  3.21471657e-08 
 2.85394464e+00  1.44120165e-09  3.21194448e-08 
 2.91975583e+00  1.43998481e-09  3.20923256e-08 
 2.98708461e+00  1.43879440e-09  3.20657956e-08 
 3.05596598e+00  1.43762988e-09  3.20398423e-08 
 3.12643573e+00  1.43649069e-09  3.20144536e-08 
 3.19853049e+00  1.43537630e-09  3.19896177e-08 
 3.27228774e+00  1.43428619e-09  3.19653230e-08 
 3.34774581e+00  1.43321986e-09  3.19415580e-08 
 3.42494392e+00  1.43217679e-09  3.19183116e-08 
 3.50392221e+00  1.43115650e-09  3.18955728e-08 
 3.58472171e+00  1.43015850e-09  3.18733308e-08 
 3.66738442e+00  1.42918232e-09  3.18515752e-08 
 3.75195331e+00  1.42822750e-09  3.18302955e-08 
 3.83847234e+00  1.42729359e-09  3.18094818e-08 
 3.92698648e+00  1.42638013e-09  3.17891240e-08 
 4.01754173e+00  1.42548670e-09  3.17692125e-08 
 4.11018515e+00  1.42461286e-09  3.17497377e-08 
 4.20496491e+00  1.42375821e-09  3.17306903e-08 
 4.30193027e+00  1.42292232e-09  3.17120612e-08 
 4.40113162e+00  1.42210479e-09  3.16938414e-08 
 4.50262052e+00  1.42130524e-09  3.16760221e-08 
 4.60644974e+00  1.42052328e-09  3.16585948e-08 
 4.71267322e+00  1.41975852e-09  3.16415511e-08 
 4.82134619e+00  1.41901061e-09  3.16248826e-08 
 4.93252513e+00  1.41827917e-09  3.16085813e-08 
 5.04626783e+00  1.41756385e-09  3.15926393e-08 
 5.16263340e+00  1.41686431e-09  3.15770489e-08 
 5.28168234e+00  1.41618020e-09  3.15618025e-08 
 5.40347650e+00  1.41551119e-09  3.15468926e-08 
 5.52807921e+00  1.41485696e-09  3.15323119e-08 
 5.65555523e+00  1.41421717e-09  3.15180534e-08 
 5.78597080e+00  1.41359153e-09  3.15041100e-08 
 5.91939372e+00  1.41297973e-09  3.14904750e-08 
 6.05589334e+00  1.41238146e-09  3.14771415e-08 
 6.19554061e+00  1.41179642e-09  3.14641032e-08 
 6.33840810e+00  1.41122434e-09  3.14513535e-08 
 6.48457008e+00  1.41066493e-09  3.14388861e-08 
 6.63410251e+00  1.41011792e-09  3.14266950e-08 
 6.78708313e+00  1.40958303e-09  3.14147742e-08 
 6.94359143e+00  1.40906000e-09  3.14031176e-08 
 7.10370877e+00  1.40854857e-09  3.13917196e-08 
 7.26751838e+00  1.40804849e-09  3.13805745e-08 
 7.43510539e+00  1.40755951e-09  3.13696768e-08 
 7.60655691e+00  1.40708139e-09  3.13590211e-08 
 7.78196206e+00  1.40661388e-09  3.13486021e-08 
 7.96141200e+00  1.40615677e-09  3.13384145e-08 
 8.14500001e+00  1.40570981e-09  3.13284534e-08 
 8.33282151e+00  1.40527279e-09  3.13187137e-08 
 8.52497412e+00  1.40484549e-09  3.13091907e-08 
 8.72155772e+00  1.40442769e-09  3.12998794e-08 
 8.92267449e+00  1.40401920e-09  3.12907754e-08 
 9.12842895e+00  1.40361979e-09  3.12818740e-08 
 9.33892805e+00  1.40322928e-09  3.12731709e-08 
 9.55428121e+00  1.40284746e-09  3.12646615e-08 
 9.77460036e+00  1.40247415e-09  3.12563417e-08 
 1.00000000e+01  1.40210916e-09  3.12482073e-08 
 1.02305973e+01  1.40175231e-09  3.12402542e-08 
 1.04665121e+01  1.40140341e-09  3.12324784e-08 
 1.07078670e+01  1.40106229e-09  3.12248760e-08 
 1.09547876e+01  1.40072877e-09  3.12174432e-08 
 1.12074020e+01  1.40040270e-09  3.12101761e-08 
 1.14658417e+01  1.40008391e-09  3.12030713e-08 
 1.17302409e+01  1.39977223e-09  3.11961250e-08 
 1.20007371e+01  1.39946751e-09  3.11893338e-08 
 1.22774708e+01  1.39916959e-09  3.11826943e-08 
 1.25605860e+01  1.39887833e-09  3.11762030e-08 
 1.28502297e+01  1.39859357e-09  3.11698568e-08 
 1.31465525e+01  1.39831517e-09  3.11636523e-08 
 1.34497085e+01  1.39804300e-09  3.11575865e-08 
 1.37598551e+01  1.39777691e-09  3.11516563e-08 
 1.40771537e+01  1.39751677e-09  3.11458586e-08 
 1.44017690e+01  1.39726245e-09  3.11401906e-08 
 1.47338699e+01  1.39701381e-09  3.11346493e-08 
 1.50736290e+01  1.39677073e-09  3.11292320e-08 
 1.54212228e+01  1.39653310e-09  3.11239359e-08 
 1.57768320e+01  1.39630078e-09  3.11187583e-08 
 1.61406415e+01  1.39607366e-09  3.11136966e-08 
 1.65128404e+01  1.39585162e-09  3.11087481e-08 
 1.68936220e+01  1.39563455e-09  3.11039105e-08 
 1.72831844e+01  1.39542235e-09  3.10991811e-08 
 1.76817299e+01  1.39521489e-09  3.10945577e-08 
 1.80894658e+01  1.39501208e-09  3.10900378e-08 
 1.85066040e+01  1.39481382e-09  3.10856191e-08 
 1.89333613e+01  1.39461999e-09  3.10812994e-08 
 1.93699595e+01  1.39443051e-09  3.10770765e-08 
 1.98166255e+01  1.39424528e-09  3.10729483e-08 
 2.02735916e+01  1.39406419e-09  3.10689126e-08 
 2.07410951e+01  1.39388717e-09  3.10649673e-08 
 2.12193792e+01  1.39371411e-09  3.10611104e-08 
 2.17086923e+01  1.39354494e-09  3.10573401e-08 
 2.22092889e+01  1.39337955e-09  3.10536543e-08 
 2.27214291e+01  1.39321788e-09  3.10500511e-08 
 2.32453791e+01  1.39305983e-09  3.10465287e-08 
 2.37814113e+01  1.39290533e-09  3.10430854e-08 
 2.43298042e+01  1.39275429e-09  3.10397193e-08 
 2.48908429e+01  1.39260664e-09  3.10364287e-08 
 2.54648190e+01  1.39246231e-09  3.10332119e-08 
 2.60520309e+01  1.39232121e-09  3.10300674e-08 
 2.66527837e+01  1.39218328e-09  3.10269934e-08 
 2.72673897e+01  1.39204844e-09  3.10239884e-08 
 2.78961683e+01  1.39191664e-09  3.10210508e-08 
 2.85394464e+01  1.39178779e-09  3.10181792e-08 
 2.91975583e+01  1.39166183e-09  3.10153721e-08 
 2.98708461e+01  1.39153870e-09  3.10126279e-08 
 3.05596598e+01  1.39141834e-09  3.10099454e-08 
 3.12643573e+01  1.39130068e-09  3.10073232e-08 
 3.19853049e+01  1.39118566e-09  3.10047598e-08 
 3.27228774e+01  1.39107322e-09  3.10022540e-08 
 3.34774581e+01  1.39096331e-09  3.09998045e-08 
 3.42494392e+01  1.39085587e-09  3.09974100e-08 
 3.50392221e+01  1.39075085e-09  3.09950693e-08 
 3.58472171e+01  1.39064818e-09  3.09927812e-08 
 3.66738442e+01  1.39054782e-09  3.09905445e-08 
 3.75195331e+01  1.39044971e-09  3.09883581e-08 
 3.83847234e+01  1.39035381e-09  3.09862208e-08 
 3.92698648e+01  1.39026007e-09  3.09841315e-08 
 4.01754173e+01  1.39016843e-09  3.09820892e-08 
 4.11018515e+01  1.39007885e-09  3.09800928e-08 
 4.20496491e+01  1.38999128e-09  3.09781413e-08 
 4.30193027e+01  1.38990569e-09  3.09762336e-08 
 4.40113162e+01  1.38982201e-09  3.09743688e-08 
 4.50262052e+01  1.38974022e-09  3.09725460e-08 
 4.60644974e+01  1.38966027e-09  3.09707641e-08 
 4.71267322e+01  1.38958211e-09  3.09690223e-08 
 4.82134619e+01  1.38950572e-09  3.09673197e-08 
 4.93252513e+01  1.38943104e-09  3.09656553e-08 
 5.04626783e+01  1.38935804e-09  3.09640284e-08 
 5.16263340e+01  1.38928668e-09  3.09624380e-08 
 5.28168234e+01  1.38921692e-09  3.09608835e-08 
 5.40347650e+01  1.38914874e-09  3.09593638e-08 
 5.52807921e+01  1.38908209e-09  3.09578784e-08 
 5.65555523e+01  1.38901693e-09  3.09564264e-08 
 5.78597080e+01  1.38895325e-09  3.09550070e-08 
 5.91939372e+01  1.38889099e-09  3.09536196e-08 
 6.05589334e+01  1.38883014e-09  3.09522634e-08 
 6.19554061e+01  1.38877066e-09  3.09509377e-08 
 6.33840810e+01  1.38871251e-09  3.09496418e-08 
 6.48457008e+01  1.38865567e-09  3.09483751e-08 
 6.63410251e+01  1.38860011e-09  3.09471369e-08 
 6.78708313e+01  1.38854581e-09  3.09459265e-08 
 6.94359143e+01  1.38849272e-09  3.09447434e-08 
 7.10370877e+01  1.38844083e-09  3.09435869e-08 
 7.26751838e+01  1.38839010e-09  3.09424565e-08 
 7.43510539e+01  1.38834052e-09  3.09413514e-08 
 7.60655691e+01  1.38829205e-09  3.09402713e-08 
 7.78196206e+01  1.38824468e-09  3.09392154e-08 
 7.96141200e+01  1.38819837e-09  3.09381833e-08 
 8.14500001e+01  1.38815310e-09  3.09371745e-08 
 8.33282151e+01  1.38810885e-09  3.09361883e-08 
 8.52497412e+01  1.38806560e-09  3.09352244e-08 
 8.72155772e+01  1.38802332e-09  3.09342821e-08 
 8.92267449e+01  1.38798199e-09  3.09333611e-08 
 9.12842895e+01  1.38794160e-09  3.09324608e-08 
 9.33892805e+01  1.38790211e-09  3.09315807e-08 
 9.55428121e+01  1.38786351e-09  3.09307205e-08 
 9.77460036e+01  1.38782578e-09  3.09298796e-08 
 1.00000000e+02  1.38778890e-09  3.09290577e-08 
 1.02305973e+02  1.38775285e-09  3.09282543e-08 
 1.04665121e+02  1.38771761e-09  3.09274689e-08 
 1.07078670e+02  1.38768317e-09  3.09267013e-08 
 1.09547876e+02  1.38764950e-09  3.09259509e-08 
 1.12074020e+02  1.38761659e-09  3.09252174e-08 
 1.14658417e+02  1.38758442e-09  3.09245005e-08 
 1.17302409e+02  1.38755297e-09  3.09237997e-08 
 1.20007371e+02  1.38752223e-09  3.09231146e-08 
 1.22774708e+02  1.38749219e-09  3.09224450e-08 
 1.25605860e+02  1.38746282e-09  3.09217905e-08 
 1.28502297e+02  1.38743411e-09  3.09211507e-08 
 1.31465525e+02  1.38740605e-09  3.09205253e-08 
 1.34497085e+02  1.38737862e-09  3.09199140e-08 
 1.37598551e+02  1.38735181e-09  3.09193165e-08 
 1.40771537e+02  1.38732561e-09  3.09187324e-08 
 1.44017690e+02  1.38729999e-09  3.09181615e-08 
 1.47338699e+02  1.38727495e-09  3.09176034e-08 
 1.50736290e+02  1.38725047e-09  3.09170579e-08 
 1.54212228e+02  1.38722655e-09  3.09165247e-08 
 1.57768320e+02  1.38720316e-09  3.09160035e-08 
 1.61406415e+02  1.38718030e-09  3.09154941e-08 
 1.65128404e+02  1.38715796e-09  3.09149961e-08 
 1.68936220e+02  1.38713612e-09  3.09145093e-08 
 1.72831844e+02  1.38711477e-09  3.09140335e-08 
 1.76817299e+02  1.38709390e-09  3.09135684e-08 
 1.80894658e+02  1.38707350e-09  3.09131138e-08 
 1.85066040e+02  1.38705356e-09  3.09126694e-08 
 1.89333613e+02  1.38703407e-09  3.09122351e-08 
 1.93699595e+02  1.38701502e-09  3.09118105e-08 
 1.98166255e+02  1.38699640e-09  3.09113955e-08 
 2.02735916e+02  1.38697820e-09  3.09109898e-08 
 2.07410951e+02  1.38696041e-09  3.09105933e-08 
 2.12193792e+02  1.38694301e-09  3.09102057e-08 
 2.17086923e+02  1.38692602e-09  3.09098268e-08 
 2.22092889e+02  1.38690940e-09  3.09094565e-08 
 2.27214291e+02  1.38689316e-09  3.09090945e-08 
 2.32453791e+02  1.38687728e-09  3.09087407e-08 
 2.37814113e+02  1.38686176e-09  3.09083948e-08 
 2.43298042e+02  1.38684659e-09  3.09080567e-08 
 2.48908429e+02  1.38683177e-09  3.09077263e-08 
 2.54648190e+02  1.38681727e-09  3.09074033e-08 
 2.60520309e+02  1.38680311e-09  3.09070875e-08 
 2.66527837e+02  1.38678926e-09  3.09067789e-08 
 2.72673897e+02  1.38677572e-09  3.09064773e-08 
 2.78961683e+02  1.38676249e-09  3.09061824e-08 
 2.85394464e+02  1.38674956e-09  3.09058942e-08 
 2.91975583e+02  1.38673692e-09  3.09056124e-08 
 2.98708461e+02  1.38672456e-09  3.09053370e-08 
 3.05596598e+02  1.38671249e-09  3.09050678e-08 
 3.12643573e+02  1.38670068e-09  3.09048047e-08 
 3.19853049e+02  1.38668914e-09  3.09045475e-08 
 3.27228774e+02  1.38667786e-09  3.09042961e-08 
 3.34774581e+02  1.38666684e-09  3.09040504e-08 
 3.42494392e+02  1.38665606e-09  3.09038102e-08 
 3.50392221e+02  1.38664553e-09  3.09035754e-08 
 3.58472171e+02  1.38663523e-09  3.09033459e-08 
 3.66738442e+02  1.38662516e-09  3.09031216e-08 
 3.75195331e+02  1.38661533e-09  3.09029023e-08 
 3.83847234e+02  1.38660571e-09  3.09026880e-08 
 3.92698648e+02  1.38659631e-09  3.09024785e-08 
 4.01754173e+02  1.38658712e-09  3.09022737e-08 
 4.11018515e+02  1.38657814e-09  3.09020735e-08 
 4.20496491e+02  1.38656936e-09  3.09018778e-08 
 4.30193027e+02  1.38656078e-09  3.09016866e-08 
 4.40113162e+02  1.38655240e-09  3.09014996e-08 
 4.50262052e+02  1.38654420e-09  3.09013169e-08 
 4.60644974e+02  1.38653618e-09  3.09011382e-08 
 4.71267322e+02  1.38652835e-09  3.09009636e-08 
 4.82134619e+02  1.38652069e-09  3.09007930e-08 
 4.93252513e+02  1.38651321e-09  3.09006261e-08 
 5.04626783e+02  1.38650590e-09  3.09004631e-08 
 5.16263340e+02  1.38649874e-09  3.09003037e-08 
 5.28168234e+02  1.38649176e-09  3.09001478e-08 
 5.40347650e+02  1.38648492e-09  3.08999955e-08 
 5.52807921e+02  1.38647825e-09  3.08998467e-08 
 5.65555523e+02  1.38647172e-09  3.08997011e-08 
 5.78597080e+02  1.38646534e-09  3.08995589e-08 
 5.91939372e+02  1.38645910e-09  3.08994199e-08 
 6.05589334e+02  1.38645301e-09  3.08992839e-08 
 6.19554061e+02  1.38644705e-09  3.08991511e-08 
 6.33840810e+02  1.38644122e-09  3.08990212e-08 
 6.48457008e+02  1.38643553e-09  3.08988943e-08 
 6.63410251e+02  1.38642997e-09  3.08987702e-08 
 6.78708313e+02  1.38642453e-09  3.08986489e-08 
 6.94359143e+02  1.38641921e-09  3.08985303e-08 
 7.10370877e+02  1.38641401e-09  3.08984144e-08 
 7.26751838e+02  1.38640893e-09  3.08983011e-08 
 7.43510539e+02  1.38640397e-09  3.08981904e-08 
 7.60655691e+02  1.38639911e-09  3.08980821e-08 
 7.78196206e+02  1.38639437e-09  3.08979763e-08 
 7.96141200e+02  1.38638973e-09  3.08978729e-08 
 8.14500001e+02  1.38638520e-09  3.08977717e-08 
 8.33282151e+02  1.38638077e-09  3.08976729e-08 
 8.52497412e+02  1.38637644e-09  3.08975763e-08 
 8.72155772e+02  1.38637221e-09  3.08974818e-08 
 8.92267449e+02  1.38636807e-09  3.08973895e-08 
 9.12842895e+02  1.38636402e-09  3.08972992e-08 
 9.33892805e+02  1.38636007e-09  3.08972110e-08 
 9.55428121e+02  1.38635621e-09  3.08971247e-08 
 9.77460036e+02  1.38635243e-09  3.08970404e-08 
 1.00000000e+03  1.38634874e-09  3.08969579e-08 
 1.02305973e+03  1.38634513e-09  3.08968774e-08 
 1.04665121e+03  1.38634160e-09  3.08967986e-08 
 1.07078670e+03  1.38633815e-09  3.08967216e-08 
 1.09547876e+03  1.38633478e-09  3.08966463e-08 
 1.12074020e+03  1.38633149e-09  3.08965726e-08 
 1.14658417e+03  1.38632827e-09  3.08965007e-08 
 1.17302409e+03  1.38632512e-09  3.08964303e-08 
 1.20007371e+03  1.38632205e-09  3.08963615e-08 
 1.22774708e+03  1.38631904e-09  3.08962943e-08 
 1.25605860e+03  1.38631610e-09  3.08962285e-08 
 1.28502297e+03  1.38631323e-09  3.08961642e-08 
 1.31465525e+03  1.38631042e-09  3.08961014e-08 
 1.34497085e+03  1.38630767e-09  3.08960399e-08 
 1.37598551e+03  1.38630499e-09  3.08959798e-08 
 1.40771537e+03  1.38630237e-09  3.08959210e-08 
 1.44017690e+03  1.38629980e-09  3.08958636e-08 
 1.47338699e+03  1.38629730e-09  3.08958074e-08 
 1.50736290e+03  1.38629485e-09  3.08957524e-08 
 1.54212228e+03  1.38629246e-09  3.08956987e-08 
 1.57768320e+03  1.38629011e-09  3.08956462e-08 
 1.61406415e+03  1.38628783e-09  3.08955948e-08 
 1.65128404e+03  1.38628559e-09  3.08955445e-08 
 1.68936220e+03  1.38628341e-09  3.08954954e-08 
 1.72831844e+03  1.38628127e-09  3.08954473e-08 
 1.76817299e+03  1.38627918e-09  3.08954003e-08 
 1.80894658e+03  1.38627714e-09  3.08953543e-08 
 1.85066040e+03  1.38627515e-09  3.08953093e-08 
 1.89333613e+03  1.38627320e-09  3.08952652e-08 
 1.93699595e+03  1.38627129e-09  3.08952222e-08 
 1.98166255e+03  1.38626943e-09  3.08951800e-08 
 2.02735916e+03  1.38626761e-09  3.08951388e-08 
 2.07410951e+03  1.38626583e-09  3.08950984e-08 
 2.12193792e+03  1.38626409e-09  3.08950589e-08 
 2.17086923e+03  1.38626238e-09  3.08950203e-08 
 2.22092889e+03  1.38626072e-09  3.08949825e-08 
 2.27214291e+03  1.38625910e-09  3.08949454e-08 
 2.32453791e+03  1.38625751e-09  3.08949092e-08 
 2.37814113e+03  1.38625596e-09  3.08948737e-08 
 2.43298042e+03  1.38625444e-09  3.08948390e-08 
 2.48908429e+03  1.38625296e-09  3.08948049e-08 
 2.54648190e+03  1.38625151e-09  3.08947716e-08 
 2.60520309e+03  1.38625009e-09  3.08947389e-08 
 2.66527837e+03  1.38624870e-09  3.08947069e-08 
 2.72673897e+03  1.38624735e-09  3.08946756e-08 
 2.78961683e+03  1.38624603e-09  3.08946449e-08 
 2.85394464e+03  1.38624473e-09  3.08946148e-08 
 2.91975583e+03  1.38624347e-09  3.08945852e-08 
 2.98708461e+03  1.38624223e-09  3.08945563e-08 
 3.05596598e+03  1.38624102e-09  3.08945279e-08 
 3.12643573e+03  1.38623984e-09  3.08945000e-08 
 3.19853049e+03  1.38623869e-09  3.08944727e-08 
 3.27228774e+03  1.38623756e-09  3.08944459e-08 
 3.34774581e+03  1.38623646e-09  3.08944195e-08 
 3.42494392e+03  1.38623538e-09  3.08943936e-08 
 3.50392221e+03  1.38623432e-09  3.08943682e-08 
 3.58472171e+03  1.38623329e-09  3.08943433e-08 
 3.66738442e+03  1.38623229e-09  3.08943187e-08 
 3.75195331e+03  1.38623130e-09  3.08942946e-08 
 3.83847234e+03  1.38623034e-09  3.08942708e-08 
 3.92698648e+03  1.38622940e-09  3.08942474e-08 
 4.01754173e+03  1.38622848e-09  3.08942244e-08 
 4.11018515e+03  1.38622758e-09  3.08942017e-08 
 4.20496491e+03  1.38622671e-09  3.08941794e-08 
 4.30193027e+03  1.38622585e-09  3.08941573e-08 
 4.40113162e+03  1.38622501e-09  3.08941356e-08 
 4.50262052e+03  1.38622419e-09  3.08941141e-08 
 4.60644974e+03  1.38622339e-09  3.08940929e-08 
 4.71267322e+03  1.38622260e-09  3.08940719e-08 
 4.82134619e+03  1.38622184e-09  3.08940512e-08 
 4.93252513e+03  1.38622109e-09  3.08940307e-08 
 5.04626783e+03  1.38622036e-09  3.08940104e-08 
 5.16263340e+03  1.38621964e-09  3.08939903e-08 
 5.28168234e+03  1.38621894e-09  3.08939703e-08 
 5.40347650e+03  1.38621826e-09  3.08939505e-08 
 5.52807921e+03  1.38621759e-09  3.08939308e-08 
 5.65555523e+03  1.38621694e-09  3.08939112e-08 
 5.78597080e+03  1.38621630e-09  3.08938917e-08 
 5.91939372e+03  1.38621568e-09  3.08938723e-08 
 6.05589334e+03  1.38621507e-09  3.08938529e-08 
 6.19554061e+03  1.38621447e-09  3.08938336e-08 
 6.33840810e+03  1.38621389e-09  3.08938143e-08 
 6.48457008e+03  1.38621332e-09  3.08937950e-08 
 6.63410251e+03  1.38621276e-09  3.08937757e-08 
 6.78708313e+03  1.38621222e-09  3.08937563e-08 
 6.94359143e+03  1.38621169e-09  3.08937368e-08 
 7.10370877e+03  1.38621117e-09  3.08937173e-08 
 7.26751838e+03  1.38621066e-09  3.08936977e-08 
 7.43510539e+03  1.38621016e-09  3.08936779e-08 
 7.60655691e+03  1.38620968e-09  3.08936580e-08 
 7.78196206e+03  1.38620920e-09  3.08936379e-08 
 7.96141200e+03  1.38620874e-09  3.08936176e-08 
 8.14500001e+03  1.38620829e-09  3.08935970e-08 
 8.33282151e+03  1.38620784e-09  3.08935762e-08 
 8.52497412e+03  1.38620741e-09  3.08935551e-08 
 8.72155772e+03  1.38620699e-09  3.08935337e-08 
 8.92267449e+03  1.38620657e-09  3.08935120e-08 
 9.12842895e+03  1.38620617e-09  3.08934898e-08 
 9.33892805e+03  1.38620577e-09  3.08934673e-08 
 9.55428121e+03  1.38620539e-09  3.08934443e-08 
 9.77460036e+03  1.38620501e-09  3.08934209e-08 
 1.00000000e+04  1.38620464e-09  3.08933969e-08 
 1.02305973e+04  1.38620428e-09  3.08933724e-08 
 1.04665121e+04  1.38620393e-09  3.08933473e-08 
 1.07078670e+04  1.38620358e-09  3.08933216e-08 
 1.09547876e+04  1.38620324e-09  3.08932952e-08 
 1.12074020e+04  1.38620291e-09  3.08932681e-08 
 1.14658417e+04  1.38620259e-09  3.08932402e-08 
 1.17302409e+04  1.38620228e-09  3.08932115e-08 
 1.20007371e+04  1.38620197e-09  3.08931820e-08 
 1.22774708e+04  1.38620167e-09  3.08931516e-08 
 1.25605860e+04  1.38620137e-09  3.08931202e-08 
 1.28502297e+04  1.38620109e-09  3.08930878e-08 
 1.31465525e+04  1.38620081e-09  3.08930543e-08 
 1.34497085e+04  1.38620053e-09  3.08930197e-08 
 1.37598551e+04  1.38620026e-09  3.08929840e-08 
 1.40771537e+04  1.38620000e-09  3.08929469e-08 
 1.44017690e+04  1.38619974e-09  3.08929086e-08 
 1.47338699e+04  1.38619949e-09  3.08928688e-08 
 1.50736290e+04  1.38619925e-09  3.08928276e-08 
 1.54212228e+04  1.38619901e-09  3.08927849e-08 
 1.57768320e+04  1.38619877e-09  3.08927405e-08 
 1.61406415e+04  1.38619855e-09  3.08926944e-08 
 1.65128404e+04  1.38619832e-09  3.08926465e-08 
 1.68936220e+04  1.38619810e-09  3.08925967e-08 
 1.72831844e+04  1.38619789e-09  3.08925449e-08 
 1.76817299e+04  1.38619768e-09  3.08924910e-08 
 1.80894658e+04  1.38619748e-09  3.08924350e-08 
 1.85066040e+04  1.38619728e-09  3.08923767e-08 
 1.89333613e+04  1.38619708e-09  3.08923159e-08 
 1.93699595e+04  1.38619689e-09  3.08922526e-08 
 1.98166255e+04  1.38619670e-09  3.08921867e-08 
 2.02735916e+04  1.38619652e-09  3.08921179e-08 
 2.07410951e+04  1.38619634e-09  3.08920463e-08 
 2.12193792e+04  1.38619617e-09  3.08919715e-08 
 2.17086923e+04  1.38619600e-09  3.08918936e-08 
 2.22092889e+04  1.38619583e-09  3.08918123e-08 
 2.27214291e+04  1.38619567e-09  3.08917274e-08 
 2.32453791e+04  1.38619551e-09  3.08916388e-08 
 2.37814113e+04  1.38619535e-09  3.08915463e-08 
 2.43298042e+04  1.38619520e-09  3.08914497e-08 
 2.48908429e+04  1.38619505e-09  3.08913490e-08 
 2.54648190e+04  1.38619491e-09  3.08912437e-08 
 2.60520309e+04  1.38619477e-09  3.08911337e-08 
 2.66527837e+04  1.38619463e-09  3.08910189e-08 
 2.72673897e+04  1.38619449e-09  3.08908989e-08 
 2.78961683e+04  1.38619436e-09  3.08907735e-08 
 2.85394464e+04  1.38619423e-09  3.08906424e-08 
 2.91975583e+04  1.38619410e-09  3.08905055e-08 
 2.98708461e+04  1.38619398e-09  3.08903623e-08 
 3.05596598e+04  1.38619386e-09  3.08902127e-08 
 3.12643573e+04  1.38619374e-09  3.08900563e-08 
 3.19853049e+04  1.38619362e-09  3.08898928e-08 
 3.27228774e+04  1.38619351e-09  3.08897218e-08 
 3.34774581e+04  1.38619340e-09  3.08895430e-08 
 3.42494392e+04  1.38619329e-09  3.08893561e-08 
 3.50392221e+04  1.38619319e-09  3.08891606e-08 
 3.58472171e+04  1.38619308e-09  3.08889561e-08 
 3.66738442e+04  1.38619298e-09  3.08887423e-08 
 3.75195331e+04  1.38619288e-09  3.08885187e-08 
 3.83847234e+04  1.38619279e-09  3.08882847e-08 
 3.92698648e+04  1.38619269e-09  3.08880401e-08 
 4.01754173e+04  1.38619260e-09  3.08877841e-08 
 4.11018515e+04  1.38619251e-09  3.08875164e-08 
 4.20496491e+04  1.38619242e-09  3.08872363e-08 
 4.30193027e+04  1.38619234e-09  3.08869433e-08 
 4.40113162e+04  1.38619225e-09  3.08866367e-08 
 4.50262052e+04  1.38619217e-09  3.08863161e-08 
 4.60644974e+04  1.38619209e-09  3.08859806e-08 
 4.71267322e+04  1.38619201e-09  3.08856295e-08 
 4.82134619e+04  1.38619193e-09  3.08852623e-08 
 4.93252513e+04  1.38619186e-09  3.08848780e-08 
 5.04626783e+04  1.38619178e-09  3.08844759e-08 
 5.16263340e+04  1.38619171e-09  3.08840552e-08 
 5.28168234e+04  1.38619164e-09  3.08836151e-08 
 5.40347650e+04  1.38619157e-09  3.08831545e-08 
 5.52807921e+04  1.38619151e-09  3.08826725e-08 
 5.65555523e+04  1.38619144e-09  3.08821682e-08 
 5.78597080e+04  1.38619138e-09  3.08816405e-08 
 5.91939372e+04  1.38619132e-09  3.08810883e-08 
 6.05589334e+04  1.38619126e-09  3.08805105e-08 
 6.19554061e+04  1.38619120e-09  3.08799059e-08 
 6.33840810e+04  1.38619114e-09  3.08792732e-08 
 6.48457008e+04  1.38619109e-09  3.08786110e-08 
 6.63410251e+04  1.38619103e-09  3.08779182e-08 
 6.78708313e+04  1.38619098e-09  3.08771932e-08 
 6.94359143e+04  1.38619093e-09  3.08764345e-08 
 7.10370877e+04  1.38619088e-09  3.08756405e-08 
 7.26751838e+04  1.38619083e-09  3.08748097e-08 
 7.43510539e+04  1.38619078e-09  3.08739402e-08 
 7.60655691e+04  1.38619074e-09  3.08730303e-08 
 7.78196206e+04  1.38619069e-09  3.08720783e-08 
 7.96141200e+04  1.38619065e-09  3.08710819e-08 
 8.14500001e+04  1.38619061e-09  3.08700392e-08 
 8.33282151e+04  1.38619057e-09  3.08689481e-08 
 8.52497412e+04  1.38619053e-09  3.08678062e-08 
 8.72155772e+04  1.38619050e-09  3.08666114e-08 
 8.92267449e+04  1.38619046e-09  3.08653609e-08 
 9.12842895e+04  1.38619043e-09  3.08640525e-08 
 9.33892805e+04  1.38619040e-09  3.08626832e-08 
 9.55428121e+04  1.38619037e-09  3.08612503e-08 
 9.77460036e+04  1.38619035e-09  3.08597508e-08 
 1.00000000e+05  1.38619032e-09  3.08581818e-08 
 1.02305973e+05  1.38619030e-09  3.08565397e-08 
 1.04665121e+05  1.38619028e-09  3.08548216e-08 
 1.07078670e+05  1.38619026e-09  3.08530236e-08 
 1.09547876e+05  1.38619025e-09  3.08511421e-08 
 1.12074020e+05  1.38619024e-09  3.08491733e-08 
 1.14658417e+05  1.38619023e-09  3.08471133e-08 
 1.17302409e+05  1.38619023e-09  3.08449576e-08 
 1.20007371e+05  1.38619023e-09  3.08427018e-08 
 1.22774708e+05  1.38619023e-09  3.08403415e-08 
 1.25605860e+05  1.38619024e-09  3.08378718e-08 
 1.28502297e+05  1.38619025e-09  3.08352876e-08 
 1.31465525e+05  1.38619026e-09  3.08325835e-08 
 1.34497085e+05  1.38619028e-09  3.08297542e-08 
 1.37598551e+05  1.38619031e-09  3.08267939e-08 
 1.40771537e+05  1.38619034e-09  3.08236963e-08 
 1.44017690e+05  1.38619038e-09  3.08204556e-08 
 1.47338699e+05  1.38619043e-09  3.08170647e-08 
 1.50736290e+05  1.38619048e-09  3.08135171e-08 
 1.54212228e+05  1.38619054e-09  3.08098053e-08 
 1.57768320e+05  1.38619061e-09  3.08059219e-08 
 1.61406415e+05  1.38619069e-09  3.08018592e-08 
 1.65128404e+05  1.38619078e-09  3.07976087e-08 
 1.68936220e+05  1.38619088e-09  3.07931621e-08 
 1.72831844e+05  1.38619100e-09  3.07885101e-08 
 1.76817299e+05  1.38619113e-09  3.07836436e-08 
 1.80894658e+05  1.38619127e-09  3.07785528e-08 
 1.85066040e+05  1.38619143e-09  3.07732273e-08 
 1.89333613e+05  1.38619160e-09  3.07676566e-08 
 1.93699595e+05  1.38619180e-09  3.07618296e-08 
 1.98166255e+05  1.38619201e-09  3.07557344e-08 
 2.02735916e+05  1.38619225e-09  3.07493591e-08 
 2.07410951e+05  1.38619250e-09  3.07426908e-08 
 2.12193792e+05  1.38619279e-09  3.07357165e-08 
 2.17086923e+05  1.38619310e-09  3.07284222e-08 
 2.22092889e+05  1.38619345e-09  3.07207935e-08 
 2.27214291e+05  1.38619382e-09  3.07128154e-08 
 2.32453791e+05  1.38619424e-09  3.07044722e-08 
 2.37814113e+05  1.38619469e-09  3.06957475e-08 
 2.43298042e+05  1.38619518e-09  3.06866241e-08 
 2.48908429e+05  1.38619572e-09  3.06770844e-08 
 2.54648190e+05  1.38619630e-09  3.06671096e-08 
 2.60520309e+05  1.38619694e-09  3.06566805e-08 
 2.66527837e+05  1.38619764e-09  3.06457770e-08 
 2.72673897e+05  1.38619840e-09  3.06343778e-08 
 2.78961683e+05  1.38619922e-09  3.06224613e-08 
 2.85394464e+05  1.38620012e-09  3.06100044e-08 
 2.91975583e+05  1.38620109e-09  3.05969836e-08 
 2.98708461e+05  1.38620215e-09  3.05833738e-08 
 3.05596598e+05  1.38620330e-09  3.05691497e-08 
 3.12643573e+05  1.38620454e-09  3.05542841e-08 
 3.19853049e+05  1.38620589e-09  3.05387493e-08 
 3.27228774e+05  1.38620735e-09  3.05225163e-08 
 3.34774581e+05  1.38620893e-09  3.05055549e-08 
 3.42494392e+05  1.38621064e-09  3.04878338e-08 
 3.50392221e+05  1.38621248e-09  3.04693203e-08 
 3.58472171e+05  1.38621447e-09  3.04499808e-08 
 3.66738442e+05  1.38621663e-09  3.04297799e-08 
 3.75195331e+05  1.38621895e-09  3.04086813e-08 
 3.83847234e+05  1.38622145e-09  3.03866472e-08 
 3.92698648e+05  1.38622415e-09  3.03636382e-08 
 4.01754173e+05  1.38622706e-09  3.03396136e-08 
 4.11018515e+05  1.38623018e-09  3.03145314e-08 
 4.20496491e+05  1.38623354e-09  3.02883477e-08 
 4.30193027e+05  1.38623716e-09  3.02610173e-08 
 4.40113162e+05  1.38624104e-09  3.02324936e-08 
 4.50262052e+05  1.38624521e-09  3.02027280e-08 
 4.60644974e+05  1.38624968e-09  3.01716705e-08 
 4.71267322e+05  1.38625447e-09  3.01392694e-08 
 4.82134619e+05  1.38625960e-09  3.01054713e-08 
 4.93252513e+05  1.38626510e-09  3.00702212e-08 
 5.04626783e+05  1.38627098e-09  3.00334624e-08 
 5.16263340e+05  1.38627727e-09  2.99951361e-08 
 5.28168234e+05  1.38628399e-09  2.99551825e-08 
 5.40347650e+05  1.38629116e-09  2.99135392e-08 
 5.52807921e+05  1.38629882e-09  2.98701429e-08 
 5.65555523e+05  1.38630699e-09  2.98249280e-08 
 5.78597080e+05  1.38631569e-09  2.97778274e-08 
 5.91939372e+05  1.38632497e-09  2.97287725e-08 
 6.05589334e+05  1.38633484e-09  2.96776928e-08 
 6.19554061e+05  1.38634534e-09  2.96245164e-08 
 6.33840810e+05  1.38635651e-09  2.95691695e-08 
 6.48457008e+05  1.38636838e-09  2.95115773e-08 
 6.63410251e+05  1.38638099e-09  2.94516633e-08 
 6.78708313e+05  1.38639436e-09  2.93893495e-08 
 6.94359143e+05  1.38640855e-09  2.93245571e-08 
 7.10370877e+05  1.38642360e-09  2.92572056e-08 
 7.26751838e+05  1.38643954e-09  2.91872140e-08 
 7.43510539e+05  1.38645642e-09  2.91144999e-08 
 7.60655691e+05  1.38647429e-09  2.90389807e-08 
 7.78196206e+05  1.38649320e-09  2.89605725e-08 
 7.96141200e+05  1.38651319e-09  2.88791918e-08 
 8.14500001e+05  1.38653432e-09  2.87947541e-08 
 8.33282151e+05  1.38655664e-09  2.87071754e-08 
 8.52497412e+05  1.38658021e-09  2.86163716e-08 
 8.72155772e+05  1.38660508e-09  2.85222592e-08 
 8.92267449e+05  1.38663133e-09  2.84247554e-08 
 9.12842895e+05  1.38665900e-09  2.83237782e-08 
 9.33892805e+05  1.38668817e-09  2.82192469e-08 
 9.55428121e+05  1.38671891e-09  2.81110826e-08 
 9.77460036e+05  1.38675128e-09  2.79992078e-08 
 1.00000000e+06  1.38678537e-09  2.78835477e-08 
 1.02305973e+06  1.38682125e-09  2.77640298e-08 
 1.04665121e+06  1.38685901e-09  2.76405845e-08 
 1.07078670e+06  1.38689872e-09  2.75131455e-08 
 1.09547876e+06  1.38694049e-09  2.73816502e-08 
 1.12074020e+06  1.38698439e-09  2.72460400e-08 
 1.14658417e+06  1.38703053e-09  2.71062608e-08 
 1.17302409e+06  1.38707900e-09  2.69622633e-08 
 1.20007371e+06  1.38712992e-09  2.68140034e-08 
 1.22774708e+06  1.38718340e-09  2.66614427e-08 
 1.25605860e+06  1.38723955e-09  2.65045488e-08 
 1.28502297e+06  1.38729848e-09  2.63432955e-08 
 1.31465525e+06  1.38736033e-09  2.61776637e-08 
 1.34497085e+06  1.38742523e-09  2.60076412e-08 
 1.37598551e+06  1.38749332e-09  2.58332233e-08 
 1.40771537e+06  1.38756473e-09  2.56544132e-08 
 1.44017690e+06  1.38763962e-09  2.54712220e-08 
 1.47338699e+06  1.38771815e-09  2.52836693e-08 
 1.50736290e+06  1.38780047e-09  2.50917833e-08 
 1.54212228e+06  1.38788677e-09  2.48956007e-08 
 1.57768320e+06  1.38797722e-09  2.46951675e-08 
 1.61406415e+06  1.38807202e-09  2.44905387e-08 
 1.65128404e+06  1.38817134e-09  2.42817782e-08 
 1.68936220e+06  1.38827541e-09  2.40689594e-08 
 1.72831844e+06  1.38838443e-09  2.38521648e-08 
 1.76817299e+06  1.38849863e-09  2.36314859e-08 
 1.80894658e+06  1.38861825e-09  2.34070234e-08 
 1.85066040e+06  1.38874353e-09  2.31788867e-08 
 1.89333613e+06  1.38887472e-09  2.29471939e-08 
 1.93699595e+06  1.38901209e-09  2.27120716e-08 
 1.98166255e+06  1.38915593e-09  2.24736544e-08 
 2.02735916e+06  1.38930653e-09  2.22320846e-08 
 2.07410951e+06  1.38946419e-09  2.19875120e-08 
 2.12193792e+06  1.38962924e-09  2.17400932e-08 
 2.17086923e+06  1.38980200e-09  2.14899914e-08 
 2.22092889e+06  1.38998283e-09  2.12373754e-08 
 2.27214291e+06  1.39017209e-09  2.09824197e-08 
 2.32453791e+06  1.39037016e-09  2.07253035e-08 
 2.37814113e+06  1.39057745e-09  2.04662103e-08 
 2.43298042e+06  1.39079436e-09  2.02053270e-08 
 2.48908429e+06  1.39102134e-09  1.99428437e-08 
 2.54648190e+06  1.39125884e-09  1.96789528e-08 
 2.60520309e+06  1.39150732e-09  1.94138483e-08 
 2.66527837e+06  1.39176730e-09  1.91477252e-08 
 2.72673897e+06  1.39203927e-09  1.88807793e-08 
 2.78961683e+06  1.39232379e-09  1.86132056e-08 
 2.85394464e+06  1.39262141e-09  1.83451988e-08 
 2.91975583e+06  1.39293273e-09  1.80769520e-08 
 2.98708461e+06  1.39325835e-09  1.78086563e-08 
 3.05596598e+06  1.39359892e-09  1.75405002e-08 
 3.12643573e+06  1.39395510e-09  1.72726692e-08 
 3.19853049e+06  1.39432759e-09  1.70053452e-08 
 3.27228774e+06  1.39471711e-09  1.67387063e-08 
 3.34774581e+06  1.39512442e-09  1.64729259e-08 
 3.42494392e+06  1.39555030e-09  1.62081726e-08 
 3.50392221e+06  1.39599559e-09  1.59446100e-08 
 3.58472171e+06  1.39646112e-09  1.56823962e-08 
 3.66738442e+06  1.39694780e-09  1.54216832e-08 
 3.75195331e+06  1.39745656e-09  1.51626175e-08 
 3.83847234e+06  1.39798835e-09  1.49053391e-08 
 3.92698648e+06  1.39854418e-09  1.46499816e-08 
 4.01754173e+06  1.39912510e-09  1.43966723e-08 
 4.11018515e+06  1.39973220e-09  1.41455317e-08 
 4.20496491e+06  1.40036661e-09  1.38966739e-08 
 4.30193027e+06  1.40102950e-09  1.36502061e-08 
 4.40113162e+06  1.40172210e-09  1.34062288e-08 
 4.50262052e+06  1.40244568e-09  1.31648360e-08 
 4.60644974e+06  1.40320155e-09  1.29261152e-08 
 4.71267322e+06  1.40399109e-09  1.26901469e-08 
 4.82134619e+06  1.40481571e-09  1.24570057e-08 
 4.93252513e+06  1.40567690e-09  1.22267595e-08 
 5.04626783e+06  1.40657617e-09  1.19994702e-08 
 5.16263340e+06  1.40751511e-09  1.17751936e-08 
 5.28168234e+06  1.40849537e-09  1.15539796e-08 
 5.40347650e+06  1.40951865e-09  1.13358724e-08 
 5.52807921e+06  1.41058669e-09  1.11209107e-08 
 5.65555523e+06  1.41170133e-09  1.09091279e-08 
 5.78597080e+06  1.41286443e-09  1.07005520e-08 
 5.91939372e+06  1.41407795e-09  1.04952065e-08 
 6.05589334e+06  1.41534388e-09  1.02931097e-08 
 6.19554061e+06  1.41666431e-09  1.00942756e-08 
 6.33840810e+06  1.41804136e-09  9.89871389e-09 
 6.48457008e+06  1.41947722e-09  9.70642999e-09 
 6.63410251e+06  1.42097418e-09  9.51742546e-09 
 6.78708313e+06  1.42253454e-09  9.33169817e-09 
 6.94359143e+06  1.42416072e-09  9.14924240e-09 
 7.10370877e+06  1.42585516e-09  8.97004910e-09 
 7.26751838e+06  1.42762039e-09  8.79410612e-09 
 7.43510539e+06  1.42945900e-09  8.62139831e-09 
 7.60655691e+06  1.43137363e-09  8.45190775e-09 
 7.78196206e+06  1.43336699e-09  8.28561388e-09 
 7.96141200e+06  1.43544185e-09  8.12249380e-09 
 8.14500001e+06  1.43760103e-09  7.96252213e-09 
 8.33282151e+06  1.43984742e-09  7.80567160e-09 
 8.52497412e+06  1.44218394e-09  7.65191279e-09 
 8.72155772e+06  1.44461358e-09  7.50121451e-09 
 8.92267449e+06  1.44713934e-09  7.35354387e-09 
 9.12842895e+06  1.44976430e-09  7.20886641e-09 
 9.33892805e+06  1.45249156e-09  7.06714618e-09 
 9.55428121e+06  1.45532424e-09  6.92834596e-09 
 9.77460036e+06  1.45826549e-09  6.79242727e-09 
 1.00000000e+07  1.46131849e-09  6.65935050e-09 
