 frequency       ac1.vout1-ac1.vout2 ac1.vout1-ac1.vout2
 1.00000000e+01 -4.23221012e+01  6.20251848e-07 
 1.02329299e+01 -4.23221012e+01  6.34699369e-07 
 1.04712855e+01 -4.23221012e+01  6.49483417e-07 
 1.07151931e+01 -4.23221012e+01  6.64611829e-07 
 1.09647820e+01 -4.23221012e+01  6.80092627e-07 
 1.12201845e+01 -4.23221012e+01  6.95934020e-07 
 1.14815362e+01 -4.23221012e+01  7.12144405e-07 
 1.17489755e+01 -4.23221012e+01  7.28732379e-07 
 1.20226443e+01 -4.23221012e+01  7.45706737e-07 
 1.23026877e+01 -4.23221012e+01  7.63076478e-07 
 1.25892541e+01 -4.23221012e+01  7.80850813e-07 
 1.28824955e+01 -4.23221012e+01  7.99039165e-07 
 1.31825674e+01 -4.23221012e+01  8.17651178e-07 
 1.34896288e+01 -4.23221012e+01  8.36696721e-07 
 1.38038426e+01 -4.23221012e+01  8.56185891e-07 
 1.41253754e+01 -4.23221012e+01  8.76129022e-07 
 1.44543977e+01 -4.23221012e+01  8.96536689e-07 
 1.47910839e+01 -4.23221012e+01  9.17419711e-07 
 1.51356125e+01 -4.23221012e+01  9.38789161e-07 
 1.54881662e+01 -4.23221012e+01  9.60656370e-07 
 1.58489319e+01 -4.23221012e+01  9.83032931e-07 
 1.62181010e+01 -4.23221012e+01  1.00593071e-06 
 1.65958691e+01 -4.23221012e+01  1.02936185e-06 
 1.69824365e+01 -4.23221012e+01  1.05333876e-06 
 1.73780083e+01 -4.23221012e+01  1.07787418e-06 
 1.77827941e+01 -4.23221012e+01  1.10298109e-06 
 1.81970086e+01 -4.23221012e+01  1.12867282e-06 
 1.86208714e+01 -4.23221012e+01  1.15496299e-06 
 1.90546072e+01 -4.23221012e+01  1.18186553e-06 
 1.94984460e+01 -4.23221012e+01  1.20939472e-06 
 1.99526231e+01 -4.23221012e+01  1.23756514e-06 
 2.04173794e+01 -4.23221012e+01  1.26639173e-06 
 2.08929613e+01 -4.23221012e+01  1.29588979e-06 
 2.13796209e+01 -4.23221012e+01  1.32607494e-06 
 2.18776162e+01 -4.23221012e+01  1.35696319e-06 
 2.23872114e+01 -4.23221012e+01  1.38857092e-06 
 2.29086765e+01 -4.23221012e+01  1.42091489e-06 
 2.34422882e+01 -4.23221012e+01  1.45401225e-06 
 2.39883292e+01 -4.23221012e+01  1.48788055e-06 
 2.45470892e+01 -4.23221012e+01  1.52253774e-06 
 2.51188643e+01 -4.23221012e+01  1.55800220e-06 
 2.57039578e+01 -4.23221012e+01  1.59429273e-06 
 2.63026799e+01 -4.23221012e+01  1.63142858e-06 
 2.69153480e+01 -4.23221012e+01  1.66942944e-06 
 2.75422870e+01 -4.23221012e+01  1.70831544e-06 
 2.81838293e+01 -4.23221012e+01  1.74810722e-06 
 2.88403150e+01 -4.23221012e+01  1.78882587e-06 
 2.95120923e+01 -4.23221012e+01  1.83049298e-06 
 3.01995172e+01 -4.23221012e+01  1.87313063e-06 
 3.09029543e+01 -4.23221012e+01  1.91676145e-06 
 3.16227766e+01 -4.23221012e+01  1.96140856e-06 
 3.23593657e+01 -4.23221012e+01  2.00709564e-06 
 3.31131121e+01 -4.23221012e+01  2.05384690e-06 
 3.38844156e+01 -4.23221012e+01  2.10168714e-06 
 3.46736850e+01 -4.23221012e+01  2.15064172e-06 
 3.54813389e+01 -4.23221012e+01  2.20073660e-06 
 3.63078055e+01 -4.23221012e+01  2.25199834e-06 
 3.71535229e+01 -4.23221012e+01  2.30445412e-06 
 3.80189396e+01 -4.23221012e+01  2.35813176e-06 
 3.89045145e+01 -4.23221012e+01  2.41305970e-06 
 3.98107171e+01 -4.23221012e+01  2.46926708e-06 
 4.07380278e+01 -4.23221012e+01  2.52678370e-06 
 4.16869383e+01 -4.23221012e+01  2.58564005e-06 
 4.26579519e+01 -4.23221012e+01  2.64586735e-06 
 4.36515832e+01 -4.23221012e+01  2.70749752e-06 
 4.46683592e+01 -4.23221012e+01  2.77056323e-06 
 4.57088190e+01 -4.23221012e+01  2.83509794e-06 
 4.67735141e+01 -4.23221012e+01  2.90113586e-06 
 4.78630092e+01 -4.23221012e+01  2.96871199e-06 
 4.89778819e+01 -4.23221012e+01  3.03786218e-06 
 5.01187234e+01 -4.23221012e+01  3.10862308e-06 
 5.12861384e+01 -4.23221012e+01  3.18103221e-06 
 5.24807460e+01 -4.23221012e+01  3.25512797e-06 
 5.37031796e+01 -4.23221012e+01  3.33094964e-06 
 5.49540874e+01 -4.23221012e+01  3.40853742e-06 
 5.62341325e+01 -4.23221012e+01  3.48793246e-06 
 5.75439937e+01 -4.23221012e+01  3.56917684e-06 
 5.88843655e+01 -4.23221012e+01  3.65231365e-06 
 6.02559586e+01 -4.23221012e+01  3.73738697e-06 
 6.16595002e+01 -4.23221012e+01  3.82444189e-06 
 6.30957344e+01 -4.23221012e+01  3.91352459e-06 
 6.45654229e+01 -4.23221012e+01  4.00468229e-06 
 6.60693448e+01 -4.23221012e+01  4.09796332e-06 
 6.76082975e+01 -4.23221012e+01  4.19341715e-06 
 6.91830971e+01 -4.23221012e+01  4.29109438e-06 
 7.07945784e+01 -4.23221012e+01  4.39104681e-06 
 7.24435960e+01 -4.23221012e+01  4.49332743e-06 
 7.41310241e+01 -4.23221012e+01  4.59799047e-06 
 7.58577575e+01 -4.23221012e+01  4.70509143e-06 
 7.76247117e+01 -4.23221012e+01  4.81468708e-06 
 7.94328235e+01 -4.23221012e+01  4.92683555e-06 
 8.12830516e+01 -4.23221012e+01  5.04159630e-06 
 8.31763771e+01 -4.23221012e+01  5.15903016e-06 
 8.51138038e+01 -4.23221012e+01  5.27919941e-06 
 8.70963590e+01 -4.23221012e+01  5.40216776e-06 
 8.91250938e+01 -4.23221012e+01  5.52800041e-06 
 9.12010839e+01 -4.23221012e+01  5.65676408e-06 
 9.33254301e+01 -4.23221012e+01  5.78852705e-06 
 9.54992586e+01 -4.23221012e+01  5.92335916e-06 
 9.77237221e+01 -4.23221012e+01  6.06133192e-06 
 1.00000000e+02 -4.23221012e+01  6.20251848e-06 
 1.02329299e+02 -4.23221012e+01  6.34699369e-06 
 1.04712855e+02 -4.23221012e+01  6.49483417e-06 
 1.07151931e+02 -4.23221012e+01  6.64611829e-06 
 1.09647820e+02 -4.23221012e+01  6.80092627e-06 
 1.12201845e+02 -4.23221012e+01  6.95934020e-06 
 1.14815362e+02 -4.23221012e+01  7.12144405e-06 
 1.17489755e+02 -4.23221012e+01  7.28732379e-06 
 1.20226443e+02 -4.23221012e+01  7.45706737e-06 
 1.23026877e+02 -4.23221012e+01  7.63076478e-06 
 1.25892541e+02 -4.23221012e+01  7.80850813e-06 
 1.28824955e+02 -4.23221012e+01  7.99039165e-06 
 1.31825674e+02 -4.23221012e+01  8.17651178e-06 
 1.34896288e+02 -4.23221012e+01  8.36696721e-06 
 1.38038426e+02 -4.23221012e+01  8.56185891e-06 
 1.41253754e+02 -4.23221012e+01  8.76129022e-06 
 1.44543977e+02 -4.23221012e+01  8.96536689e-06 
 1.47910839e+02 -4.23221012e+01  9.17419711e-06 
 1.51356125e+02 -4.23221012e+01  9.38789161e-06 
 1.54881662e+02 -4.23221012e+01  9.60656370e-06 
 1.58489319e+02 -4.23221012e+01  9.83032931e-06 
 1.62181010e+02 -4.23221012e+01  1.00593071e-05 
 1.65958691e+02 -4.23221012e+01  1.02936185e-05 
 1.69824365e+02 -4.23221012e+01  1.05333876e-05 
 1.73780083e+02 -4.23221012e+01  1.07787418e-05 
 1.77827941e+02 -4.23221012e+01  1.10298109e-05 
 1.81970086e+02 -4.23221012e+01  1.12867282e-05 
 1.86208714e+02 -4.23221012e+01  1.15496299e-05 
 1.90546072e+02 -4.23221012e+01  1.18186553e-05 
 1.94984460e+02 -4.23221012e+01  1.20939472e-05 
 1.99526231e+02 -4.23221012e+01  1.23756514e-05 
 2.04173794e+02 -4.23221012e+01  1.26639173e-05 
 2.08929613e+02 -4.23221012e+01  1.29588979e-05 
 2.13796209e+02 -4.23221012e+01  1.32607494e-05 
 2.18776162e+02 -4.23221012e+01  1.35696319e-05 
 2.23872114e+02 -4.23221012e+01  1.38857092e-05 
 2.29086765e+02 -4.23221012e+01  1.42091489e-05 
 2.34422882e+02 -4.23221012e+01  1.45401225e-05 
 2.39883292e+02 -4.23221012e+01  1.48788055e-05 
 2.45470892e+02 -4.23221012e+01  1.52253774e-05 
 2.51188643e+02 -4.23221012e+01  1.55800220e-05 
 2.57039578e+02 -4.23221012e+01  1.59429273e-05 
 2.63026799e+02 -4.23221012e+01  1.63142858e-05 
 2.69153480e+02 -4.23221012e+01  1.66942944e-05 
 2.75422870e+02 -4.23221012e+01  1.70831544e-05 
 2.81838293e+02 -4.23221012e+01  1.74810722e-05 
 2.88403150e+02 -4.23221012e+01  1.78882587e-05 
 2.95120923e+02 -4.23221012e+01  1.83049298e-05 
 3.01995172e+02 -4.23221012e+01  1.87313063e-05 
 3.09029543e+02 -4.23221012e+01  1.91676145e-05 
 3.16227766e+02 -4.23221012e+01  1.96140856e-05 
 3.23593657e+02 -4.23221012e+01  2.00709564e-05 
 3.31131121e+02 -4.23221012e+01  2.05384690e-05 
 3.38844156e+02 -4.23221012e+01  2.10168714e-05 
 3.46736850e+02 -4.23221012e+01  2.15064172e-05 
 3.54813389e+02 -4.23221012e+01  2.20073660e-05 
 3.63078055e+02 -4.23221012e+01  2.25199834e-05 
 3.71535229e+02 -4.23221012e+01  2.30445412e-05 
 3.80189396e+02 -4.23221012e+01  2.35813176e-05 
 3.89045145e+02 -4.23221012e+01  2.41305970e-05 
 3.98107171e+02 -4.23221012e+01  2.46926708e-05 
 4.07380278e+02 -4.23221012e+01  2.52678370e-05 
 4.16869383e+02 -4.23221012e+01  2.58564005e-05 
 4.26579519e+02 -4.23221012e+01  2.64586735e-05 
 4.36515832e+02 -4.23221012e+01  2.70749752e-05 
 4.46683592e+02 -4.23221012e+01  2.77056323e-05 
 4.57088190e+02 -4.23221012e+01  2.83509794e-05 
 4.67735141e+02 -4.23221012e+01  2.90113586e-05 
 4.78630092e+02 -4.23221012e+01  2.96871199e-05 
 4.89778819e+02 -4.23221012e+01  3.03786218e-05 
 5.01187234e+02 -4.23221012e+01  3.10862308e-05 
 5.12861384e+02 -4.23221012e+01  3.18103221e-05 
 5.24807460e+02 -4.23221012e+01  3.25512797e-05 
 5.37031796e+02 -4.23221012e+01  3.33094964e-05 
 5.49540874e+02 -4.23221012e+01  3.40853742e-05 
 5.62341325e+02 -4.23221012e+01  3.48793246e-05 
 5.75439937e+02 -4.23221012e+01  3.56917684e-05 
 5.88843655e+02 -4.23221012e+01  3.65231365e-05 
 6.02559586e+02 -4.23221012e+01  3.73738697e-05 
 6.16595002e+02 -4.23221012e+01  3.82444189e-05 
 6.30957344e+02 -4.23221012e+01  3.91352459e-05 
 6.45654229e+02 -4.23221012e+01  4.00468229e-05 
 6.60693448e+02 -4.23221012e+01  4.09796332e-05 
 6.76082975e+02 -4.23221012e+01  4.19341715e-05 
 6.91830971e+02 -4.23221012e+01  4.29109438e-05 
 7.07945784e+02 -4.23221012e+01  4.39104681e-05 
 7.24435960e+02 -4.23221012e+01  4.49332743e-05 
 7.41310241e+02 -4.23221012e+01  4.59799047e-05 
 7.58577575e+02 -4.23221012e+01  4.70509143e-05 
 7.76247117e+02 -4.23221012e+01  4.81468708e-05 
 7.94328235e+02 -4.23221012e+01  4.92683555e-05 
 8.12830516e+02 -4.23221012e+01  5.04159630e-05 
 8.31763771e+02 -4.23221012e+01  5.15903016e-05 
 8.51138038e+02 -4.23221012e+01  5.27919941e-05 
 8.70963590e+02 -4.23221012e+01  5.40216776e-05 
 8.91250938e+02 -4.23221012e+01  5.52800041e-05 
 9.12010839e+02 -4.23221012e+01  5.65676408e-05 
 9.33254301e+02 -4.23221012e+01  5.78852705e-05 
 9.54992586e+02 -4.23221012e+01  5.92335916e-05 
 9.77237221e+02 -4.23221012e+01  6.06133192e-05 
 1.00000000e+03 -4.23221012e+01  6.20251848e-05 
 1.02329299e+03 -4.23221012e+01  6.34699369e-05 
 1.04712855e+03 -4.23221012e+01  6.49483417e-05 
 1.07151931e+03 -4.23221012e+01  6.64611829e-05 
 1.09647820e+03 -4.23221012e+01  6.80092627e-05 
 1.12201845e+03 -4.23221012e+01  6.95934020e-05 
 1.14815362e+03 -4.23221012e+01  7.12144405e-05 
 1.17489755e+03 -4.23221012e+01  7.28732379e-05 
 1.20226443e+03 -4.23221012e+01  7.45706737e-05 
 1.23026877e+03 -4.23221012e+01  7.63076478e-05 
 1.25892541e+03 -4.23221012e+01  7.80850813e-05 
 1.28824955e+03 -4.23221012e+01  7.99039165e-05 
 1.31825674e+03 -4.23221012e+01  8.17651178e-05 
 1.34896288e+03 -4.23221012e+01  8.36696721e-05 
 1.38038426e+03 -4.23221012e+01  8.56185891e-05 
 1.41253754e+03 -4.23221012e+01  8.76129022e-05 
 1.44543977e+03 -4.23221012e+01  8.96536689e-05 
 1.47910839e+03 -4.23221012e+01  9.17419711e-05 
 1.51356125e+03 -4.23221012e+01  9.38789161e-05 
 1.54881662e+03 -4.23221012e+01  9.60656370e-05 
 1.58489319e+03 -4.23221012e+01  9.83032931e-05 
 1.62181010e+03 -4.23221012e+01  1.00593071e-04 
 1.65958691e+03 -4.23221012e+01  1.02936185e-04 
 1.69824365e+03 -4.23221012e+01  1.05333876e-04 
 1.73780083e+03 -4.23221012e+01  1.07787418e-04 
 1.77827941e+03 -4.23221012e+01  1.10298109e-04 
 1.81970086e+03 -4.23221012e+01  1.12867282e-04 
 1.86208714e+03 -4.23221012e+01  1.15496299e-04 
 1.90546072e+03 -4.23221012e+01  1.18186553e-04 
 1.94984460e+03 -4.23221012e+01  1.20939472e-04 
 1.99526231e+03 -4.23221012e+01  1.23756514e-04 
 2.04173794e+03 -4.23221012e+01  1.26639173e-04 
 2.08929613e+03 -4.23221012e+01  1.29588979e-04 
 2.13796209e+03 -4.23221012e+01  1.32607494e-04 
 2.18776162e+03 -4.23221012e+01  1.35696319e-04 
 2.23872114e+03 -4.23221012e+01  1.38857092e-04 
 2.29086765e+03 -4.23221012e+01  1.42091489e-04 
 2.34422882e+03 -4.23221012e+01  1.45401225e-04 
 2.39883292e+03 -4.23221012e+01  1.48788055e-04 
 2.45470892e+03 -4.23221012e+01  1.52253774e-04 
 2.51188643e+03 -4.23221012e+01  1.55800220e-04 
 2.57039578e+03 -4.23221012e+01  1.59429273e-04 
 2.63026799e+03 -4.23221012e+01  1.63142858e-04 
 2.69153480e+03 -4.23221012e+01  1.66942944e-04 
 2.75422870e+03 -4.23221012e+01  1.70831544e-04 
 2.81838293e+03 -4.23221012e+01  1.74810722e-04 
 2.88403150e+03 -4.23221012e+01  1.78882587e-04 
 2.95120923e+03 -4.23221012e+01  1.83049298e-04 
 3.01995172e+03 -4.23221012e+01  1.87313063e-04 
 3.09029543e+03 -4.23221012e+01  1.91676145e-04 
 3.16227766e+03 -4.23221012e+01  1.96140856e-04 
 3.23593657e+03 -4.23221012e+01  2.00709564e-04 
 3.31131121e+03 -4.23221012e+01  2.05384690e-04 
 3.38844156e+03 -4.23221012e+01  2.10168714e-04 
 3.46736850e+03 -4.23221012e+01  2.15064172e-04 
 3.54813389e+03 -4.23221012e+01  2.20073660e-04 
 3.63078055e+03 -4.23221012e+01  2.25199834e-04 
 3.71535229e+03 -4.23221012e+01  2.30445412e-04 
 3.80189396e+03 -4.23221012e+01  2.35813176e-04 
 3.89045145e+03 -4.23221012e+01  2.41305970e-04 
 3.98107171e+03 -4.23221012e+01  2.46926708e-04 
 4.07380278e+03 -4.23221012e+01  2.52678370e-04 
 4.16869383e+03 -4.23221012e+01  2.58564005e-04 
 4.26579519e+03 -4.23221012e+01  2.64586735e-04 
 4.36515832e+03 -4.23221012e+01  2.70749752e-04 
 4.46683592e+03 -4.23221012e+01  2.77056323e-04 
 4.57088190e+03 -4.23221012e+01  2.83509794e-04 
 4.67735141e+03 -4.23221012e+01  2.90113586e-04 
 4.78630092e+03 -4.23221012e+01  2.96871199e-04 
 4.89778819e+03 -4.23221012e+01  3.03786218e-04 
 5.01187234e+03 -4.23221012e+01  3.10862308e-04 
 5.12861384e+03 -4.23221012e+01  3.18103221e-04 
 5.24807460e+03 -4.23221012e+01  3.25512797e-04 
 5.37031796e+03 -4.23221012e+01  3.33094964e-04 
 5.49540874e+03 -4.23221012e+01  3.40853742e-04 
 5.62341325e+03 -4.23221012e+01  3.48793246e-04 
 5.75439937e+03 -4.23221012e+01  3.56917684e-04 
 5.88843655e+03 -4.23221012e+01  3.65231365e-04 
 6.02559586e+03 -4.23221012e+01  3.73738697e-04 
 6.16595002e+03 -4.23221012e+01  3.82444189e-04 
 6.30957344e+03 -4.23221012e+01  3.91352459e-04 
 6.45654229e+03 -4.23221012e+01  4.00468229e-04 
 6.60693448e+03 -4.23221012e+01  4.09796332e-04 
 6.76082975e+03 -4.23221012e+01  4.19341715e-04 
 6.91830971e+03 -4.23221012e+01  4.29109438e-04 
 7.07945784e+03 -4.23221012e+01  4.39104681e-04 
 7.24435960e+03 -4.23221012e+01  4.49332743e-04 
 7.41310241e+03 -4.23221012e+01  4.59799047e-04 
 7.58577575e+03 -4.23221012e+01  4.70509143e-04 
 7.76247117e+03 -4.23221012e+01  4.81468708e-04 
 7.94328235e+03 -4.23221012e+01  4.92683555e-04 
 8.12830516e+03 -4.23221012e+01  5.04159630e-04 
 8.31763771e+03 -4.23221012e+01  5.15903016e-04 
 8.51138038e+03 -4.23221012e+01  5.27919941e-04 
 8.70963590e+03 -4.23221012e+01  5.40216776e-04 
 8.91250938e+03 -4.23221012e+01  5.52800041e-04 
 9.12010839e+03 -4.23221012e+01  5.65676408e-04 
 9.33254301e+03 -4.23221012e+01  5.78852704e-04 
 9.54992586e+03 -4.23221012e+01  5.92335916e-04 
 9.77237221e+03 -4.23221012e+01  6.06133192e-04 
 1.00000000e+04 -4.23221012e+01  6.20251848e-04 
 1.02329299e+04 -4.23221012e+01  6.34699369e-04 
 1.04712855e+04 -4.23221012e+01  6.49483417e-04 
 1.07151931e+04 -4.23221012e+01  6.64611829e-04 
 1.09647820e+04 -4.23221012e+01  6.80092627e-04 
 1.12201845e+04 -4.23221012e+01  6.95934019e-04 
 1.14815362e+04 -4.23221012e+01  7.12144405e-04 
 1.17489755e+04 -4.23221012e+01  7.28732379e-04 
 1.20226443e+04 -4.23221012e+01  7.45706737e-04 
 1.23026877e+04 -4.23221012e+01  7.63076478e-04 
 1.25892541e+04 -4.23221011e+01  7.80850813e-04 
 1.28824955e+04 -4.23221011e+01  7.99039165e-04 
 1.31825674e+04 -4.23221011e+01  8.17651178e-04 
 1.34896288e+04 -4.23221011e+01  8.36696720e-04 
 1.38038426e+04 -4.23221011e+01  8.56185890e-04 
 1.41253754e+04 -4.23221011e+01  8.76129022e-04 
 1.44543977e+04 -4.23221011e+01  8.96536688e-04 
 1.47910839e+04 -4.23221011e+01  9.17419710e-04 
 1.51356125e+04 -4.23221011e+01  9.38789161e-04 
 1.54881662e+04 -4.23221011e+01  9.60656369e-04 
 1.58489319e+04 -4.23221011e+01  9.83032931e-04 
 1.62181010e+04 -4.23221011e+01  1.00593071e-03 
 1.65958691e+04 -4.23221011e+01  1.02936185e-03 
 1.69824365e+04 -4.23221011e+01  1.05333876e-03 
 1.73780083e+04 -4.23221011e+01  1.07787417e-03 
 1.77827941e+04 -4.23221011e+01  1.10298109e-03 
 1.81970086e+04 -4.23221011e+01  1.12867282e-03 
 1.86208714e+04 -4.23221011e+01  1.15496299e-03 
 1.90546072e+04 -4.23221011e+01  1.18186553e-03 
 1.94984460e+04 -4.23221011e+01  1.20939471e-03 
 1.99526231e+04 -4.23221011e+01  1.23756514e-03 
 2.04173794e+04 -4.23221011e+01  1.26639173e-03 
 2.08929613e+04 -4.23221011e+01  1.29588978e-03 
 2.13796209e+04 -4.23221011e+01  1.32607494e-03 
 2.18776162e+04 -4.23221011e+01  1.35696319e-03 
 2.23872114e+04 -4.23221011e+01  1.38857092e-03 
 2.29086765e+04 -4.23221011e+01  1.42091489e-03 
 2.34422882e+04 -4.23221011e+01  1.45401225e-03 
 2.39883292e+04 -4.23221011e+01  1.48788055e-03 
 2.45470892e+04 -4.23221011e+01  1.52253774e-03 
 2.51188643e+04 -4.23221011e+01  1.55800220e-03 
 2.57039578e+04 -4.23221011e+01  1.59429273e-03 
 2.63026799e+04 -4.23221011e+01  1.63142858e-03 
 2.69153480e+04 -4.23221011e+01  1.66942943e-03 
 2.75422870e+04 -4.23221011e+01  1.70831544e-03 
 2.81838293e+04 -4.23221011e+01  1.74810722e-03 
 2.88403150e+04 -4.23221011e+01  1.78882587e-03 
 2.95120923e+04 -4.23221011e+01  1.83049297e-03 
 3.01995172e+04 -4.23221011e+01  1.87313063e-03 
 3.09029543e+04 -4.23221011e+01  1.91676145e-03 
 3.16227766e+04 -4.23221011e+01  1.96140856e-03 
 3.23593657e+04 -4.23221011e+01  2.00709563e-03 
 3.31131121e+04 -4.23221011e+01  2.05384689e-03 
 3.38844156e+04 -4.23221011e+01  2.10168713e-03 
 3.46736850e+04 -4.23221011e+01  2.15064172e-03 
 3.54813389e+04 -4.23221011e+01  2.20073660e-03 
 3.63078055e+04 -4.23221010e+01  2.25199834e-03 
 3.71535229e+04 -4.23221010e+01  2.30445412e-03 
 3.80189396e+04 -4.23221010e+01  2.35813175e-03 
 3.89045145e+04 -4.23221010e+01  2.41305969e-03 
 3.98107171e+04 -4.23221010e+01  2.46926707e-03 
 4.07380278e+04 -4.23221010e+01  2.52678369e-03 
 4.16869383e+04 -4.23221010e+01  2.58564004e-03 
 4.26579519e+04 -4.23221010e+01  2.64586734e-03 
 4.36515832e+04 -4.23221010e+01  2.70749750e-03 
 4.46683592e+04 -4.23221010e+01  2.77056322e-03 
 4.57088190e+04 -4.23221010e+01  2.83509793e-03 
 4.67735141e+04 -4.23221010e+01  2.90113584e-03 
 4.78630092e+04 -4.23221010e+01  2.96871198e-03 
 4.89778819e+04 -4.23221009e+01  3.03786216e-03 
 5.01187234e+04 -4.23221009e+01  3.10862306e-03 
 5.12861384e+04 -4.23221009e+01  3.18103219e-03 
 5.24807460e+04 -4.23221009e+01  3.25512795e-03 
 5.37031796e+04 -4.23221009e+01  3.33094962e-03 
 5.49540874e+04 -4.23221009e+01  3.40853740e-03 
 5.62341325e+04 -4.23221009e+01  3.48793244e-03 
 5.75439937e+04 -4.23221009e+01  3.56917682e-03 
 5.88843655e+04 -4.23221009e+01  3.65231363e-03 
 6.02559586e+04 -4.23221008e+01  3.73738694e-03 
 6.16595002e+04 -4.23221008e+01  3.82444186e-03 
 6.30957344e+04 -4.23221008e+01  3.91352456e-03 
 6.45654229e+04 -4.23221008e+01  4.00468225e-03 
 6.60693448e+04 -4.23221008e+01  4.09796328e-03 
 6.76082975e+04 -4.23221008e+01  4.19341711e-03 
 6.91830971e+04 -4.23221007e+01  4.29109434e-03 
 7.07945784e+04 -4.23221007e+01  4.39104676e-03 
 7.24435960e+04 -4.23221007e+01  4.49332738e-03 
 7.41310241e+04 -4.23221007e+01  4.59799042e-03 
 7.58577575e+04 -4.23221006e+01  4.70509137e-03 
 7.76247117e+04 -4.23221006e+01  4.81468702e-03 
 7.94328235e+04 -4.23221006e+01  4.92683549e-03 
 8.12830516e+04 -4.23221006e+01  5.04159623e-03 
 8.31763771e+04 -4.23221005e+01  5.15903008e-03 
 8.51138038e+04 -4.23221005e+01  5.27919933e-03 
 8.70963590e+04 -4.23221005e+01  5.40216767e-03 
 8.91250938e+04 -4.23221005e+01  5.52800032e-03 
 9.12010839e+04 -4.23221004e+01  5.65676398e-03 
 9.33254301e+04 -4.23221004e+01  5.78852694e-03 
 9.54992586e+04 -4.23221003e+01  5.92335905e-03 
 9.77237221e+04 -4.23221003e+01  6.06133180e-03 
 1.00000000e+05 -4.23221003e+01  6.20251835e-03 
 1.02329299e+05 -4.23221002e+01  6.34699355e-03 
 1.04712855e+05 -4.23221002e+01  6.49483402e-03 
 1.07151931e+05 -4.23221001e+01  6.64611813e-03 
 1.09647820e+05 -4.23221001e+01  6.80092610e-03 
 1.12201845e+05 -4.23221000e+01  6.95934001e-03 
 1.14815362e+05 -4.23221000e+01  7.12144386e-03 
 1.17489755e+05 -4.23220999e+01  7.28732358e-03 
 1.20226443e+05 -4.23220999e+01  7.45706714e-03 
 1.23026877e+05 -4.23220998e+01  7.63076454e-03 
 1.25892541e+05 -4.23220997e+01  7.80850787e-03 
 1.28824955e+05 -4.23220997e+01  7.99039137e-03 
 1.31825674e+05 -4.23220996e+01  8.17651148e-03 
 1.34896288e+05 -4.23220995e+01  8.36696689e-03 
 1.38038426e+05 -4.23220995e+01  8.56185857e-03 
 1.41253754e+05 -4.23220994e+01  8.76128985e-03 
 1.44543977e+05 -4.23220993e+01  8.96536649e-03 
 1.47910839e+05 -4.23220992e+01  9.17419669e-03 
 1.51356125e+05 -4.23220991e+01  9.38789116e-03 
 1.54881662e+05 -4.23220990e+01  9.60656321e-03 
 1.58489319e+05 -4.23220989e+01  9.83032879e-03 
 1.62181010e+05 -4.23220988e+01  1.00593065e-02 
 1.65958691e+05 -4.23220987e+01  1.02936179e-02 
 1.69824365e+05 -4.23220986e+01  1.05333870e-02 
 1.73780083e+05 -4.23220985e+01  1.07787411e-02 
 1.77827941e+05 -4.23220983e+01  1.10298102e-02 
 1.81970086e+05 -4.23220982e+01  1.12867274e-02 
 1.86208714e+05 -4.23220980e+01  1.15496290e-02 
 1.90546072e+05 -4.23220979e+01  1.18186544e-02 
 1.94984460e+05 -4.23220977e+01  1.20939462e-02 
 1.99526231e+05 -4.23220976e+01  1.23756503e-02 
 2.04173794e+05 -4.23220974e+01  1.26639162e-02 
 2.08929613e+05 -4.23220972e+01  1.29588967e-02 
 2.13796209e+05 -4.23220971e+01  1.32607481e-02 
 2.18776162e+05 -4.23220969e+01  1.35696305e-02 
 2.23872114e+05 -4.23220967e+01  1.38857078e-02 
 2.29086765e+05 -4.23220964e+01  1.42091474e-02 
 2.34422882e+05 -4.23220962e+01  1.45401209e-02 
 2.39883292e+05 -4.23220960e+01  1.48788037e-02 
 2.45470892e+05 -4.23220958e+01  1.52253755e-02 
 2.51188643e+05 -4.23220955e+01  1.55800199e-02 
 2.57039578e+05 -4.23220952e+01  1.59429251e-02 
 2.63026799e+05 -4.23220949e+01  1.63142835e-02 
 2.69153480e+05 -4.23220947e+01  1.66942918e-02 
 2.75422870e+05 -4.23220944e+01  1.70831517e-02 
 2.81838293e+05 -4.23220940e+01  1.74810693e-02 
 2.88403150e+05 -4.23220937e+01  1.78882556e-02 
 2.95120923e+05 -4.23220933e+01  1.83049264e-02 
 3.01995172e+05 -4.23220930e+01  1.87313028e-02 
 3.09029543e+05 -4.23220926e+01  1.91676107e-02 
 3.16227766e+05 -4.23220922e+01  1.96140815e-02 
 3.23593657e+05 -4.23220918e+01  2.00709519e-02 
 3.31131121e+05 -4.23220913e+01  2.05384643e-02 
 3.38844156e+05 -4.23220909e+01  2.10168663e-02 
 3.46736850e+05 -4.23220904e+01  2.15064118e-02 
 3.54813389e+05 -4.23220899e+01  2.20073602e-02 
 3.63078055e+05 -4.23220893e+01  2.25199772e-02 
 3.71535229e+05 -4.23220888e+01  2.30445346e-02 
 3.80189396e+05 -4.23220882e+01  2.35813104e-02 
 3.89045145e+05 -4.23220876e+01  2.41305893e-02 
 3.98107171e+05 -4.23220869e+01  2.46926626e-02 
 4.07380278e+05 -4.23220863e+01  2.52678282e-02 
 4.16869383e+05 -4.23220856e+01  2.58563911e-02 
 4.26579519e+05 -4.23220848e+01  2.64586634e-02 
 4.36515832e+05 -4.23220840e+01  2.70749643e-02 
 4.46683592e+05 -4.23220832e+01  2.77056207e-02 
 4.57088190e+05 -4.23220824e+01  2.83509670e-02 
 4.67735141e+05 -4.23220815e+01  2.90113452e-02 
 4.78630092e+05 -4.23220806e+01  2.96871056e-02 
 4.89778819e+05 -4.23220796e+01  3.03786065e-02 
 5.01187234e+05 -4.23220786e+01  3.10862144e-02 
 5.12861384e+05 -4.23220775e+01  3.18103045e-02 
 5.24807460e+05 -4.23220764e+01  3.25512609e-02 
 5.37031796e+05 -4.23220753e+01  3.33094762e-02 
 5.49540874e+05 -4.23220740e+01  3.40853526e-02 
 5.62341325e+05 -4.23220728e+01  3.48793014e-02 
 5.75439937e+05 -4.23220714e+01  3.56917436e-02 
 5.88843655e+05 -4.23220700e+01  3.65231099e-02 
 6.02559586e+05 -4.23220686e+01  3.73738412e-02 
 6.16595002e+05 -4.23220670e+01  3.82443884e-02 
 6.30957344e+05 -4.23220654e+01  3.91352131e-02 
 6.45654229e+05 -4.23220637e+01  4.00467878e-02 
 6.60693448e+05 -4.23220620e+01  4.09795956e-02 
 6.76082975e+05 -4.23220601e+01  4.19341312e-02 
 6.91830971e+05 -4.23220582e+01  4.29109007e-02 
 7.07945784e+05 -4.23220561e+01  4.39104219e-02 
 7.24435960e+05 -4.23220540e+01  4.49332247e-02 
 7.41310241e+05 -4.23220518e+01  4.59798516e-02 
 7.58577575e+05 -4.23220495e+01  4.70508574e-02 
 7.76247117e+05 -4.23220470e+01  4.81468099e-02 
 7.94328235e+05 -4.23220445e+01  4.92682902e-02 
 8.12830516e+05 -4.23220418e+01  5.04158930e-02 
 8.31763771e+05 -4.23220390e+01  5.15902266e-02 
 8.51138038e+05 -4.23220361e+01  5.27919137e-02 
 8.70963590e+05 -4.23220330e+01  5.40215915e-02 
 8.91250938e+05 -4.23220298e+01  5.52799119e-02 
 9.12010839e+05 -4.23220265e+01  5.65675420e-02 
 9.33254301e+05 -4.23220229e+01  5.78851645e-02 
 9.54992586e+05 -4.23220192e+01  5.92334781e-02 
 9.77237221e+05 -4.23220154e+01  6.06131976e-02 
 1.00000000e+06 -4.23220113e+01  6.20250545e-02 
 1.02329299e+06 -4.23220071e+01  6.34697973e-02 
 1.04712855e+06 -4.23220027e+01  6.49481920e-02 
 1.07151931e+06 -4.23219980e+01  6.64610226e-02 
 1.09647820e+06 -4.23219932e+01  6.80090909e-02 
 1.12201845e+06 -4.23219881e+01  6.95932179e-02 
 1.14815362e+06 -4.23219828e+01  7.12142433e-02 
 1.17489755e+06 -4.23219772e+01  7.28730266e-02 
 1.20226443e+06 -4.23219713e+01  7.45704472e-02 
 1.23026877e+06 -4.23219652e+01  7.63074052e-02 
 1.25892541e+06 -4.23219588e+01  7.80848213e-02 
 1.28824955e+06 -4.23219521e+01  7.99036379e-02 
 1.31825674e+06 -4.23219451e+01  8.17648192e-02 
 1.34896288e+06 -4.23219377e+01  8.36693521e-02 
 1.38038426e+06 -4.23219300e+01  8.56182463e-02 
 1.41253754e+06 -4.23219219e+01  8.76125349e-02 
 1.44543977e+06 -4.23219135e+01  8.96532753e-02 
 1.47910839e+06 -4.23219047e+01  9.17415494e-02 
 1.51356125e+06 -4.23218954e+01  9.38784642e-02 
 1.54881662e+06 -4.23218857e+01  9.60651528e-02 
 1.58489319e+06 -4.23218755e+01  9.83027743e-02 
 1.62181010e+06 -4.23218649e+01  1.00592515e-01 
 1.65958691e+06 -4.23218538e+01  1.02935589e-01 
 1.69824365e+06 -4.23218421e+01  1.05333238e-01 
 1.73780083e+06 -4.23218299e+01  1.07786734e-01 
 1.77827941e+06 -4.23218171e+01  1.10297376e-01 
 1.81970086e+06 -4.23218037e+01  1.12866497e-01 
 1.86208714e+06 -4.23217897e+01  1.15495457e-01 
 1.90546072e+06 -4.23217750e+01  1.18185652e-01 
 1.94984460e+06 -4.23217597e+01  1.20938505e-01 
 1.99526231e+06 -4.23217436e+01  1.23755479e-01 
 2.04173794e+06 -4.23217267e+01  1.26638064e-01 
 2.08929613e+06 -4.23217091e+01  1.29587790e-01 
 2.13796209e+06 -4.23216906e+01  1.32606220e-01 
 2.18776162e+06 -4.23216713e+01  1.35694954e-01 
 2.23872114e+06 -4.23216510e+01  1.38855630e-01 
 2.29086765e+06 -4.23216298e+01  1.42089923e-01 
 2.34422882e+06 -4.23216076e+01  1.45399547e-01 
 2.39883292e+06 -4.23215843e+01  1.48786256e-01 
 2.45470892e+06 -4.23215599e+01  1.52251846e-01 
 2.51188643e+06 -4.23215344e+01  1.55798155e-01 
 2.57039578e+06 -4.23215077e+01  1.59427060e-01 
 2.63026799e+06 -4.23214798e+01  1.63140487e-01 
 2.69153480e+06 -4.23214505e+01  1.66940402e-01 
 2.75422870e+06 -4.23214198e+01  1.70828821e-01 
 2.81838293e+06 -4.23213877e+01  1.74807805e-01 
 2.88403150e+06 -4.23213541e+01  1.78879461e-01 
 2.95120923e+06 -4.23213189e+01  1.83045948e-01 
 3.01995172e+06 -4.23212820e+01  1.87309474e-01 
 3.09029543e+06 -4.23212434e+01  1.91672299e-01 
 3.16227766e+06 -4.23212030e+01  1.96136735e-01 
 3.23593657e+06 -4.23211606e+01  2.00705148e-01 
 3.31131121e+06 -4.23211163e+01  2.05379958e-01 
 3.38844156e+06 -4.23210699e+01  2.10163644e-01 
 3.46736850e+06 -4.23210213e+01  2.15058740e-01 
 3.54813389e+06 -4.23209704e+01  2.20067839e-01 
 3.63078055e+06 -4.23209171e+01  2.25193597e-01 
 3.71535229e+06 -4.23208613e+01  2.30438729e-01 
 3.80189396e+06 -4.23208029e+01  2.35806014e-01 
 3.89045145e+06 -4.23207417e+01  2.41298296e-01 
 3.98107171e+06 -4.23206777e+01  2.46918486e-01 
 4.07380278e+06 -4.23206106e+01  2.52669559e-01 
 4.16869383e+06 -4.23205403e+01  2.58554565e-01 
 4.26579519e+06 -4.23204668e+01  2.64576619e-01 
 4.36515832e+06 -4.23203897e+01  2.70738912e-01 
 4.46683592e+06 -4.23203091e+01  2.77044709e-01 
 4.57088190e+06 -4.23202246e+01  2.83497349e-01 
 4.67735141e+06 -4.23201362e+01  2.90100250e-01 
 4.78630092e+06 -4.23200436e+01  2.96856910e-01 
 4.89778819e+06 -4.23199466e+01  3.03770907e-01 
 5.01187234e+06 -4.23198451e+01  3.10845902e-01 
 5.12861384e+06 -4.23197388e+01  3.18085642e-01 
 5.24807460e+06 -4.23196274e+01  3.25493960e-01 
 5.37031796e+06 -4.23195109e+01  3.33074780e-01 
 5.49540874e+06 -4.23193888e+01  3.40832115e-01 
 5.62341325e+06 -4.23192610e+01  3.48770072e-01 
 5.75439937e+06 -4.23191271e+01  3.56892853e-01 
 5.88843655e+06 -4.23189870e+01  3.65204758e-01 
 6.02559586e+06 -4.23188402e+01  3.73710187e-01 
 6.16595002e+06 -4.23186866e+01  3.82413641e-01 
 6.30957344e+06 -4.23185256e+01  3.91319726e-01 
 6.45654229e+06 -4.23183572e+01  4.00433154e-01 
 6.60693448e+06 -4.23181807e+01  4.09758749e-01 
 6.76082975e+06 -4.23179960e+01  4.19301445e-01 
 6.91830971e+06 -4.23178025e+01  4.29066288e-01 
 7.07945784e+06 -4.23176000e+01  4.39058445e-01 
 7.24435960e+06 -4.23173878e+01  4.49283200e-01 
 7.41310241e+06 -4.23171657e+01  4.59745962e-01 
 7.58577575e+06 -4.23169332e+01  4.70452261e-01 
 7.76247117e+06 -4.23166896e+01  4.81407759e-01 
 7.94328235e+06 -4.23164346e+01  4.92618247e-01 
 8.12830516e+06 -4.23161676e+01  5.04089651e-01 
 8.31763771e+06 -4.23158880e+01  5.15828033e-01 
 8.51138038e+06 -4.23155952e+01  5.27839596e-01 
 8.70963590e+06 -4.23152887e+01  5.40130685e-01 
 8.91250938e+06 -4.23149677e+01  5.52707794e-01 
 9.12010839e+06 -4.23146315e+01  5.65577565e-01 
 9.33254301e+06 -4.23142796e+01  5.78746792e-01 
 9.54992586e+06 -4.23139110e+01  5.92222430e-01 
 9.77237221e+06 -4.23135251e+01  6.06011591e-01 
 1.00000000e+07 -4.23131210e+01  6.20121551e-01 
 1.02329299e+07 -4.23126979e+01  6.34559755e-01 
 1.04712855e+07 -4.23122548e+01  6.49333819e-01 
 1.07151931e+07 -4.23117909e+01  6.64451534e-01 
 1.09647820e+07 -4.23113051e+01  6.79920870e-01 
 1.12201845e+07 -4.23107964e+01  6.95749980e-01 
 1.14815362e+07 -4.23102638e+01  7.11947206e-01 
 1.17489755e+07 -4.23097061e+01  7.28521080e-01 
 1.20226443e+07 -4.23091221e+01  7.45480329e-01 
 1.23026877e+07 -4.23085106e+01  7.62833881e-01 
 1.25892541e+07 -4.23078703e+01  7.80590869e-01 
 1.28824955e+07 -4.23071999e+01  7.98760634e-01 
 1.31825674e+07 -4.23064979e+01  8.17352732e-01 
 1.34896288e+07 -4.23057628e+01  8.36376935e-01 
 1.38038426e+07 -4.23049931e+01  8.55843241e-01 
 1.41253754e+07 -4.23041872e+01  8.75761873e-01 
 1.44543977e+07 -4.23033433e+01  8.96143289e-01 
 1.47910839e+07 -4.23024596e+01  9.16998184e-01 
 1.51356125e+07 -4.23015344e+01  9.38337497e-01 
 1.54881662e+07 -4.23005656e+01  9.60172414e-01 
 1.58489319e+07 -4.22995512e+01  9.82514376e-01 
 1.62181010e+07 -4.22984891e+01  1.00537508e+00 
 1.65958691e+07 -4.22973769e+01  1.02876649e+00 
 1.69824365e+07 -4.22962124e+01  1.05270085e+00 
 1.73780083e+07 -4.22949931e+01  1.07719066e+00 
 1.77827941e+07 -4.22937164e+01  1.10224871e+00 
 1.81970086e+07 -4.22923796e+01  1.12788809e+00 
 1.86208714e+07 -4.22909798e+01  1.15412216e+00 
 1.90546072e+07 -4.22895143e+01  1.18096460e+00 
 1.94984460e+07 -4.22879797e+01  1.20842938e+00 
 1.99526231e+07 -4.22863730e+01  1.23653080e+00 
 2.04173794e+07 -4.22846906e+01  1.26528347e+00 
 2.08929613e+07 -4.22829291e+01  1.29470231e+00 
 2.13796209e+07 -4.22810848e+01  1.32480259e+00 
 2.18776162e+07 -4.22791537e+01  1.35559990e+00 
 2.23872114e+07 -4.22771318e+01  1.38711020e+00 
 2.29086765e+07 -4.22750148e+01  1.41934978e+00 
 2.34422882e+07 -4.22727982e+01  1.45233530e+00 
 2.39883292e+07 -4.22704775e+01  1.48608375e+00 
 2.45470892e+07 -4.22680476e+01  1.52061255e+00 
 2.51188643e+07 -4.22655035e+01  1.55593944e+00 
 2.57039578e+07 -4.22628399e+01  1.59208259e+00 
 2.63026799e+07 -4.22600510e+01  1.62906052e+00 
 2.69153480e+07 -4.22571312e+01  1.66689219e+00 
 2.75422870e+07 -4.22540741e+01  1.70559693e+00 
 2.81838293e+07 -4.22508734e+01  1.74519450e+00 
 2.88403150e+07 -4.22475225e+01  1.78570508e+00 
 2.95120923e+07 -4.22440141e+01  1.82714927e+00 
 3.01995172e+07 -4.22403410e+01  1.86954809e+00 
 3.09029543e+07 -4.22364955e+01  1.91292304e+00 
 3.16227766e+07 -4.22324695e+01  1.95729602e+00 
 3.23593657e+07 -4.22282546e+01  2.00268940e+00 
 3.31131121e+07 -4.22238420e+01  2.04912602e+00 
 3.38844156e+07 -4.22192223e+01  2.09662918e+00 
 3.46736850e+07 -4.22143861e+01  2.14522264e+00 
 3.54813389e+07 -4.22093230e+01  2.19493064e+00 
 3.63078055e+07 -4.22040227e+01  2.24577792e+00 
 3.71535229e+07 -4.21984739e+01  2.29778969e+00 
 3.80189396e+07 -4.21926652e+01  2.35099166e+00 
 3.89045145e+07 -4.21865845e+01  2.40541005e+00 
 3.98107171e+07 -4.21802191e+01  2.46107156e+00 
 4.07380278e+07 -4.21735556e+01  2.51800342e+00 
 4.16869383e+07 -4.21665804e+01  2.57623335e+00 
 4.26579519e+07 -4.21592790e+01  2.63578962e+00 
 4.36515832e+07 -4.21516361e+01  2.69670098e+00 
 4.46683592e+07 -4.21436359e+01  2.75899672e+00 
 4.57088190e+07 -4.21352620e+01  2.82270664e+00 
 4.67735141e+07 -4.21264969e+01  2.88786108e+00 
 4.78630092e+07 -4.21173226e+01  2.95449089e+00 
 4.89778819e+07 -4.21077202e+01  3.02262745e+00 
 5.01187234e+07 -4.20976699e+01  3.09230264e+00 
 5.12861384e+07 -4.20871511e+01  3.16354889e+00 
 5.24807460e+07 -4.20761421e+01  3.23639912e+00 
 5.37031796e+07 -4.20646204e+01  3.31088677e+00 
 5.49540874e+07 -4.20525624e+01  3.38704579e+00 
 5.62341325e+07 -4.20399435e+01  3.46491062e+00 
 5.75439937e+07 -4.20267379e+01  3.54451620e+00 
 5.88843655e+07 -4.20129188e+01  3.62589792e+00 
 6.02559586e+07 -4.19984581e+01  3.70909168e+00 
 6.16595002e+07 -4.19833264e+01  3.79413379e+00 
 6.30957344e+07 -4.19674933e+01  3.88106104e+00 
 6.45654229e+07 -4.19509266e+01  3.96991060e+00 
 6.60693448e+07 -4.19335930e+01  4.06072008e+00 
 6.76082975e+07 -4.19154578e+01  4.15352744e+00 
 6.91830971e+07 -4.18964846e+01  4.24837100e+00 
 7.07945784e+07 -4.18766354e+01  4.34528942e+00 
 7.24435960e+07 -4.18558708e+01  4.44432165e+00 
 7.41310241e+07 -4.18341495e+01  4.54550689e+00 
 7.58577575e+07 -4.18114284e+01  4.64888459e+00 
 7.76247117e+07 -4.17876628e+01  4.75449437e+00 
 7.94328235e+07 -4.17628059e+01  4.86237600e+00 
 8.12830516e+07 -4.17368089e+01  4.97256934e+00 
 8.31763771e+07 -4.17096211e+01  5.08511429e+00 
 8.51138038e+07 -4.16811896e+01  5.20005074e+00 
 8.70963590e+07 -4.16514594e+01  5.31741851e+00 
 8.91250938e+07 -4.16203732e+01  5.43725726e+00 
 9.12010839e+07 -4.15878712e+01  5.55960644e+00 
 9.33254301e+07 -4.15538914e+01  5.68450523e+00 
 9.54992586e+07 -4.15183691e+01  5.81199240e+00 
 9.77237221e+07 -4.14812373e+01  5.94210626e+00 
 1.00000000e+08 -4.14424261e+01  6.07488458e+00 
 1.02329299e+08 -4.14018630e+01  6.21036443e+00 
 1.04712855e+08 -4.13594725e+01  6.34858213e+00 
 1.07151931e+08 -4.13151764e+01  6.48957307e+00 
 1.09647820e+08 -4.12688936e+01  6.63337164e+00 
 1.12201845e+08 -4.12205396e+01  6.78001105e+00 
 1.14815362e+08 -4.11700272e+01  6.92952323e+00 
 1.17489755e+08 -4.11172656e+01  7.08193862e+00 
 1.20226443e+08 -4.10621612e+01  7.23728605e+00 
 1.23026877e+08 -4.10046165e+01  7.39559255e+00 
 1.25892541e+08 -4.09445312e+01  7.55688318e+00 
 1.28824955e+08 -4.08818011e+01  7.72118081e+00 
 1.31825674e+08 -4.08163186e+01  7.88850593e+00 
 1.34896288e+08 -4.07479728e+01  8.05887645e+00 
 1.38038426e+08 -4.06766489e+01  8.23230743e+00 
 1.41253754e+08 -4.06022287e+01  8.40881088e+00 
 1.44543977e+08 -4.05245901e+01  8.58839550e+00 
 1.47910839e+08 -4.04436077e+01  8.77106639e+00 
 1.51356125e+08 -4.03591520e+01  8.95682480e+00 
 1.54881662e+08 -4.02710904e+01  9.14566784e+00 
 1.58489319e+08 -4.01792862e+01  9.33758818e+00 
 1.62181010e+08 -4.00835993e+01  9.53257371e+00 
 1.65958691e+08 -3.99838862e+01  9.73060727e+00 
 1.69824365e+08 -3.98799999e+01  9.93166626e+00 
 1.73780083e+08 -3.97717899e+01  1.01357223e+01 
 1.77827941e+08 -3.96591027e+01  1.03427410e+01 
 1.81970086e+08 -3.95417815e+01  1.05526813e+01 
 1.86208714e+08 -3.94196668e+01  1.07654955e+01 
 1.90546072e+08 -3.92925962e+01  1.09811285e+01 
 1.94984460e+08 -3.91604048e+01  1.11995176e+01 
 1.99526231e+08 -3.90229256e+01  1.14205923e+01 
 2.04173794e+08 -3.88799894e+01  1.16442732e+01 
 2.08929613e+08 -3.87314255e+01  1.18704727e+01 
 2.13796209e+08 -3.85770619e+01  1.20990935e+01 
 2.18776162e+08 -3.84167256e+01  1.23300291e+01 
 2.23872114e+08 -3.82502432e+01  1.25631628e+01 
 2.29086765e+08 -3.80774411e+01  1.27983675e+01 
 2.34422882e+08 -3.78981465e+01  1.30355056e+01 
 2.39883292e+08 -3.77121872e+01  1.32744284e+01 
 2.45470892e+08 -3.75193931e+01  1.35149757e+01 
 2.51188643e+08 -3.73195961e+01  1.37569757e+01 
 2.57039578e+08 -3.71126310e+01  1.40002448e+01 
 2.63026799e+08 -3.68983365e+01  1.42445869e+01 
 2.69153480e+08 -3.66765557e+01  1.44897939e+01 
 2.75422870e+08 -3.64471367e+01  1.47356448e+01 
 2.81838293e+08 -3.62099341e+01  1.49819061e+01 
 2.88403150e+08 -3.59648093e+01  1.52283317e+01 
 2.95120923e+08 -3.57116316e+01  1.54746626e+01 
 3.01995172e+08 -3.54502793e+01  1.57206273e+01 
 3.09029543e+08 -3.51806405e+01  1.59659418e+01 
 3.16227766e+08 -3.49026143e+01  1.62103097e+01 
 3.23593657e+08 -3.46161118e+01  1.64534228e+01 
 3.31131121e+08 -3.43210567e+01  1.66949611e+01 
 3.38844156e+08 -3.40173873e+01  1.69345934e+01 
 3.46736850e+08 -3.37050566e+01  1.71719783e+01 
 3.54813389e+08 -3.33840339e+01  1.74067640e+01 
 3.63078055e+08 -3.30543056e+01  1.76385897e+01 
 3.71535229e+08 -3.27158764e+01  1.78670864e+01 
 3.80189396e+08 -3.23687699e+01  1.80918777e+01 
 3.89045145e+08 -3.20130299e+01  1.83125807e+01 
 3.98107171e+08 -3.16487213e+01  1.85288075e+01 
 4.07380278e+08 -3.12759303e+01  1.87401665e+01 
 4.16869383e+08 -3.08947659e+01  1.89462633e+01 
 4.26579519e+08 -3.05053598e+01  1.91467026e+01 
 4.36515832e+08 -3.01078674e+01  1.93410895e+01 
 4.46683592e+08 -2.97024681e+01  1.95290312e+01 
 4.57088190e+08 -2.92893653e+01  1.97101386e+01 
 4.67735141e+08 -2.88687870e+01  1.98840282e+01 
 4.78630092e+08 -2.84409853e+01  2.00503236e+01 
 4.89778819e+08 -2.80062366e+01  2.02086577e+01 
 5.01187234e+08 -2.75648412e+01  2.03586741e+01 
 5.12861384e+08 -2.71171230e+01  2.05000292e+01 
 5.24807460e+08 -2.66634282e+01  2.06323939e+01 
 5.37031796e+08 -2.62041255e+01  2.07554557e+01 
 5.49540874e+08 -2.57396044e+01  2.08689198e+01 
 5.62341325e+08 -2.52702743e+01  2.09725117e+01 
 5.75439937e+08 -2.47965632e+01  2.10659777e+01 
 5.88843655e+08 -2.43189164e+01  2.11490874e+01 
 6.02559586e+08 -2.38377947e+01  2.12216346e+01 
 6.16595002e+08 -2.33536729e+01  2.12834385e+01 
 6.30957344e+08 -2.28670379e+01  2.13343451e+01 
 6.45654229e+08 -2.23783867e+01  2.13742279e+01 
 6.60693448e+08 -2.18882244e+01  2.14029889e+01 
 6.76082975e+08 -2.13970622e+01  2.14205592e+01 
 6.91830971e+08 -2.09054152e+01  2.14268992e+01 
 7.07945784e+08 -2.04138002e+01  2.14219991e+01 
 7.24435960e+08 -1.99227336e+01  2.14058788e+01 
 7.41310241e+08 -1.94327290e+01  2.13785880e+01 
 7.58577575e+08 -1.89442953e+01  2.13402054e+01 
 7.76247117e+08 -1.84579342e+01  2.12908388e+01 
 7.94328235e+08 -1.79741388e+01  2.12306238e+01 
 8.12830516e+08 -1.74933908e+01  2.11597233e+01 
 8.31763771e+08 -1.70161591e+01  2.10783265e+01 
 8.51138038e+08 -1.65428981e+01  2.09866473e+01 
 8.70963590e+08 -1.60740458e+01  2.08849236e+01 
 8.91250938e+08 -1.56100223e+01  2.07734151e+01 
 9.12010839e+08 -1.51512285e+01  2.06524024e+01 
 9.33254301e+08 -1.46980451e+01  2.05221851e+01 
 9.54992586e+08 -1.42508312e+01  2.03830800e+01 
 9.77237221e+08 -1.38099234e+01  2.02354196e+01 
 1.00000000e+09 -1.33756356e+01  2.00795498e+01 
 1.02329299e+09 -1.29482578e+01  1.99158286e+01 
 1.04712855e+09 -1.25280562e+01  1.97446240e+01 
 1.07151931e+09 -1.21152725e+01  1.95663120e+01 
 1.09647820e+09 -1.17101244e+01  1.93812753e+01 
 1.12201845e+09 -1.13128052e+01  1.91899010e+01 
 1.14815362e+09 -1.09234840e+01  1.89925792e+01 
 1.17489755e+09 -1.05423066e+01  1.87897011e+01 
 1.20226443e+09 -1.01693951e+01  1.85816579e+01 
 1.23026877e+09 -9.80484936e+00  1.83688387e+01 
 1.25892541e+09 -9.44874698e+00  1.81516295e+01 
 1.28824955e+09 -9.10114441e+00  1.79304117e+01 
 1.31825674e+09 -8.76207772e+00  1.77055609e+01 
 1.34896288e+09 -8.43156345e+00  1.74774460e+01 
 1.38038426e+09 -8.10959959e+00  1.72464278e+01 
 1.41253754e+09 -7.79616659e+00  1.70128584e+01 
 1.44543977e+09 -7.49122839e+00  1.67770804e+01 
 1.47910839e+09 -7.19473344e+00  1.65394258e+01 
 1.51356125e+09 -6.90661579e+00  1.63002160e+01 
 1.54881662e+09 -6.62679616e+00  1.60597609e+01 
 1.58489319e+09 -6.35518299e+00  1.58183585e+01 
 1.62181010e+09 -6.09167351e+00  1.55762946e+01 
 1.65958691e+09 -5.83615478e+00  1.53338428e+01 
 1.69824365e+09 -5.58850468e+00  1.50912640e+01 
 1.73780083e+09 -5.34859292e+00  1.48488066e+01 
 1.77827941e+09 -5.11628199e+00  1.46067062e+01 
 1.81970086e+09 -4.89142808e+00  1.43651860e+01 
 1.86208714e+09 -4.67388192e+00  1.41244564e+01 
 1.90546072e+09 -4.46348967e+00  1.38847157e+01 
 1.94984460e+09 -4.26009366e+00  1.36461501e+01 
 1.99526231e+09 -4.06353319e+00  1.34089336e+01 
 2.04173794e+09 -3.87364517e+00  1.31732290e+01 
 2.08929613e+09 -3.69026481e+00  1.29391873e+01 
 2.13796209e+09 -3.51322622e+00  1.27069490e+01 
 2.18776162e+09 -3.34236297e+00  1.24766438e+01 
 2.23872114e+09 -3.17750860e+00  1.22483909e+01 
 2.29086765e+09 -3.01849708e+00  1.20223001e+01 
 2.34422882e+09 -2.86516328e+00  1.17984715e+01 
 2.39883292e+09 -2.71734329e+00  1.15769961e+01 
 2.45470892e+09 -2.57487483e+00  1.13579563e+01 
 2.51188643e+09 -2.43759753e+00  1.11414263e+01 
 2.57039578e+09 -2.30535320e+00  1.09274725e+01 
 2.63026799e+09 -2.17798608e+00  1.07161538e+01 
 2.69153480e+09 -2.05534304e+00  1.05075220e+01 
 2.75422870e+09 -1.93727375e+00  1.03016225e+01 
 2.81838293e+09 -1.82363085e+00  1.00984941e+01 
 2.88403150e+09 -1.71427004e+00  9.89816980e+00 
 2.95120923e+09 -1.60905022e+00  9.70067721e+00 
 3.01995172e+09 -1.50783354e+00  9.50603856e+00 
 3.09029543e+09 -1.41048547e+00  9.31427124e+00 
 3.16227766e+09 -1.31687483e+00  9.12538807e+00 
 3.23593657e+09 -1.22687383e+00  8.93939763e+00 
 3.31131121e+09 -1.14035806e+00  8.75630450e+00 
 3.38844156e+09 -1.05720651e+00  8.57610957e+00 
 3.46736850e+09 -9.77301545e-01  8.39881029e+00 
 3.54813389e+09 -9.00528867e-01  8.22440090e+00 
 3.63078055e+09 -8.26777511e-01  8.05287270e+00 
 3.71535229e+09 -7.55939785e-01  7.88421426e+00 
 3.80189396e+09 -6.87911233e-01  7.71841159e+00 
 3.89045145e+09 -6.22590582e-01  7.55544838e+00 
 3.98107171e+09 -5.59879684e-01  7.39530617e+00 
 4.07380278e+09 -4.99683463e-01  7.23796453e+00 
 4.16869383e+09 -4.41909849e-01  7.08340120e+00 
 4.26579519e+09 -3.86469714e-01  6.93159228e+00 
 4.36515832e+09 -3.33276812e-01  6.78251233e+00 
 4.46683592e+09 -2.82247707e-01  6.63613455e+00 
 4.57088190e+09 -2.33301708e-01  6.49243085e+00 
 4.67735141e+09 -1.86360804e-01  6.35137205e+00 
 4.78630092e+09 -1.41349595e-01  6.21292788e+00 
 4.89778819e+09 -9.81952238e-02  6.07706721e+00 
 5.01187234e+09 -5.68273126e-02  5.94375802e+00 
 5.12861384e+09 -1.71778953e-02  5.81296760e+00 
 5.24807460e+09  2.08186469e-02  5.68466255e+00 
 5.37031796e+09  5.72256489e-02  5.55880893e+00 
 5.49540874e+09  9.21042253e-02  5.43537229e+00 
 5.62341325e+09  1.25513331e-01  5.31431774e+00 
 5.75439937e+09  1.57509825e-01  5.19561004e+00 
 5.88843655e+09  1.88148524e-01  5.07921365e+00 
 6.02559586e+09  2.17482267e-01  4.96509278e+00 
 6.16595002e+09  2.45561968e-01  4.85321146e+00 
 6.30957344e+09  2.72436673e-01  4.74353356e+00 
 6.45654229e+09  2.98153617e-01  4.63602290e+00 
 6.60693448e+09  3.22758273e-01  4.53064320e+00 
 6.76082975e+09  3.46294407e-01  4.42735822e+00 
 6.91830971e+09  3.68804128e-01  4.32613174e+00 
 7.07945784e+09  3.90327939e-01  4.22692760e+00 
 7.24435960e+09  4.10904782e-01  4.12970976e+00 
 7.41310241e+09  4.30572091e-01  4.03444229e+00 
 7.58577575e+09  4.49365833e-01  3.94108946e+00 
 7.76247117e+09  4.67320556e-01  3.84961572e+00 
 7.94328235e+09  4.84469431e-01  3.75998572e+00 
 8.12830516e+09  5.00844297e-01  3.67216437e+00 
 8.31763771e+09  5.16475702e-01  3.58611686e+00 
 8.51138038e+09  5.31392941e-01  3.50180863e+00 
 8.70963590e+09  5.45624099e-01  3.41920544e+00 
 8.91250938e+09  5.59196088e-01  3.33827339e+00 
 9.12010839e+09  5.72134685e-01  3.25897888e+00 
 9.33254301e+09  5.84464565e-01  3.18128868e+00 
 9.54992586e+09  5.96209343e-01  3.10516995e+00 
 9.77237221e+09  6.07391600e-01  3.03059018e+00 
 1.00000000e+10  6.18032922e-01  2.95751727e+00 
 1.02329299e+10  6.28153931e-01  2.88591954e+00 
 1.04712855e+10  6.37774315e-01  2.81576568e+00 
 1.07151931e+10  6.46912857e-01  2.74702482e+00 
 1.09647820e+10  6.55587468e-01  2.67966651e+00 
 1.12201845e+10  6.63815211e-01  2.61366073e+00 
 1.14815362e+10  6.71612332e-01  2.54897788e+00 
 1.17489755e+10  6.78994283e-01  2.48558882e+00 
 1.20226443e+10  6.85975750e-01  2.42346484e+00 
 1.23026877e+10  6.92570676e-01  2.36257771e+00 
 1.25892541e+10  6.98792285e-01  2.30289961e+00 
 1.28824955e+10  7.04653103e-01  2.24440320e+00 
 1.31825674e+10  7.10164986e-01  2.18706161e+00 
 1.34896288e+10  7.15339131e-01  2.13084841e+00 
 1.38038426e+10  7.20186108e-01  2.07573764e+00 
 1.41253754e+10  7.24715869e-01  2.02170381e+00 
 1.44543977e+10  7.28937773e-01  1.96872189e+00 
 1.47910839e+10  7.32860604e-01  1.91676733e+00 
 1.51356125e+10  7.36492586e-01  1.86581603e+00 
 1.54881662e+10  7.39841399e-01  1.81584438e+00 
 1.58489319e+10  7.42914199e-01  1.76682923e+00 
 1.62181010e+10  7.45717630e-01  1.71874791e+00 
 1.65958691e+10  7.48257843e-01  1.67157822e+00 
 1.69824365e+10  7.50540504e-01  1.62529844e+00 
 1.73780083e+10  7.52570815e-01  1.57988734e+00 
 1.77827941e+10  7.54353523e-01  1.53532413e+00 
 1.81970086e+10  7.55892936e-01  1.49158855e+00 
 1.86208714e+10  7.57192933e-01  1.44866080e+00 
 1.90546072e+10  7.58256978e-01  1.40652155e+00 
 1.94984460e+10  7.59088133e-01  1.36515198e+00 
 1.99526231e+10  7.59689070e-01  1.32453375e+00 
 2.04173794e+10  7.60062081e-01  1.28464903e+00 
 2.08929613e+10  7.60209091e-01  1.24548047e+00 
 2.13796209e+10  7.60131671e-01  1.20701123e+00 
 2.18776162e+10  7.59831047e-01  1.16922497e+00 
 2.23872114e+10  7.59308113e-01  1.13210586e+00 
 2.29086765e+10  7.58563446e-01  1.09563858e+00 
 2.34422882e+10  7.57597314e-01  1.05980835e+00 
 2.39883292e+10  7.56409688e-01  1.02460090e+00 
 2.45470892e+10  7.55000261e-01  9.90002490e-01 
 2.51188643e+10  7.53368452e-01  9.55999923e-01 
 2.57039578e+10  7.51513430e-01  9.22580547e-01 
 2.63026799e+10  7.49434119e-01  8.89732260e-01 
 2.69153480e+10  7.47129218e-01  8.57443517e-01 
 2.75422870e+10  7.44597217e-01  8.25703342e-01 
 2.81838293e+10  7.41836410e-01  7.94501332e-01 
 2.88403150e+10  7.38844916e-01  7.63827664e-01 
 2.95120923e+10  7.35620694e-01  7.33673105e-01 
 3.01995172e+10  7.32161567e-01  7.04029019e-01 
 3.09029543e+10  7.28465235e-01  6.74887375e-01 
 3.16227766e+10  7.24529305e-01  6.46240753e-01 
 3.23593657e+10  7.20351307e-01  6.18082352e-01 
 3.31131121e+10  7.15928723e-01  5.90405998e-01 
 3.38844156e+10  7.11259010e-01  5.63206149e-01 
 3.46736850e+10  7.06339627e-01  5.36477897e-01 
 3.54813389e+10  7.01168065e-01  5.10216981e-01 
 3.63078055e+10  6.95741874e-01  4.84419782e-01 
 3.71535229e+10  6.90058697e-01  4.59083330e-01 
 3.80189396e+10  6.84116304e-01  4.34205306e-01 
 3.89045145e+10  6.77912620e-01  4.09784036e-01 
 3.98107171e+10  6.71445770e-01  3.85818495e-01 
 4.07380278e+10  6.64714107e-01  3.62308299e-01 
 4.16869383e+10  6.57716257e-01  3.39253700e-01 
 4.26579519e+10  6.50451156e-01  3.16655577e-01 
 4.36515832e+10  6.42918092e-01  2.94515425e-01 
 4.46683592e+10  6.35116744e-01  2.72835337e-01 
 4.57088190e+10  6.27047228e-01  2.51617994e-01 
 4.67735141e+10  6.18710137e-01  2.30866637e-01 
 4.78630092e+10  6.10106589e-01  2.10585046e-01 
 4.89778819e+10  6.01238263e-01  1.90777511e-01 
 5.01187234e+10  5.92107449e-01  1.71448802e-01 
 5.12861384e+10  5.82717087e-01  1.52604132e-01 
 5.24807460e+10  5.73070810e-01  1.34249116e-01 
 5.37031796e+10  5.63172982e-01  1.16389726e-01 
 5.49540874e+10  5.53028738e-01  9.90322452e-02 
 5.62341325e+10  5.42644022e-01  8.21832131e-02 
 5.75439937e+10  5.32025615e-01  6.58493672e-02 
 5.88843655e+10  5.21181170e-01  5.00375822e-02 
 6.02559586e+10  5.10119236e-01  3.47548037e-02 
 6.16595002e+10  4.98849281e-01  2.00079777e-02 
 6.30957344e+10  4.87381708e-01  5.80397707e-03 
 6.45654229e+10  4.75727867e-01 -7.85047611e-03 
 6.60693448e+10  4.63900063e-01 -2.09488911e-02 
 6.76082975e+10  4.51911554e-01 -3.34850918e-02 
 6.91830971e+10  4.39776541e-01 -4.54533024e-02 
 7.07945784e+10  4.27510160e-01 -5.68482345e-02 
 7.24435960e+10  4.15128455e-01 -6.76651752e-02 
 7.41310241e+10  4.02648349e-01 -7.79000763e-02 
 7.58577575e+10  3.90087605e-01 -8.75496417e-02 
 7.76247117e+10  3.77464780e-01 -9.66114147e-02 
 7.94328235e+10  3.64799170e-01 -1.05083863e-01 
 8.12830516e+10  3.52110743e-01 -1.12966461e-01 
 8.31763771e+10  3.39420068e-01 -1.20259765e-01 
 8.51138038e+10  3.26748234e-01 -1.26965491e-01 
 8.70963590e+10  3.14116758e-01 -1.33086579e-01 
 8.91250938e+10  3.01547490e-01 -1.38627253e-01 
 9.12010839e+10  2.89062504e-01 -1.43593073e-01 
 9.33254301e+10  2.76683991e-01 -1.47990983e-01 
 9.54992586e+10  2.64434139e-01 -1.51829342e-01 
 9.77237221e+10  2.52335007e-01 -1.55117946e-01 
 1.00000000e+11  2.40408402e-01 -1.57868045e-01 
 1.02329299e+11  2.28675745e-01 -1.60092341e-01 
 1.04712855e+11  2.17157942e-01 -1.61804974e-01 
 1.07151931e+11  2.05875245e-01 -1.63021501e-01 
 1.09647820e+11  1.94847124e-01 -1.63758857e-01 
 1.12201845e+11  1.84092136e-01 -1.64035299e-01 
 1.14815362e+11  1.73627793e-01 -1.63870343e-01 
 1.17489755e+11  1.63470447e-01 -1.63284688e-01 
 1.20226443e+11  1.53635169e-01 -1.62300117e-01 
 1.23026877e+11  1.44135645e-01 -1.60939400e-01 
 1.25892541e+11  1.34984079e-01 -1.59226170e-01 
 1.28824955e+11  1.26191104e-01 -1.57184801e-01 
 1.31825674e+11  1.17765714e-01 -1.54840268e-01 
 1.34896288e+11  1.09715201e-01 -1.52218003e-01 
 1.38038426e+11  1.02045112e-01 -1.49343742e-01 
 1.41253754e+11  9.47592219e-02 -1.46243368e-01 
 1.44543977e+11  8.78595228e-02 -1.42942749e-01 
 1.47910839e+11  8.13462288e-02 -1.39467581e-01 
 1.51356125e+11  7.52178009e-02 -1.35843221e-01 
 1.54881662e+11  6.94709877e-02 -1.32094534e-01 
 1.58489319e+11  6.41008836e-02 -1.28245741e-01 
 1.62181010e+11  5.91010037e-02 -1.24320271e-01 
 1.65958691e+11  5.44633729e-02 -1.20340631e-01 
 1.69824365e+11  5.01786303e-02 -1.16328276e-01 
 1.73780083e+11  4.62361452e-02 -1.12303501e-01 
 1.77827941e+11  4.26241444e-02 -1.08285349e-01 
 1.81970086e+11  3.93298473e-02 -1.04291521e-01 
 1.86208714e+11  3.63396087e-02 -1.00338320e-01 
 1.90546072e+11  3.36390649e-02 -9.64406010e-02 
 1.94984460e+11  3.12132825e-02 -9.26117396e-02 
 1.99526231e+11  2.90469061e-02 -8.88636225e-02 
 2.04173794e+11  2.71243046e-02 -8.52066501e-02 
 2.08929613e+11  2.54297117e-02 -8.16497567e-02 
 2.13796209e+11  2.39473614e-02 -7.82004459e-02 
 2.18776162e+11  2.26616134e-02 -7.48648392e-02 
 2.23872114e+11  2.15570711e-02 -7.16477365e-02 
 2.29086765e+11  2.06186868e-02 -6.85526874e-02 
 2.34422882e+11  1.98318564e-02 -6.55820707e-02 
 2.39883292e+11  1.91825015e-02 -6.27371816e-02 
 2.45470892e+11  1.86571388e-02 -6.00183228e-02 
 2.51188643e+11  1.82429368e-02 -5.74248993e-02 
 2.57039578e+11  1.79277605e-02 -5.49555153e-02 
 2.63026799e+11  1.77002034e-02 -5.26080698e-02 
 2.69153480e+11  1.75496089e-02 -5.03798521e-02 
 2.75422870e+11  1.74660804e-02 -4.82676333e-02 
 2.81838293e+11  1.74404821e-02 -4.62677547e-02 
 2.88403150e+11  1.74644316e-02 -4.43762116e-02 
 2.95120923e+11  1.75302835e-02 -4.25887307e-02 
 3.01995172e+11  1.76311082e-02 -4.09008427e-02 
 3.09029543e+11  1.77606639e-02 -3.93079474e-02 
 3.16227766e+11  1.79133648e-02 -3.78053735e-02 
 3.23593657e+11  1.80842458e-02 -3.63884308e-02 
 3.31131121e+11  1.82689248e-02 -3.50524561e-02 
 3.38844156e+11  1.84635631e-02 -3.37928536e-02 
 3.46736850e+11  1.86648252e-02 -3.26051277e-02 
 3.54813389e+11  1.88698383e-02 -3.14849120e-02 
 3.63078055e+11  1.90761522e-02 -3.04279908e-02 
 3.71535229e+11  1.92817003e-02 -2.94303181e-02 
 3.80189396e+11  1.94847614e-02 -2.84880301e-02 
 3.89045145e+11  1.96839240e-02 -2.75974546e-02 
 3.98107171e+11  1.98780514e-02 -2.67551174e-02 
 4.07380278e+11  2.00662498e-02 -2.59577443e-02 
 4.16869383e+11  2.02478382e-02 -2.52022619e-02 
 4.26579519e+11  2.04223206e-02 -2.44857949e-02 
 4.36515832e+11  2.05893600e-02 -2.38056622e-02 
 4.46683592e+11  2.07487559e-02 -2.31593715e-02 
 4.57088190e+11  2.09004225e-02 -2.25446126e-02 
 4.67735141e+11  2.10443702e-02 -2.19592491e-02 
 4.78630092e+11  2.11806881e-02 -2.14013109e-02 
 4.89778819e+11  2.13095297e-02 -2.08689845e-02 
 5.01187234e+11  2.14310990e-02 -2.03606045e-02 
 5.12861384e+11  2.15456393e-02 -1.98746440e-02 
 5.24807460e+11  2.16534230e-02 -1.94097056e-02 
 5.37031796e+11  2.17547428e-02 -1.89645121e-02 
 5.49540874e+11  2.18499047e-02 -1.85378979e-02 
 5.62341325e+11  2.19392214e-02 -1.81288003e-02 
 5.75439937e+11  2.20230073e-02 -1.77362516e-02 
 5.88843655e+11  2.21015741e-02 -1.73593707e-02 
 6.02559586e+11  2.21752270e-02 -1.69973565e-02 
 6.16595002e+11  2.22442626e-02 -1.66494805e-02 
 6.30957344e+11  2.23089659e-02 -1.63150806e-02 
 6.45654229e+11  2.23696094e-02 -1.59935547e-02 
 6.60693448e+11  2.24264512e-02 -1.56843558e-02 
 6.76082975e+11  2.24797346e-02 -1.53869862e-02 
 6.91830971e+11  2.25296872e-02 -1.51009933e-02 
 7.07945784e+11  2.25765210e-02 -1.48259649e-02 
 7.24435960e+11  2.26204324e-02 -1.45615256e-02 
 7.41310241e+11  2.26616018e-02 -1.43073331e-02 
 7.58577575e+11  2.27001945e-02 -1.40630748e-02 
 7.76247117e+11  2.27363605e-02 -1.38284652e-02 
 7.94328235e+11  2.27702353e-02 -1.36032430e-02 
 8.12830516e+11  2.28019403e-02 -1.33871688e-02 
 8.31763771e+11  2.28315833e-02 -1.31800230e-02 
 8.51138038e+11  2.28592589e-02 -1.29816037e-02 
 8.70963590e+11  2.28850493e-02 -1.27917254e-02 
 8.91250938e+11  2.29090246e-02 -1.26102167e-02 
 9.12010839e+11  2.29312433e-02 -1.24369197e-02 
 9.33254301e+11  2.29517529e-02 -1.22716883e-02 
 9.54992586e+11  2.29705902e-02 -1.21143871e-02 
 9.77237221e+11  2.29877820e-02 -1.19648904e-02 
 1.00000000e+12  2.30033451e-02 -1.18230812e-02 
