 frequency       db(  (ac1.vout2-ac1.vout1)) ph(  (ac1.vout2-ac1.vout1))
 1.00000000e+01  3.29814655e+01 -4.85458001e-06 
 1.02329299e+01  3.29814655e+01 -4.96765771e-06 
 1.04712855e+01  3.29814655e+01 -5.08336932e-06 
 1.07151931e+01  3.29814655e+01 -5.20177620e-06 
 1.09647820e+01  3.29814655e+01 -5.32294114e-06 
 1.12201845e+01  3.29814655e+01 -5.44692836e-06 
 1.14815362e+01  3.29814655e+01 -5.57380362e-06 
 1.17489755e+01  3.29814655e+01 -5.70363419e-06 
 1.20226443e+01  3.29814655e+01 -5.83648890e-06 
 1.23026877e+01  3.29814655e+01 -5.97243819e-06 
 1.25892541e+01  3.29814655e+01 -6.11155414e-06 
 1.28824955e+01  3.29814655e+01 -6.25391053e-06 
 1.31825674e+01  3.29814655e+01 -6.39958282e-06 
 1.34896288e+01  3.29814655e+01 -6.54864825e-06 
 1.38038426e+01  3.29814655e+01 -6.70118586e-06 
 1.41253754e+01  3.29814655e+01 -6.85727653e-06 
 1.44543977e+01  3.29814655e+01 -7.01700302e-06 
 1.47910839e+01  3.29814655e+01 -7.18045002e-06 
 1.51356125e+01  3.29814655e+01 -7.34770419e-06 
 1.54881662e+01  3.29814655e+01 -7.51885420e-06 
 1.58489319e+01  3.29814655e+01 -7.69399082e-06 
 1.62181010e+01  3.29814655e+01 -7.87320688e-06 
 1.65958691e+01  3.29814655e+01 -8.05659743e-06 
 1.69824365e+01  3.29814655e+01 -8.24425969e-06 
 1.73780083e+01  3.29814655e+01 -8.43629317e-06 
 1.77827941e+01  3.29814655e+01 -8.63279968e-06 
 1.81970086e+01  3.29814655e+01 -8.83388342e-06 
 1.86208714e+01  3.29814655e+01 -9.03965100e-06 
 1.90546072e+01  3.29814655e+01 -9.25021152e-06 
 1.94984460e+01  3.29814655e+01 -9.46567662e-06 
 1.99526231e+01  3.29814655e+01 -9.68616056e-06 
 2.04173794e+01  3.29814655e+01 -9.91178022e-06 
 2.08929613e+01  3.29814655e+01 -1.01426552e-05 
 2.13796209e+01  3.29814655e+01 -1.03789080e-05 
 2.18776162e+01  3.29814655e+01 -1.06206639e-05 
 2.23872114e+01  3.29814655e+01 -1.08680509e-05 
 2.29086765e+01  3.29814655e+01 -1.11212003e-05 
 2.34422882e+01  3.29814655e+01 -1.13802464e-05 
 2.39883292e+01  3.29814655e+01 -1.16453263e-05 
 2.45470892e+01  3.29814655e+01 -1.19165808e-05 
 2.51188643e+01  3.29814655e+01 -1.21941537e-05 
 2.57039578e+01  3.29814655e+01 -1.24781920e-05 
 2.63026799e+01  3.29814655e+01 -1.27688464e-05 
 2.69153480e+01  3.29814655e+01 -1.30662711e-05 
 2.75422870e+01  3.29814655e+01 -1.33706236e-05 
 2.81838293e+01  3.29814655e+01 -1.36820654e-05 
 2.88403150e+01  3.29814655e+01 -1.40007617e-05 
 2.95120923e+01  3.29814655e+01 -1.43268813e-05 
 3.01995172e+01  3.29814655e+01 -1.46605973e-05 
 3.09029543e+01  3.29814655e+01 -1.50020864e-05 
 3.16227766e+01  3.29814655e+01 -1.53515299e-05 
 3.23593657e+01  3.29814655e+01 -1.57091130e-05 
 3.31131121e+01  3.29814655e+01 -1.60750252e-05 
 3.38844156e+01  3.29814655e+01 -1.64494607e-05 
 3.46736850e+01  3.29814655e+01 -1.68326178e-05 
 3.54813389e+01  3.29814655e+01 -1.72246999e-05 
 3.63078055e+01  3.29814655e+01 -1.76259147e-05 
 3.71535229e+01  3.29814655e+01 -1.80364750e-05 
 3.80189396e+01  3.29814655e+01 -1.84565984e-05 
 3.89045145e+01  3.29814655e+01 -1.88865079e-05 
 3.98107171e+01  3.29814655e+01 -1.93264311e-05 
 4.07380278e+01  3.29814655e+01 -1.97766015e-05 
 4.16869383e+01  3.29814655e+01 -2.02372578e-05 
 4.26579519e+01  3.29814655e+01 -2.07086441e-05 
 4.36515832e+01  3.29814655e+01 -2.11910103e-05 
 4.46683592e+01  3.29814655e+01 -2.16846124e-05 
 4.57088190e+01  3.29814655e+01 -2.21897119e-05 
 4.67735141e+01  3.29814655e+01 -2.27065767e-05 
 4.78630092e+01  3.29814655e+01 -2.32354808e-05 
 4.89778819e+01  3.29814655e+01 -2.37767047e-05 
 5.01187234e+01  3.29814655e+01 -2.43305353e-05 
 5.12861384e+01  3.29814655e+01 -2.48972662e-05 
 5.24807460e+01  3.29814655e+01 -2.54771981e-05 
 5.37031796e+01  3.29814655e+01 -2.60706382e-05 
 5.49540874e+01  3.29814655e+01 -2.66779014e-05 
 5.62341325e+01  3.29814655e+01 -2.72993096e-05 
 5.75439937e+01  3.29814655e+01 -2.79351922e-05 
 5.88843655e+01  3.29814655e+01 -2.85858864e-05 
 6.02559586e+01  3.29814655e+01 -2.92517372e-05 
 6.16595002e+01  3.29814655e+01 -2.99330977e-05 
 6.30957344e+01  3.29814655e+01 -3.06303291e-05 
 6.45654229e+01  3.29814655e+01 -3.13438012e-05 
 6.60693448e+01  3.29814655e+01 -3.20738921e-05 
 6.76082975e+01  3.29814655e+01 -3.28209890e-05 
 6.91830971e+01  3.29814655e+01 -3.35854880e-05 
 7.07945784e+01  3.29814655e+01 -3.43677945e-05 
 7.24435960e+01  3.29814655e+01 -3.51683233e-05 
 7.41310241e+01  3.29814655e+01 -3.59874988e-05 
 7.58577575e+01  3.29814655e+01 -3.68257553e-05 
 7.76247117e+01  3.29814655e+01 -3.76835374e-05 
 7.94328235e+01  3.29814655e+01 -3.85612997e-05 
 8.12830516e+01  3.29814655e+01 -3.94595078e-05 
 8.31763771e+01  3.29814655e+01 -4.03786378e-05 
 8.51138038e+01  3.29814655e+01 -4.13191771e-05 
 8.70963590e+01  3.29814655e+01 -4.22816243e-05 
 8.91250938e+01  3.29814655e+01 -4.32664899e-05 
 9.12010839e+01  3.29814655e+01 -4.42742959e-05 
 9.33254301e+01  3.29814655e+01 -4.53055767e-05 
 9.54992586e+01  3.29814655e+01 -4.63608792e-05 
 9.77237221e+01  3.29814655e+01 -4.74407628e-05 
 1.00000000e+02  3.29814655e+01 -4.85458001e-05 
 1.02329299e+02  3.29814655e+01 -4.96765770e-05 
 1.04712855e+02  3.29814655e+01 -5.08336932e-05 
 1.07151931e+02  3.29814655e+01 -5.20177620e-05 
 1.09647820e+02  3.29814655e+01 -5.32294113e-05 
 1.12201845e+02  3.29814655e+01 -5.44692836e-05 
 1.14815362e+02  3.29814655e+01 -5.57380362e-05 
 1.17489755e+02  3.29814655e+01 -5.70363418e-05 
 1.20226443e+02  3.29814655e+01 -5.83648889e-05 
 1.23026877e+02  3.29814655e+01 -5.97243818e-05 
 1.25892541e+02  3.29814655e+01 -6.11155414e-05 
 1.28824955e+02  3.29814655e+01 -6.25391052e-05 
 1.31825674e+02  3.29814655e+01 -6.39958281e-05 
 1.34896288e+02  3.29814655e+01 -6.54864824e-05 
 1.38038426e+02  3.29814655e+01 -6.70118585e-05 
 1.41253754e+02  3.29814655e+01 -6.85727652e-05 
 1.44543977e+02  3.29814655e+01 -7.01700301e-05 
 1.47910839e+02  3.29814655e+01 -7.18045001e-05 
 1.51356125e+02  3.29814655e+01 -7.34770417e-05 
 1.54881662e+02  3.29814655e+01 -7.51885419e-05 
 1.58489319e+02  3.29814655e+01 -7.69399080e-05 
 1.62181010e+02  3.29814655e+01 -7.87320687e-05 
 1.65958691e+02  3.29814655e+01 -8.05659742e-05 
 1.69824365e+02  3.29814655e+01 -8.24425968e-05 
 1.73780083e+02  3.29814655e+01 -8.43629315e-05 
 1.77827941e+02  3.29814655e+01 -8.63279966e-05 
 1.81970086e+02  3.29814655e+01 -8.83388340e-05 
 1.86208714e+02  3.29814655e+01 -9.03965097e-05 
 1.90546072e+02  3.29814655e+01 -9.25021149e-05 
 1.94984460e+02  3.29814655e+01 -9.46567660e-05 
 1.99526231e+02  3.29814655e+01 -9.68616053e-05 
 2.04173794e+02  3.29814655e+01 -9.91178019e-05 
 2.08929613e+02  3.29814655e+01 -1.01426552e-04 
 2.13796209e+02  3.29814655e+01 -1.03789080e-04 
 2.18776162e+02  3.29814655e+01 -1.06206638e-04 
 2.23872114e+02  3.29814655e+01 -1.08680509e-04 
 2.29086765e+02  3.29814655e+01 -1.11212003e-04 
 2.34422882e+02  3.29814655e+01 -1.13802463e-04 
 2.39883292e+02  3.29814655e+01 -1.16453263e-04 
 2.45470892e+02  3.29814655e+01 -1.19165808e-04 
 2.51188643e+02  3.29814655e+01 -1.21941536e-04 
 2.57039578e+02  3.29814655e+01 -1.24781919e-04 
 2.63026799e+02  3.29814654e+01 -1.27688464e-04 
 2.69153480e+02  3.29814654e+01 -1.30662710e-04 
 2.75422870e+02  3.29814654e+01 -1.33706235e-04 
 2.81838293e+02  3.29814654e+01 -1.36820654e-04 
 2.88403150e+02  3.29814654e+01 -1.40007616e-04 
 2.95120923e+02  3.29814654e+01 -1.43268812e-04 
 3.01995172e+02  3.29814654e+01 -1.46605972e-04 
 3.09029543e+02  3.29814654e+01 -1.50020863e-04 
 3.16227766e+02  3.29814654e+01 -1.53515298e-04 
 3.23593657e+02  3.29814654e+01 -1.57091129e-04 
 3.31131121e+02  3.29814654e+01 -1.60750251e-04 
 3.38844156e+02  3.29814654e+01 -1.64494605e-04 
 3.46736850e+02  3.29814654e+01 -1.68326177e-04 
 3.54813389e+02  3.29814654e+01 -1.72246997e-04 
 3.63078055e+02  3.29814654e+01 -1.76259145e-04 
 3.71535229e+02  3.29814654e+01 -1.80364748e-04 
 3.80189396e+02  3.29814654e+01 -1.84565982e-04 
 3.89045145e+02  3.29814654e+01 -1.88865076e-04 
 3.98107171e+02  3.29814654e+01 -1.93264309e-04 
 4.07380278e+02  3.29814654e+01 -1.97766013e-04 
 4.16869383e+02  3.29814653e+01 -2.02372575e-04 
 4.26579519e+02  3.29814653e+01 -2.07086438e-04 
 4.36515832e+02  3.29814653e+01 -2.11910100e-04 
 4.46683592e+02  3.29814653e+01 -2.16846121e-04 
 4.57088190e+02  3.29814653e+01 -2.21897116e-04 
 4.67735141e+02  3.29814653e+01 -2.27065763e-04 
 4.78630092e+02  3.29814653e+01 -2.32354804e-04 
 4.89778819e+02  3.29814653e+01 -2.37767042e-04 
 5.01187234e+02  3.29814653e+01 -2.43305348e-04 
 5.12861384e+02  3.29814653e+01 -2.48972658e-04 
 5.24807460e+02  3.29814652e+01 -2.54771975e-04 
 5.37031796e+02  3.29814652e+01 -2.60706377e-04 
 5.49540874e+02  3.29814652e+01 -2.66779008e-04 
 5.62341325e+02  3.29814652e+01 -2.72993089e-04 
 5.75439937e+02  3.29814652e+01 -2.79351915e-04 
 5.88843655e+02  3.29814652e+01 -2.85858857e-04 
 6.02559586e+02  3.29814652e+01 -2.92517364e-04 
 6.16595002e+02  3.29814651e+01 -2.99330969e-04 
 6.30957344e+02  3.29814651e+01 -3.06303282e-04 
 6.45654229e+02  3.29814651e+01 -3.13438002e-04 
 6.60693448e+02  3.29814651e+01 -3.20738910e-04 
 6.76082975e+02  3.29814651e+01 -3.28209879e-04 
 6.91830971e+02  3.29814650e+01 -3.35854868e-04 
 7.07945784e+02  3.29814650e+01 -3.43677933e-04 
 7.24435960e+02  3.29814650e+01 -3.51683219e-04 
 7.41310241e+02  3.29814650e+01 -3.59874973e-04 
 7.58577575e+02  3.29814649e+01 -3.68257538e-04 
 7.76247117e+02  3.29814649e+01 -3.76835357e-04 
 7.94328235e+02  3.29814649e+01 -3.85612979e-04 
 8.12830516e+02  3.29814649e+01 -3.94595058e-04 
 8.31763771e+02  3.29814648e+01 -4.03786357e-04 
 8.51138038e+02  3.29814648e+01 -4.13191748e-04 
 8.70963590e+02  3.29814648e+01 -4.22816220e-04 
 8.91250938e+02  3.29814647e+01 -4.32664873e-04 
 9.12010839e+02  3.29814647e+01 -4.42742932e-04 
 9.33254301e+02  3.29814647e+01 -4.53055738e-04 
 9.54992586e+02  3.29814646e+01 -4.63608760e-04 
 9.77237221e+02  3.29814646e+01 -4.74407594e-04 
 1.00000000e+03  3.29814645e+01 -4.85457965e-04 
 1.02329299e+03  3.29814645e+01 -4.96765732e-04 
 1.04712855e+03  3.29814644e+01 -5.08336890e-04 
 1.07151931e+03  3.29814644e+01 -5.20177576e-04 
 1.09647820e+03  3.29814643e+01 -5.32294066e-04 
 1.12201845e+03  3.29814643e+01 -5.44692785e-04 
 1.14815362e+03  3.29814642e+01 -5.57380307e-04 
 1.17489755e+03  3.29814641e+01 -5.70363360e-04 
 1.20226443e+03  3.29814641e+01 -5.83648826e-04 
 1.23026877e+03  3.29814640e+01 -5.97243751e-04 
 1.25892541e+03  3.29814639e+01 -6.11155342e-04 
 1.28824955e+03  3.29814639e+01 -6.25390975e-04 
 1.31825674e+03  3.29814638e+01 -6.39958198e-04 
 1.34896288e+03  3.29814637e+01 -6.54864736e-04 
 1.38038426e+03  3.29814636e+01 -6.70118490e-04 
 1.41253754e+03  3.29814635e+01 -6.85727551e-04 
 1.44543977e+03  3.29814634e+01 -7.01700192e-04 
 1.47910839e+03  3.29814633e+01 -7.18044884e-04 
 1.51356125e+03  3.29814632e+01 -7.34770292e-04 
 1.54881662e+03  3.29814631e+01 -7.51885285e-04 
 1.58489319e+03  3.29814630e+01 -7.69398937e-04 
 1.62181010e+03  3.29814629e+01 -7.87320533e-04 
 1.65958691e+03  3.29814628e+01 -8.05659577e-04 
 1.69824365e+03  3.29814627e+01 -8.24425791e-04 
 1.73780083e+03  3.29814625e+01 -8.43629126e-04 
 1.77827941e+03  3.29814624e+01 -8.63279763e-04 
 1.81970086e+03  3.29814622e+01 -8.83388122e-04 
 1.86208714e+03  3.29814621e+01 -9.03964865e-04 
 1.90546072e+03  3.29814619e+01 -9.25020900e-04 
 1.94984460e+03  3.29814617e+01 -9.46567392e-04 
 1.99526231e+03  3.29814616e+01 -9.68615766e-04 
 2.04173794e+03  3.29814614e+01 -9.91177712e-04 
 2.08929613e+03  3.29814612e+01 -1.01426519e-03 
 2.13796209e+03  3.29814610e+01 -1.03789045e-03 
 2.18776162e+03  3.29814608e+01 -1.06206600e-03 
 2.23872114e+03  3.29814605e+01 -1.08680468e-03 
 2.29086765e+03  3.29814603e+01 -1.11211959e-03 
 2.34422882e+03  3.29814601e+01 -1.13802417e-03 
 2.39883292e+03  3.29814598e+01 -1.16453213e-03 
 2.45470892e+03  3.29814595e+01 -1.19165755e-03 
 2.51188643e+03  3.29814593e+01 -1.21941479e-03 
 2.57039578e+03  3.29814590e+01 -1.24781858e-03 
 2.63026799e+03  3.29814587e+01 -1.27688398e-03 
 2.69153480e+03  3.29814583e+01 -1.30662640e-03 
 2.75422870e+03  3.29814580e+01 -1.33706160e-03 
 2.81838293e+03  3.29814576e+01 -1.36820573e-03 
 2.88403150e+03  3.29814573e+01 -1.40007530e-03 
 2.95120923e+03  3.29814569e+01 -1.43268720e-03 
 3.01995172e+03  3.29814565e+01 -1.46605872e-03 
 3.09029543e+03  3.29814560e+01 -1.50020757e-03 
 3.16227766e+03  3.29814556e+01 -1.53515184e-03 
 3.23593657e+03  3.29814551e+01 -1.57091007e-03 
 3.31131121e+03  3.29814546e+01 -1.60750120e-03 
 3.38844156e+03  3.29814541e+01 -1.64494465e-03 
 3.46736850e+03  3.29814536e+01 -1.68326027e-03 
 3.54813389e+03  3.29814530e+01 -1.72246836e-03 
 3.63078055e+03  3.29814524e+01 -1.76258972e-03 
 3.71535229e+03  3.29814518e+01 -1.80364563e-03 
 3.80189396e+03  3.29814512e+01 -1.84565784e-03 
 3.89045145e+03  3.29814505e+01 -1.88864864e-03 
 3.98107171e+03  3.29814498e+01 -1.93264082e-03 
 4.07380278e+03  3.29814490e+01 -1.97765769e-03 
 4.16869383e+03  3.29814483e+01 -2.02372314e-03 
 4.26579519e+03  3.29814475e+01 -2.07086158e-03 
 4.36515832e+03  3.29814466e+01 -2.11909801e-03 
 4.46683592e+03  3.29814457e+01 -2.16845799e-03 
 4.57088190e+03  3.29814448e+01 -2.21896771e-03 
 4.67735141e+03  3.29814438e+01 -2.27065394e-03 
 4.78630092e+03  3.29814428e+01 -2.32354409e-03 
 4.89778819e+03  3.29814417e+01 -2.37766619e-03 
 5.01187234e+03  3.29814406e+01 -2.43304894e-03 
 5.12861384e+03  3.29814394e+01 -2.48972171e-03 
 5.24807460e+03  3.29814382e+01 -2.54771454e-03 
 5.37031796e+03  3.29814369e+01 -2.60705818e-03 
 5.49540874e+03  3.29814355e+01 -2.66778410e-03 
 5.62341325e+03  3.29814341e+01 -2.72992448e-03 
 5.75439937e+03  3.29814326e+01 -2.79351228e-03 
 5.88843655e+03  3.29814311e+01 -2.85858120e-03 
 6.02559586e+03  3.29814295e+01 -2.92516576e-03 
 6.16595002e+03  3.29814278e+01 -2.99330123e-03 
 6.30957344e+03  3.29814260e+01 -3.06302377e-03 
 6.45654229e+03  3.29814241e+01 -3.13437031e-03 
 6.60693448e+03  3.29814222e+01 -3.20737870e-03 
 6.76082975e+03  3.29814201e+01 -3.28208764e-03 
 6.91830971e+03  3.29814180e+01 -3.35853674e-03 
 7.07945784e+03  3.29814158e+01 -3.43676653e-03 
 7.24435960e+03  3.29814134e+01 -3.51681849e-03 
 7.41310241e+03  3.29814110e+01 -3.59873504e-03 
 7.58577575e+03  3.29814084e+01 -3.68255964e-03 
 7.76247117e+03  3.29814057e+01 -3.76833670e-03 
 7.94328235e+03  3.29814029e+01 -3.85611172e-03 
 8.12830516e+03  3.29813999e+01 -3.94593122e-03 
 8.31763771e+03  3.29813968e+01 -4.03784282e-03 
 8.51138038e+03  3.29813936e+01 -4.13189525e-03 
 8.70963590e+03  3.29813902e+01 -4.22813837e-03 
 8.91250938e+03  3.29813867e+01 -4.32662321e-03 
 9.12010839e+03  3.29813829e+01 -4.42740196e-03 
 9.33254301e+03  3.29813791e+01 -4.53052807e-03 
 9.54992586e+03  3.29813750e+01 -4.63605620e-03 
 9.77237221e+03  3.29813707e+01 -4.74404229e-03 
 1.00000000e+04  3.29813662e+01 -4.85454359e-03 
 1.02329299e+04  3.29813616e+01 -4.96761868e-03 
 1.04712855e+04  3.29813567e+01 -5.08332750e-03 
 1.07151931e+04  3.29813515e+01 -5.20173140e-03 
 1.09647820e+04  3.29813462e+01 -5.32289312e-03 
 1.12201845e+04  3.29813405e+01 -5.44687692e-03 
 1.14815362e+04  3.29813347e+01 -5.57374850e-03 
 1.17489755e+04  3.29813285e+01 -5.70357512e-03 
 1.20226443e+04  3.29813220e+01 -5.83642560e-03 
 1.23026877e+04  3.29813153e+01 -5.97237037e-03 
 1.25892541e+04  3.29813082e+01 -6.11148147e-03 
 1.28824955e+04  3.29813008e+01 -6.25383266e-03 
 1.31825674e+04  3.29812930e+01 -6.39949938e-03 
 1.34896288e+04  3.29812849e+01 -6.54855885e-03 
 1.38038426e+04  3.29812764e+01 -6.70109007e-03 
 1.41253754e+04  3.29812675e+01 -6.85717388e-03 
 1.44543977e+04  3.29812581e+01 -7.01689303e-03 
 1.47910839e+04  3.29812483e+01 -7.18033216e-03 
 1.51356125e+04  3.29812381e+01 -7.34757790e-03 
 1.54881662e+04  3.29812274e+01 -7.51871888e-03 
 1.58489319e+04  3.29812162e+01 -7.69384582e-03 
 1.62181010e+04  3.29812044e+01 -7.87305152e-03 
 1.65958691e+04  3.29811921e+01 -8.05643096e-03 
 1.69824365e+04  3.29811792e+01 -8.24408131e-03 
 1.73780083e+04  3.29811657e+01 -8.43610203e-03 
 1.77827941e+04  3.29811516e+01 -8.63259487e-03 
 1.81970086e+04  3.29811368e+01 -8.83366396e-03 
 1.86208714e+04  3.29811213e+01 -9.03941584e-03 
 1.90546072e+04  3.29811051e+01 -9.24995955e-03 
 1.94984460e+04  3.29810881e+01 -9.46540663e-03 
 1.99526231e+04  3.29810703e+01 -9.68587126e-03 
 2.04173794e+04  3.29810517e+01 -9.91147023e-03 
 2.08929613e+04  3.29810322e+01 -1.01423231e-02 
 2.13796209e+04  3.29810118e+01 -1.03785521e-02 
 2.18776162e+04  3.29809904e+01 -1.06202825e-02 
 2.23872114e+04  3.29809680e+01 -1.08676423e-02 
 2.29086765e+04  3.29809446e+01 -1.11207624e-02 
 2.34422882e+04  3.29809200e+01 -1.13797772e-02 
 2.39883292e+04  3.29808943e+01 -1.16448236e-02 
 2.45470892e+04  3.29808674e+01 -1.19160421e-02 
 2.51188643e+04  3.29808392e+01 -1.21935764e-02 
 2.57039578e+04  3.29808097e+01 -1.24775735e-02 
 2.63026799e+04  3.29807787e+01 -1.27681837e-02 
 2.69153480e+04  3.29807464e+01 -1.30655609e-02 
 2.75422870e+04  3.29807125e+01 -1.33698627e-02 
 2.81838293e+04  3.29806770e+01 -1.36812501e-02 
 2.88403150e+04  3.29806399e+01 -1.39998880e-02 
 2.95120923e+04  3.29806010e+01 -1.43259452e-02 
 3.01995172e+04  3.29805602e+01 -1.46595942e-02 
 3.09029543e+04  3.29805175e+01 -1.50010116e-02 
 3.16227766e+04  3.29804729e+01 -1.53503782e-02 
 3.23593657e+04  3.29804261e+01 -1.57078790e-02 
 3.31131121e+04  3.29803771e+01 -1.60737030e-02 
 3.38844156e+04  3.29803258e+01 -1.64480438e-02 
 3.46736850e+04  3.29802721e+01 -1.68310997e-02 
 3.54813389e+04  3.29802159e+01 -1.72230732e-02 
 3.63078055e+04  3.29801570e+01 -1.76241717e-02 
 3.71535229e+04  3.29800954e+01 -1.80346073e-02 
 3.80189396e+04  3.29800308e+01 -1.84545972e-02 
 3.89045145e+04  3.29799632e+01 -1.88843635e-02 
 3.98107171e+04  3.29798924e+01 -1.93241335e-02 
 4.07380278e+04  3.29798183e+01 -1.97741396e-02 
 4.16869383e+04  3.29797407e+01 -2.02346197e-02 
 4.26579519e+04  3.29796594e+01 -2.07058173e-02 
 4.36515832e+04  3.29795743e+01 -2.11879815e-02 
 4.46683592e+04  3.29794852e+01 -2.16813670e-02 
 4.57088190e+04  3.29793919e+01 -2.21862344e-02 
 4.67735141e+04  3.29792942e+01 -2.27028506e-02 
 4.78630092e+04  3.29791919e+01 -2.32314883e-02 
 4.89778819e+04  3.29790847e+01 -2.37724266e-02 
 5.01187234e+04  3.29789726e+01 -2.43259513e-02 
 5.12861384e+04  3.29788551e+01 -2.48923545e-02 
 5.24807460e+04  3.29787321e+01 -2.54719352e-02 
 5.37031796e+04  3.29786033e+01 -2.60649991e-02 
 5.49540874e+04  3.29784685e+01 -2.66718590e-02 
 5.62341325e+04  3.29783273e+01 -2.72928351e-02 
 5.75439937e+04  3.29781794e+01 -2.79282548e-02 
 5.88843655e+04  3.29780246e+01 -2.85784531e-02 
 6.02559586e+04  3.29778626e+01 -2.92437725e-02 
 6.16595002e+04  3.29776928e+01 -2.99245635e-02 
 6.30957344e+04  3.29775151e+01 -3.06211848e-02 
 6.45654229e+04  3.29773290e+01 -3.13340030e-02 
 6.60693448e+04  3.29771342e+01 -3.20633935e-02 
 6.76082975e+04  3.29769301e+01 -3.28097399e-02 
 6.91830971e+04  3.29767165e+01 -3.35734347e-02 
 7.07945784e+04  3.29764928e+01 -3.43548796e-02 
 7.24435960e+04  3.29762586e+01 -3.51544852e-02 
 7.41310241e+04  3.29760134e+01 -3.59726714e-02 
 7.58577575e+04  3.29757566e+01 -3.68098681e-02 
 7.76247117e+04  3.29754877e+01 -3.76665145e-02 
 7.94328235e+04  3.29752062e+01 -3.85430602e-02 
 8.12830516e+04  3.29749114e+01 -3.94399645e-02 
 8.31763771e+04  3.29746028e+01 -4.03576977e-02 
 8.51138038e+04  3.29742796e+01 -4.12967403e-02 
 8.70963590e+04  3.29739412e+01 -4.22575841e-02 
 8.91250938e+04  3.29735869e+01 -4.32407315e-02 
 9.12010839e+04  3.29732160e+01 -4.42466967e-02 
 9.33254301e+04  3.29728276e+01 -4.52760053e-02 
 9.54992586e+04  3.29724209e+01 -4.63291946e-02 
 9.77237221e+04  3.29719951e+01 -4.74068141e-02 
 1.00000000e+05  3.29715493e+01 -4.85094257e-02 
 1.02329299e+05  3.29710825e+01 -4.96376036e-02 
 1.04712855e+05  3.29705938e+01 -5.07919353e-02 
 1.07151931e+05  3.29700821e+01 -5.19730207e-02 
 1.09647820e+05  3.29695464e+01 -5.31814737e-02 
 1.12201845e+05  3.29689854e+01 -5.44179214e-02 
 1.14815362e+05  3.29683982e+01 -5.56830052e-02 
 1.17489755e+05  3.29677833e+01 -5.69773800e-02 
 1.20226443e+05  3.29671395e+01 -5.83017158e-02 
 1.23026877e+05  3.29664655e+01 -5.96566969e-02 
 1.25892541e+05  3.29657599e+01 -6.10430229e-02 
 1.28824955e+05  3.29650211e+01 -6.24614082e-02 
 1.31825674e+05  3.29642476e+01 -6.39125829e-02 
 1.34896288e+05  3.29634379e+01 -6.53972938e-02 
 1.38038426e+05  3.29625901e+01 -6.69163024e-02 
 1.41253754e+05  3.29617025e+01 -6.84703874e-02 
 1.44543977e+05  3.29607733e+01 -7.00603446e-02 
 1.47910839e+05  3.29598006e+01 -7.16869856e-02 
 1.51356125e+05  3.29587822e+01 -7.33511406e-02 
 1.54881662e+05  3.29577161e+01 -7.50536561e-02 
 1.58489319e+05  3.29566000e+01 -7.67953977e-02 
 1.62181010e+05  3.29554316e+01 -7.85772480e-02 
 1.65958691e+05  3.29542085e+01 -8.04001089e-02 
 1.69824365e+05  3.29529282e+01 -8.22649004e-02 
 1.73780083e+05  3.29515879e+01 -8.41725618e-02 
 1.77827941e+05  3.29501848e+01 -8.61240512e-02 
 1.81970086e+05  3.29487161e+01 -8.81203470e-02 
 1.86208714e+05  3.29471788e+01 -9.01624465e-02 
 1.90546072e+05  3.29455696e+01 -9.22513675e-02 
 1.94984460e+05  3.29438851e+01 -9.43881478e-02 
 1.99526231e+05  3.29421220e+01 -9.65738460e-02 
 2.04173794e+05  3.29402766e+01 -9.88095408e-02 
 2.08929613e+05  3.29383450e+01 -1.01096333e-01 
 2.13796209e+05  3.29363233e+01 -1.03435343e-01 
 2.18776162e+05  3.29342074e+01 -1.05827713e-01 
 2.23872114e+05  3.29319928e+01 -1.08274607e-01 
 2.29086765e+05  3.29296751e+01 -1.10777211e-01 
 2.34422882e+05  3.29272494e+01 -1.13336732e-01 
 2.39883292e+05  3.29247109e+01 -1.15954398e-01 
 2.45470892e+05  3.29220544e+01 -1.18631461e-01 
 2.51188643e+05  3.29192743e+01 -1.21369193e-01 
 2.57039578e+05  3.29163652e+01 -1.24168890e-01 
 2.63026799e+05  3.29133211e+01 -1.27031868e-01 
 2.69153480e+05  3.29101357e+01 -1.29959465e-01 
 2.75422870e+05  3.29068028e+01 -1.32953043e-01 
 2.81838293e+05  3.29033155e+01 -1.36013983e-01 
 2.88403150e+05  3.28996669e+01 -1.39143690e-01 
 2.95120923e+05  3.28958496e+01 -1.42343589e-01 
 3.01995172e+05  3.28918560e+01 -1.45615125e-01 
 3.09029543e+05  3.28876781e+01 -1.48959767e-01 
 3.16227766e+05  3.28833076e+01 -1.52379002e-01 
 3.23593657e+05  3.28787358e+01 -1.55874337e-01 
 3.31131121e+05  3.28739538e+01 -1.59447300e-01 
 3.38844156e+05  3.28689520e+01 -1.63099437e-01 
 3.46736850e+05  3.28637206e+01 -1.66832311e-01 
 3.54813389e+05  3.28582495e+01 -1.70647507e-01 
 3.63078055e+05  3.28525278e+01 -1.74546621e-01 
 3.71535229e+05  3.28465446e+01 -1.78531269e-01 
 3.80189396e+05  3.28402882e+01 -1.82603081e-01 
 3.89045145e+05  3.28337466e+01 -1.86763700e-01 
 3.98107171e+05  3.28269072e+01 -1.91014783e-01 
 4.07380278e+05  3.28197571e+01 -1.95357997e-01 
 4.16869383e+05  3.28122826e+01 -1.99795020e-01 
 4.26579519e+05  3.28044695e+01 -2.04327537e-01 
 4.36515832e+05  3.27963033e+01 -2.08957242e-01 
 4.46683592e+05  3.27877686e+01 -2.13685831e-01 
 4.57088190e+05  3.27788496e+01 -2.18515006e-01 
 4.67735141e+05  3.27695299e+01 -2.23446469e-01 
 4.78630092e+05  3.27597924e+01 -2.28481918e-01 
 4.89778819e+05  3.27496192e+01 -2.33623049e-01 
 5.01187234e+05  3.27389921e+01 -2.38871555e-01 
 5.12861384e+05  3.27278920e+01 -2.44229113e-01 
 5.24807460e+05  3.27162990e+01 -2.49697392e-01 
 5.37031796e+05  3.27041928e+01 -2.55278046e-01 
 5.49540874e+05  3.26915521e+01 -2.60972708e-01 
 5.62341325e+05  3.26783549e+01 -2.66782990e-01 
 5.75439937e+05  3.26645786e+01 -2.72710480e-01 
 5.88843655e+05  3.26501997e+01 -2.78756732e-01 
 6.02559586e+05  3.26351940e+01 -2.84923269e-01 
 6.16595002e+05  3.26195365e+01 -2.91211575e-01 
 6.30957344e+05  3.26032013e+01 -2.97623091e-01 
 6.45654229e+05  3.25861618e+01 -3.04159209e-01 
 6.60693448e+05  3.25683907e+01 -3.10821271e-01 
 6.76082975e+05  3.25498596e+01 -3.17610556e-01 
 6.91830971e+05  3.25305395e+01 -3.24528286e-01 
 7.07945784e+05  3.25104006e+01 -3.31575610e-01 
 7.24435960e+05  3.24894121e+01 -3.38753601e-01 
 7.41310241e+05  3.24675427e+01 -3.46063256e-01 
 7.58577575e+05  3.24447599e+01 -3.53505480e-01 
 7.76247117e+05  3.24210308e+01 -3.61081087e-01 
 7.94328235e+05  3.23963216e+01 -3.68790792e-01 
 8.12830516e+05  3.23705976e+01 -3.76635201e-01 
 8.31763771e+05  3.23438235e+01 -3.84614811e-01 
 8.51138038e+05  3.23159634e+01 -3.92729995e-01 
 8.70963590e+05  3.22869805e+01 -4.00981000e-01 
 8.91250938e+05  3.22568375e+01 -4.09367943e-01 
 9.12010839e+05  3.22254965e+01 -4.17890798e-01 
 9.33254301e+05  3.21929191e+01 -4.26549391e-01 
 9.54992586e+05  3.21590661e+01 -4.35343396e-01 
 9.77237221e+05  3.21238982e+01 -4.44272327e-01 
 1.00000000e+06  3.20873755e+01 -4.53335528e-01 
 1.02329299e+06  3.20494578e+01 -4.62532175e-01 
 1.04712855e+06  3.20101047e+01 -4.71861261e-01 
 1.07151931e+06  3.19692754e+01 -4.81321598e-01 
 1.09647820e+06  3.19269293e+01 -4.90911805e-01 
 1.12201845e+06  3.18830255e+01 -5.00630309e-01 
 1.14815362e+06  3.18375233e+01 -5.10475337e-01 
 1.17489755e+06  3.17903820e+01 -5.20444915e-01 
 1.20226443e+06  3.17415611e+01 -5.30536860e-01 
 1.23026877e+06  3.16910208e+01 -5.40748785e-01 
 1.25892541e+06  3.16387213e+01 -5.51078090e-01 
 1.28824955e+06  3.15846235e+01 -5.61521964e-01 
 1.31825674e+06  3.15286891e+01 -5.72077387e-01 
 1.34896288e+06  3.14708803e+01 -5.82741126e-01 
 1.38038426e+06  3.14111605e+01 -5.93509736e-01 
 1.41253754e+06  3.13494937e+01 -6.04379570e-01 
 1.44543977e+06  3.12858453e+01 -6.15346773e-01 
 1.47910839e+06  3.12201819e+01 -6.26407292e-01 
 1.51356125e+06  3.11524713e+01 -6.37556880e-01 
 1.54881662e+06  3.10826828e+01 -6.48791103e-01 
 1.58489319e+06  3.10107873e+01 -6.60105340e-01 
 1.62181010e+06  3.09367573e+01 -6.71494804e-01 
 1.65958691e+06  3.08605670e+01 -6.82954542e-01 
 1.69824365e+06  3.07821928e+01 -6.94479451e-01 
 1.73780083e+06  3.07016126e+01 -7.06064276e-01 
 1.77827941e+06  3.06188066e+01 -7.17703643e-01 
 1.81970086e+06  3.05337571e+01 -7.29392051e-01 
 1.86208714e+06  3.04464485e+01 -7.41123903e-01 
 1.90546072e+06  3.03568675e+01 -7.52893504e-01 
 1.94984460e+06  3.02650032e+01 -7.64695088e-01 
 1.99526231e+06  3.01708470e+01 -7.76522829e-01 
 2.04173794e+06  3.00743926e+01 -7.88370853e-01 
 2.08929613e+06  2.99756361e+01 -8.00233258e-01 
 2.13796209e+06  2.98745762e+01 -8.12104133e-01 
 2.18776162e+06  2.97712140e+01 -8.23977567e-01 
 2.23872114e+06  2.96655529e+01 -8.35847669e-01 
 2.29086765e+06  2.95575988e+01 -8.47708584e-01 
 2.34422882e+06  2.94473601e+01 -8.59554509e-01 
 2.39883292e+06  2.93348473e+01 -8.71379711e-01 
 2.45470892e+06  2.92200735e+01 -8.83178534e-01 
 2.51188643e+06  2.91030538e+01 -8.94945427e-01 
 2.57039578e+06  2.89838058e+01 -9.06674944e-01 
 2.63026799e+06  2.88623488e+01 -9.18361768e-01 
 2.69153480e+06  2.87387046e+01 -9.30000720e-01 
 2.75422870e+06  2.86128966e+01 -9.41586770e-01 
 2.81838293e+06  2.84849504e+01 -9.53115047e-01 
 2.88403150e+06  2.83548930e+01 -9.64580859e-01 
 2.95120923e+06  2.82227533e+01 -9.75979687e-01 
 3.01995172e+06  2.80885618e+01 -9.87307205e-01 
 3.09029543e+06  2.79523504e+01 -9.98559280e-01 
 3.16227766e+06  2.78141522e+01 -1.00973199e+00 
 3.23593657e+06  2.76740017e+01 -1.02082161e+00 
 3.31131121e+06  2.75319345e+01 -1.03182464e+00 
 3.38844156e+06  2.73879871e+01 -1.04273779e+00 
 3.46736850e+06  2.72421969e+01 -1.05355799e+00 
 3.54813389e+06  2.70946023e+01 -1.06428239e+00 
 3.63078055e+06  2.69452419e+01 -1.07490835e+00 
 3.71535229e+06  2.67941553e+01 -1.08543348e+00 
 3.80189396e+06  2.66413824e+01 -1.09585559e+00 
 3.89045145e+06  2.64869632e+01 -1.10617270e+00 
 3.98107171e+06  2.63309383e+01 -1.11638306e+00 
 4.07380278e+06  2.61733482e+01 -1.12648514e+00 
 4.16869383e+06  2.60142336e+01 -1.13647761e+00 
 4.26579519e+06  2.58536350e+01 -1.14635933e+00 
 4.36515832e+06  2.56915929e+01 -1.15612939e+00 
 4.46683592e+06  2.55281476e+01 -1.16578706e+00 
 4.57088190e+06  2.53633390e+01 -1.17533180e+00 
 4.67735141e+06  2.51972069e+01 -1.18476327e+00 
 4.78630092e+06  2.50297905e+01 -1.19408127e+00 
 4.89778819e+06  2.48611286e+01 -1.20328583e+00 
 5.01187234e+06  2.46912594e+01 -1.21237709e+00 
 5.12861384e+06  2.45202207e+01 -1.22135538e+00 
 5.24807460e+06  2.43480495e+01 -1.23022119e+00 
 5.37031796e+06  2.41747824e+01 -1.23897513e+00 
 5.49540874e+06  2.40004550e+01 -1.24761797e+00 
 5.62341325e+06  2.38251025e+01 -1.25615060e+00 
 5.75439937e+06  2.36487591e+01 -1.26457405e+00 
 5.88843655e+06  2.34714585e+01 -1.27288946e+00 
 6.02559586e+06  2.32932333e+01 -1.28109809e+00 
 6.16595002e+06  2.31141155e+01 -1.28920130e+00 
 6.30957344e+06  2.29341364e+01 -1.29720056e+00 
 6.45654229e+06  2.27533261e+01 -1.30509743e+00 
 6.60693448e+06  2.25717143e+01 -1.31289356e+00 
 6.76082975e+06  2.23893296e+01 -1.32059068e+00 
 6.91830971e+06  2.22061998e+01 -1.32819061e+00 
 7.07945784e+06  2.20223519e+01 -1.33569523e+00 
 7.24435960e+06  2.18378120e+01 -1.34310651e+00 
 7.41310241e+06  2.16526057e+01 -1.35042645e+00 
 7.58577575e+06  2.14667572e+01 -1.35765714e+00 
 7.76247117e+06  2.12802904e+01 -1.36480071e+00 
 7.94328235e+06  2.10932282e+01 -1.37185935e+00 
 8.12830516e+06  2.09055925e+01 -1.37883529e+00 
 8.31763771e+06  2.07174049e+01 -1.38573079e+00 
 8.51138038e+06  2.05286857e+01 -1.39254818e+00 
 8.70963590e+06  2.03394549e+01 -1.39928981e+00 
 8.91250938e+06  2.01497314e+01 -1.40595805e+00 
 9.12010839e+06  1.99595335e+01 -1.41255533e+00 
 9.33254301e+06  1.97688789e+01 -1.41908409e+00 
 9.54992586e+06  1.95777844e+01 -1.42554680e+00 
 9.77237221e+06  1.93862661e+01 -1.43194595e+00 
 1.00000000e+07  1.91943398e+01 -1.43828405e+00 
 1.02329299e+07  1.90020201e+01 -1.44456364e+00 
 1.04712855e+07  1.88093213e+01 -1.45078727e+00 
 1.07151931e+07  1.86162571e+01 -1.45695750e+00 
 1.09647820e+07  1.84228403e+01 -1.46307692e+00 
 1.12201845e+07  1.82290834e+01 -1.46914812e+00 
 1.14815362e+07  1.80349981e+01 -1.47517370e+00 
 1.17489755e+07  1.78405957e+01 -1.48115629e+00 
 1.20226443e+07  1.76458869e+01 -1.48709851e+00 
 1.23026877e+07  1.74508817e+01 -1.49300300e+00 
 1.25892541e+07  1.72555897e+01 -1.49887241e+00 
 1.28824955e+07  1.70600200e+01 -1.50470938e+00 
 1.31825674e+07  1.68641812e+01 -1.51051659e+00 
 1.34896288e+07  1.66680813e+01 -1.51629669e+00 
 1.38038426e+07  1.64717280e+01 -1.52205237e+00 
 1.41253754e+07  1.62751283e+01 -1.52778630e+00 
 1.44543977e+07  1.60782888e+01 -1.53350119e+00 
 1.47910839e+07  1.58812159e+01 -1.53919971e+00 
 1.51356125e+07  1.56839151e+01 -1.54488457e+00 
 1.54881662e+07  1.54863920e+01 -1.55055848e+00 
 1.58489319e+07  1.52886512e+01 -1.55622416e+00 
 1.62181010e+07  1.50906974e+01 -1.56188433e+00 
 1.65958691e+07  1.48925345e+01 -1.56754171e+00 
 1.69824365e+07  1.46941662e+01 -1.57319903e+00 
 1.73780083e+07  1.44955958e+01 -1.57885905e+00 
 1.77827941e+07  1.42968261e+01 -1.58452452e+00 
 1.81970086e+07  1.40978596e+01 -1.59019818e+00 
 1.86208714e+07  1.38986984e+01 -1.59588282e+00 
 1.90546072e+07  1.36993442e+01 -1.60158119e+00 
 1.94984460e+07  1.34997982e+01 -1.60729610e+00 
 1.99526231e+07  1.33000615e+01 -1.61303033e+00 
 2.04173794e+07  1.31001345e+01 -1.61878670e+00 
 2.08929613e+07  1.29000175e+01 -1.62456801e+00 
 2.13796209e+07  1.26997103e+01 -1.63037709e+00 
 2.18776162e+07  1.24992123e+01 -1.63621678e+00 
 2.23872114e+07  1.22985226e+01 -1.64208993e+00 
 2.29086765e+07  1.20976399e+01 -1.64799940e+00 
 2.34422882e+07  1.18965625e+01 -1.65394806e+00 
 2.39883292e+07  1.16952883e+01 -1.65993881e+00 
 2.45470892e+07  1.14938149e+01 -1.66597455e+00 
 2.51188643e+07  1.12921395e+01 -1.67205818e+00 
 2.57039578e+07  1.10902588e+01 -1.67819264e+00 
 2.63026799e+07  1.08881692e+01 -1.68438087e+00 
 2.69153480e+07  1.06858667e+01 -1.69062583e+00 
 2.75422870e+07  1.04833469e+01 -1.69693049e+00 
 2.81838293e+07  1.02806049e+01 -1.70329782e+00 
 2.88403150e+07  1.00776357e+01 -1.70973085e+00 
 2.95120923e+07  9.87443337e+00 -1.71623257e+00 
 3.01995172e+07  9.67099196e+00 -1.72280603e+00 
 3.09029543e+07  9.46730494e+00 -1.72945425e+00 
 3.16227766e+07  9.26336533e+00 -1.73618032e+00 
 3.23593657e+07  9.05916573e+00 -1.74298728e+00 
 3.31131121e+07  8.85469826e+00 -1.74987824e+00 
 3.38844156e+07  8.64995458e+00 -1.75685629e+00 
 3.46736850e+07  8.44492587e+00 -1.76392455e+00 
 3.54813389e+07  8.23960282e+00 -1.77108612e+00 
 3.63078055e+07  8.03397563e+00 -1.77834416e+00 
 3.71535229e+07  7.82803399e+00 -1.78570179e+00 
 3.80189396e+07  7.62176709e+00 -1.79316218e+00 
 3.89045145e+07  7.41516357e+00 -1.80072848e+00 
 3.98107171e+07  7.20821154e+00 -1.80840386e+00 
 4.07380278e+07  7.00089858e+00 -1.81619149e+00 
 4.16869383e+07  6.79321171e+00 -1.82409454e+00 
 4.26579519e+07  6.58513737e+00 -1.83211618e+00 
 4.36515832e+07  6.37666144e+00 -1.84025959e+00 
 4.46683592e+07  6.16776923e+00 -1.84852794e+00 
 4.57088190e+07  5.95844545e+00 -1.85692438e+00 
 4.67735141e+07  5.74867420e+00 -1.86545208e+00 
 4.78630092e+07  5.53843899e+00 -1.87411418e+00 
 4.89778819e+07  5.32772273e+00 -1.88291380e+00 
 5.01187234e+07  5.11650769e+00 -1.89185405e+00 
 5.12861384e+07  4.90477555e+00 -1.90093804e+00 
 5.24807460e+07  4.69250735e+00 -1.91016881e+00 
 5.37031796e+07  4.47968350e+00 -1.91954942e+00 
 5.49540874e+07  4.26628381e+00 -1.92908286e+00 
 5.62341325e+07  4.05228747e+00 -1.93877210e+00 
 5.75439937e+07  3.83767302e+00 -1.94862006e+00 
 5.88843655e+07  3.62241842e+00 -1.95862962e+00 
 6.02559586e+07  3.40650103e+00 -1.96880361e+00 
 6.16595002e+07  3.18989761e+00 -1.97914479e+00 
 6.30957344e+07  2.97258433e+00 -1.98965587e+00 
 6.45654229e+07  2.75453680e+00 -2.00033948e+00 
 6.60693448e+07  2.53573012e+00 -2.01119819e+00 
 6.76082975e+07  2.31613884e+00 -2.02223447e+00 
 6.91830971e+07  2.09573702e+00 -2.03345071e+00 
 7.07945784e+07  1.87449825e+00 -2.04484921e+00 
 7.24435960e+07  1.65239572e+00 -2.05643218e+00 
 7.41310241e+07  1.42940219e+00 -2.06820168e+00 
 7.58577575e+07  1.20549009e+00 -2.08015971e+00 
 7.76247117e+07  9.80631560e-01 -2.09230810e+00 
 7.94328235e+07  7.54798455e-01 -2.10464858e+00 
 8.12830516e+07  5.27962465e-01 -2.11718273e+00 
 8.31763771e+07  3.00095134e-01 -2.12991200e+00 
 8.51138038e+07  7.11679340e-02 -2.14283765e+00 
 8.70963590e+07 -1.58847650e-01 -2.15596084e+00 
 8.91250938e+07 -3.89980051e-01 -2.16928252e+00 
 9.12010839e+07 -6.22257545e-01 -2.18280347e+00 
 9.33254301e+07 -8.55708151e-01 -2.19652432e+00 
 9.54992586e+07 -1.09035956e+00 -2.21044548e+00 
 9.77237221e+07 -1.32623900e+00 -2.22456718e+00 
 1.00000000e+08 -1.56337316e+00 -2.23888946e+00 
 1.02329299e+08 -1.80178810e+00 -2.25341216e+00 
 1.04712855e+08 -2.04150910e+00 -2.26813487e+00 
 1.07151931e+08 -2.28256057e+00 -2.28305703e+00 
 1.09647820e+08 -2.52496590e+00 -2.29817781e+00 
 1.12201845e+08 -2.76874739e+00 -2.31349618e+00 
 1.14815362e+08 -3.01392608e+00 -2.32901088e+00 
 1.17489755e+08 -3.26052164e+00 -2.34472044e+00 
 1.20226443e+08 -3.50855222e+00 -2.36062314e+00 
 1.23026877e+08 -3.75803435e+00 -2.37671704e+00 
 1.25892541e+08 -4.00898280e+00 -2.39299997e+00 
 1.28824955e+08 -4.26141041e+00 -2.40946953e+00 
 1.31825674e+08 -4.51532804e+00 -2.42612311e+00 
 1.34896288e+08 -4.77074435e+00 -2.44295785e+00 
 1.38038426e+08 -5.02766574e+00 -2.45997069e+00 
 1.41253754e+08 -5.28609621e+00 -2.47715833e+00 
 1.44543977e+08 -5.54603725e+00 -2.49451728e+00 
 1.47910839e+08 -5.80748770e+00 -2.51204382e+00 
 1.51356125e+08 -6.07044368e+00 -2.52973405e+00 
 1.54881662e+08 -6.33489848e+00 -2.54758386e+00 
 1.58489319e+08 -6.60084249e+00 -2.56558896e+00 
 1.62181010e+08 -6.86826308e+00 -2.58374488e+00 
 1.65958691e+08 -7.13714456e+00 -2.60204697e+00 
 1.69824365e+08 -7.40746812e+00 -2.62049042e+00 
 1.73780083e+08 -7.67921179e+00 -2.63907027e+00 
 1.77827941e+08 -7.95235038e+00 -2.65778142e+00 
 1.81970086e+08 -8.22685547e+00 -2.67661862e+00 
 1.86208714e+08 -8.50269544e+00 -2.69557652e+00 
 1.90546072e+08 -8.77983538e+00 -2.71464963e+00 
 1.94984460e+08 -9.05823723e+00 -2.73383235e+00 
 1.99526231e+08 -9.33785970e+00 -2.75311902e+00 
 2.04173794e+08 -9.61865838e+00 -2.77250385e+00 
 2.08929613e+08 -9.90058581e+00 -2.79198100e+00 
 2.13796209e+08 -1.01835915e+01 -2.81154454e+00 
 2.18776162e+08 -1.04676221e+01 -2.83118851e+00 
 2.23872114e+08 -1.07526213e+01 -2.85090685e+00 
 2.29086765e+08 -1.10385303e+01 -2.87069349e+00 
 2.34422882e+08 -1.13252877e+01 -2.89054231e+00 
 2.39883292e+08 -1.16128295e+01 -2.91044714e+00 
 2.45470892e+08 -1.19010896e+01 -2.93040180e+00 
 2.51188643e+08 -1.21899997e+01 -2.95040007e+00 
 2.57039578e+08 -1.24794895e+01 -2.97043573e+00 
 2.63026799e+08 -1.27694872e+01 -2.99050252e+00 
 2.69153480e+08 -1.30599191e+01 -3.01059418e+00 
 2.75422870e+08 -1.33507104e+01 -3.03070443e+00 
 2.81838293e+08 -1.36417848e+01 -3.05082699e+00 
 2.88403150e+08 -1.39330654e+01 -3.07095557e+00 
 2.95120923e+08 -1.42244744e+01 -3.09108386e+00 
 3.01995172e+08 -1.45159333e+01 -3.11120557e+00 
 3.09029543e+08 -1.48073635e+01 -3.13131438e+00 
 3.16227766e+08 -1.50986863e+01  3.13178132e+00 
 3.23593657e+08 -1.53898228e+01  3.11171722e+00 
 3.31131121e+08 -1.56806950e+01  3.09168496e+00 
 3.38844156e+08 -1.59712249e+01  3.07169083e+00 
 3.46736850e+08 -1.62613356e+01  3.05174116e+00 
 3.54813389e+08 -1.65509511e+01  3.03184224e+00 
 3.63078055e+08 -1.68399965e+01  3.01200039e+00 
 3.71535229e+08 -1.71283983e+01  2.99222189e+00 
 3.80189396e+08 -1.74160847e+01  2.97251302e+00 
 3.89045145e+08 -1.77029855e+01  2.95288006e+00 
 3.98107171e+08 -1.79890325e+01  2.93332924e+00 
 4.07380278e+08 -1.82741596e+01  2.91386679e+00 
 4.16869383e+08 -1.85583028e+01  2.89449890e+00 
 4.26579519e+08 -1.88414006e+01  2.87523173e+00 
 4.36515832e+08 -1.91233941e+01  2.85607138e+00 
 4.46683592e+08 -1.94042268e+01  2.83702393e+00 
 4.57088190e+08 -1.96838451e+01  2.81809536e+00 
 4.67735141e+08 -1.99621982e+01  2.79929163e+00 
 4.78630092e+08 -2.02392381e+01  2.78061859e+00 
 4.89778819e+08 -2.05149199e+01  2.76208201e+00 
 5.01187234e+08 -2.07892016e+01  2.74368757e+00 
 5.12861384e+08 -2.10620444e+01  2.72544085e+00 
 5.24807460e+08 -2.13334122e+01  2.70734729e+00 
 5.37031796e+08 -2.16032725e+01  2.68941224e+00 
 5.49540874e+08 -2.18715955e+01  2.67164089e+00 
 5.62341325e+08 -2.21383545e+01  2.65403827e+00 
 5.75439937e+08 -2.24035259e+01  2.63660929e+00 
 5.88843655e+08 -2.26670891e+01  2.61935864e+00 
 6.02559586e+08 -2.29290263e+01  2.60229089e+00 
 6.16595002e+08 -2.31893227e+01  2.58541037e+00 
 6.30957344e+08 -2.34479661e+01  2.56872125e+00 
 6.45654229e+08 -2.37049471e+01  2.55222747e+00 
 6.60693448e+08 -2.39602591e+01  2.53593277e+00 
 6.76082975e+08 -2.42138976e+01  2.51984066e+00 
 6.91830971e+08 -2.44658608e+01  2.50395442e+00 
 7.07945784e+08 -2.47161491e+01  2.48827711e+00 
 7.24435960e+08 -2.49647651e+01  2.47281153e+00 
 7.41310241e+08 -2.52117135e+01  2.45756024e+00 
 7.58577575e+08 -2.54570009e+01  2.44252556e+00 
 7.76247117e+08 -2.57006356e+01  2.42770955e+00 
 7.94328235e+08 -2.59426278e+01  2.41311401e+00 
 8.12830516e+08 -2.61829891e+01  2.39874050e+00 
 8.31763771e+08 -2.64217329e+01  2.38459030e+00 
 8.51138038e+08 -2.66588735e+01  2.37066445e+00 
 8.70963590e+08 -2.68944266e+01  2.35696371e+00 
 8.91250938e+08 -2.71284092e+01  2.34348862e+00 
 9.12010839e+08 -2.73608392e+01  2.33023942e+00 
 9.33254301e+08 -2.75917352e+01  2.31721613e+00 
 9.54992586e+08 -2.78211169e+01  2.30441852e+00 
 9.77237221e+08 -2.80490047e+01  2.29184608e+00 
 1.00000000e+09 -2.82754194e+01  2.27949810e+00 
