 frequency       (ac1.vout1)     (ac1.vout1)    
 1.00000000e+01 -2.22857350e+01  5.41267804e-05 
 1.02329299e+01 -2.22857350e+01  5.53875551e-05 
 1.04712855e+01 -2.22857350e+01  5.66776970e-05 
 1.07151931e+01 -2.22857350e+01  5.79978902e-05 
 1.09647820e+01 -2.22857350e+01  5.93488346e-05 
 1.12201845e+01 -2.22857350e+01  6.07312465e-05 
 1.14815362e+01 -2.22857350e+01  6.21458590e-05 
 1.17489755e+01 -2.22857350e+01  6.35934220e-05 
 1.20226443e+01 -2.22857350e+01  6.50747031e-05 
 1.23026877e+01 -2.22857350e+01  6.65904876e-05 
 1.25892541e+01 -2.22857350e+01  6.81415793e-05 
 1.28824955e+01 -2.22857350e+01  6.97288006e-05 
 1.31825674e+01 -2.22857350e+01  7.13529930e-05 
 1.34896288e+01 -2.22857350e+01  7.30150177e-05 
 1.38038426e+01 -2.22857350e+01  7.47157560e-05 
 1.41253754e+01 -2.22857350e+01  7.64561095e-05 
 1.44543977e+01 -2.22857350e+01  7.82370011e-05 
 1.47910839e+01 -2.22857350e+01  8.00593749e-05 
 1.51356125e+01 -2.22857350e+01  8.19241974e-05 
 1.54881662e+01 -2.22857350e+01  8.38324570e-05 
 1.58489319e+01 -2.22857350e+01  8.57851658e-05 
 1.62181010e+01 -2.22857350e+01  8.77833590e-05 
 1.65958691e+01 -2.22857350e+01  8.98280961e-05 
 1.69824365e+01 -2.22857350e+01  9.19204613e-05 
 1.73780083e+01 -2.22857350e+01  9.40615639e-05 
 1.77827941e+01 -2.22857350e+01  9.62525392e-05 
 1.81970086e+01 -2.22857350e+01  9.84945488e-05 
 1.86208714e+01 -2.22857350e+01  1.00788782e-04 
 1.90546072e+01 -2.22857350e+01  1.03136454e-04 
 1.94984460e+01 -2.22857350e+01  1.05538811e-04 
 1.99526231e+01 -2.22857350e+01  1.07997125e-04 
 2.04173794e+01 -2.22857350e+01  1.10512701e-04 
 2.08929613e+01 -2.22857350e+01  1.13086873e-04 
 2.13796209e+01 -2.22857350e+01  1.15721005e-04 
 2.18776162e+01 -2.22857350e+01  1.18416493e-04 
 2.23872114e+01 -2.22857350e+01  1.21174767e-04 
 2.29086765e+01 -2.22857350e+01  1.23997290e-04 
 2.34422882e+01 -2.22857350e+01  1.26885558e-04 
 2.39883292e+01 -2.22857350e+01  1.29841103e-04 
 2.45470892e+01 -2.22857350e+01  1.32865490e-04 
 2.51188643e+01 -2.22857350e+01  1.35960325e-04 
 2.57039578e+01 -2.22857350e+01  1.39127248e-04 
 2.63026799e+01 -2.22857350e+01  1.42367938e-04 
 2.69153480e+01 -2.22857350e+01  1.45684113e-04 
 2.75422870e+01 -2.22857350e+01  1.49077532e-04 
 2.81838293e+01 -2.22857350e+01  1.52549994e-04 
 2.88403150e+01 -2.22857350e+01  1.56103340e-04 
 2.95120923e+01 -2.22857350e+01  1.59739454e-04 
 3.01995172e+01 -2.22857350e+01  1.63460264e-04 
 3.09029543e+01 -2.22857350e+01  1.67267742e-04 
 3.16227766e+01 -2.22857350e+01  1.71163909e-04 
 3.23593657e+01 -2.22857350e+01  1.75150828e-04 
 3.31131121e+01 -2.22857350e+01  1.79230615e-04 
 3.38844156e+01 -2.22857350e+01  1.83405432e-04 
 3.46736850e+01 -2.22857350e+01  1.87677494e-04 
 3.54813389e+01 -2.22857350e+01  1.92049064e-04 
 3.63078055e+01 -2.22857350e+01  1.96522461e-04 
 3.71535229e+01 -2.22857350e+01  2.01100058e-04 
 3.80189396e+01 -2.22857350e+01  2.05784280e-04 
 3.89045145e+01 -2.22857350e+01  2.10577611e-04 
 3.98107171e+01 -2.22857350e+01  2.15482594e-04 
 4.07380278e+01 -2.22857350e+01  2.20501828e-04 
 4.16869383e+01 -2.22857350e+01  2.25637976e-04 
 4.26579519e+01 -2.22857350e+01  2.30893759e-04 
 4.36515832e+01 -2.22857350e+01  2.36271966e-04 
 4.46683592e+01 -2.22857350e+01  2.41775447e-04 
 4.57088190e+01 -2.22857350e+01  2.47407121e-04 
 4.67735141e+01 -2.22857350e+01  2.53169973e-04 
 4.78630092e+01 -2.22857350e+01  2.59067059e-04 
 4.89778819e+01 -2.22857350e+01  2.65101506e-04 
 5.01187234e+01 -2.22857350e+01  2.71276513e-04 
 5.12861384e+01 -2.22857350e+01  2.77595355e-04 
 5.24807460e+01 -2.22857350e+01  2.84061382e-04 
 5.37031796e+01 -2.22857350e+01  2.90678021e-04 
 5.49540874e+01 -2.22857350e+01  2.97448782e-04 
 5.62341325e+01 -2.22857350e+01  3.04377254e-04 
 5.75439937e+01 -2.22857350e+01  3.11467111e-04 
 5.88843655e+01 -2.22857350e+01  3.18722112e-04 
 6.02559586e+01 -2.22857350e+01  3.26146104e-04 
 6.16595002e+01 -2.22857350e+01  3.33743023e-04 
 6.30957344e+01 -2.22857350e+01  3.41516896e-04 
 6.45654229e+01 -2.22857350e+01  3.49471847e-04 
 6.60693448e+01 -2.22857350e+01  3.57612092e-04 
 6.76082975e+01 -2.22857350e+01  3.65941947e-04 
 6.91830971e+01 -2.22857350e+01  3.74465830e-04 
 7.07945784e+01 -2.22857350e+01  3.83188260e-04 
 7.24435960e+01 -2.22857350e+01  3.92113861e-04 
 7.41310241e+01 -2.22857350e+01  4.01247366e-04 
 7.58577575e+01 -2.22857350e+01  4.10593618e-04 
 7.76247117e+01 -2.22857350e+01  4.20157572e-04 
 7.94328235e+01 -2.22857350e+01  4.29944299e-04 
 8.12830516e+01 -2.22857350e+01  4.39958989e-04 
 8.31763771e+01 -2.22857350e+01  4.50206950e-04 
 8.51138038e+01 -2.22857350e+01  4.60693617e-04 
 8.70963590e+01 -2.22857350e+01  4.71424550e-04 
 8.91250938e+01 -2.22857350e+01  4.82405438e-04 
 9.12010839e+01 -2.22857350e+01  4.93642104e-04 
 9.33254301e+01 -2.22857350e+01  5.05140506e-04 
 9.54992586e+01 -2.22857350e+01  5.16906740e-04 
 9.77237221e+01 -2.22857350e+01  5.28947044e-04 
 1.00000000e+02 -2.22857350e+01  5.41267804e-04 
 1.02329299e+02 -2.22857350e+01  5.53875551e-04 
 1.04712855e+02 -2.22857350e+01  5.66776970e-04 
 1.07151931e+02 -2.22857350e+01  5.79978901e-04 
 1.09647820e+02 -2.22857350e+01  5.93488345e-04 
 1.12201845e+02 -2.22857350e+01  6.07312465e-04 
 1.14815362e+02 -2.22857350e+01  6.21458589e-04 
 1.17489755e+02 -2.22857350e+01  6.35934219e-04 
 1.20226443e+02 -2.22857350e+01  6.50747030e-04 
 1.23026877e+02 -2.22857350e+01  6.65904876e-04 
 1.25892541e+02 -2.22857350e+01  6.81415793e-04 
 1.28824955e+02 -2.22857350e+01  6.97288005e-04 
 1.31825674e+02 -2.22857350e+01  7.13529930e-04 
 1.34896288e+02 -2.22857350e+01  7.30150177e-04 
 1.38038426e+02 -2.22857350e+01  7.47157559e-04 
 1.41253754e+02 -2.22857350e+01  7.64561094e-04 
 1.44543977e+02 -2.22857350e+01  7.82370010e-04 
 1.47910839e+02 -2.22857350e+01  8.00593748e-04 
 1.51356125e+02 -2.22857350e+01  8.19241972e-04 
 1.54881662e+02 -2.22857349e+01  8.38324569e-04 
 1.58489319e+02 -2.22857349e+01  8.57851657e-04 
 1.62181010e+02 -2.22857349e+01  8.77833589e-04 
 1.65958691e+02 -2.22857349e+01  8.98280960e-04 
 1.69824365e+02 -2.22857349e+01  9.19204611e-04 
 1.73780083e+02 -2.22857349e+01  9.40615637e-04 
 1.77827941e+02 -2.22857349e+01  9.62525390e-04 
 1.81970086e+02 -2.22857349e+01  9.84945486e-04 
 1.86208714e+02 -2.22857349e+01  1.00788781e-03 
 1.90546072e+02 -2.22857349e+01  1.03136454e-03 
 1.94984460e+02 -2.22857349e+01  1.05538810e-03 
 1.99526231e+02 -2.22857349e+01  1.07997125e-03 
 2.04173794e+02 -2.22857349e+01  1.10512701e-03 
 2.08929613e+02 -2.22857349e+01  1.13086873e-03 
 2.13796209e+02 -2.22857349e+01  1.15721004e-03 
 2.18776162e+02 -2.22857349e+01  1.18416493e-03 
 2.23872114e+02 -2.22857349e+01  1.21174767e-03 
 2.29086765e+02 -2.22857349e+01  1.23997290e-03 
 2.34422882e+02 -2.22857349e+01  1.26885558e-03 
 2.39883292e+02 -2.22857349e+01  1.29841102e-03 
 2.45470892e+02 -2.22857349e+01  1.32865490e-03 
 2.51188643e+02 -2.22857349e+01  1.35960325e-03 
 2.57039578e+02 -2.22857349e+01  1.39127248e-03 
 2.63026799e+02 -2.22857349e+01  1.42367937e-03 
 2.69153480e+02 -2.22857349e+01  1.45684113e-03 
 2.75422870e+02 -2.22857349e+01  1.49077532e-03 
 2.81838293e+02 -2.22857349e+01  1.52549993e-03 
 2.88403150e+02 -2.22857349e+01  1.56103339e-03 
 2.95120923e+02 -2.22857349e+01  1.59739453e-03 
 3.01995172e+02 -2.22857349e+01  1.63460263e-03 
 3.09029543e+02 -2.22857349e+01  1.67267741e-03 
 3.16227766e+02 -2.22857349e+01  1.71163908e-03 
 3.23593657e+02 -2.22857348e+01  1.75150827e-03 
 3.31131121e+02 -2.22857348e+01  1.79230614e-03 
 3.38844156e+02 -2.22857348e+01  1.83405431e-03 
 3.46736850e+02 -2.22857348e+01  1.87677492e-03 
 3.54813389e+02 -2.22857348e+01  1.92049063e-03 
 3.63078055e+02 -2.22857348e+01  1.96522460e-03 
 3.71535229e+02 -2.22857348e+01  2.01100056e-03 
 3.80189396e+02 -2.22857348e+01  2.05784278e-03 
 3.89045145e+02 -2.22857348e+01  2.10577610e-03 
 3.98107171e+02 -2.22857348e+01  2.15482592e-03 
 4.07380278e+02 -2.22857348e+01  2.20501826e-03 
 4.16869383e+02 -2.22857348e+01  2.25637974e-03 
 4.26579519e+02 -2.22857347e+01  2.30893757e-03 
 4.36515832e+02 -2.22857347e+01  2.36271963e-03 
 4.46683592e+02 -2.22857347e+01  2.41775444e-03 
 4.57088190e+02 -2.22857347e+01  2.47407118e-03 
 4.67735141e+02 -2.22857347e+01  2.53169970e-03 
 4.78630092e+02 -2.22857347e+01  2.59067056e-03 
 4.89778819e+02 -2.22857347e+01  2.65101502e-03 
 5.01187234e+02 -2.22857347e+01  2.71276510e-03 
 5.12861384e+02 -2.22857346e+01  2.77595351e-03 
 5.24807460e+02 -2.22857346e+01  2.84061377e-03 
 5.37031796e+02 -2.22857346e+01  2.90678016e-03 
 5.49540874e+02 -2.22857346e+01  2.97448777e-03 
 5.62341325e+02 -2.22857346e+01  3.04377249e-03 
 5.75439937e+02 -2.22857346e+01  3.11467105e-03 
 5.88843655e+02 -2.22857345e+01  3.18722106e-03 
 6.02559586e+02 -2.22857345e+01  3.26146097e-03 
 6.16595002e+02 -2.22857345e+01  3.33743015e-03 
 6.30957344e+02 -2.22857345e+01  3.41516889e-03 
 6.45654229e+02 -2.22857344e+01  3.49471839e-03 
 6.60693448e+02 -2.22857344e+01  3.57612083e-03 
 6.76082975e+02 -2.22857344e+01  3.65941938e-03 
 6.91830971e+02 -2.22857344e+01  3.74465820e-03 
 7.07945784e+02 -2.22857343e+01  3.83188249e-03 
 7.24435960e+02 -2.22857343e+01  3.92113850e-03 
 7.41310241e+02 -2.22857343e+01  4.01247354e-03 
 7.58577575e+02 -2.22857342e+01  4.10593605e-03 
 7.76247117e+02 -2.22857342e+01  4.20157558e-03 
 7.94328235e+02 -2.22857342e+01  4.29944284e-03 
 8.12830516e+02 -2.22857341e+01  4.39958972e-03 
 8.31763771e+02 -2.22857341e+01  4.50206932e-03 
 8.51138038e+02 -2.22857340e+01  4.60693598e-03 
 8.70963590e+02 -2.22857340e+01  4.71424529e-03 
 8.91250938e+02 -2.22857340e+01  4.82405416e-03 
 9.12010839e+02 -2.22857339e+01  4.93642081e-03 
 9.33254301e+02 -2.22857339e+01  5.05140481e-03 
 9.54992586e+02 -2.22857338e+01  5.16906713e-03 
 9.77237221e+02 -2.22857337e+01  5.28947016e-03 
 1.00000000e+03 -2.22857337e+01  5.41267773e-03 
 1.02329299e+03 -2.22857336e+01  5.53875518e-03 
 1.04712855e+03 -2.22857336e+01  5.66776934e-03 
 1.07151931e+03 -2.22857335e+01  5.79978863e-03 
 1.09647820e+03 -2.22857334e+01  5.93488305e-03 
 1.12201845e+03 -2.22857334e+01  6.07312421e-03 
 1.14815362e+03 -2.22857333e+01  6.21458543e-03 
 1.17489755e+03 -2.22857332e+01  6.35934170e-03 
 1.20226443e+03 -2.22857331e+01  6.50746977e-03 
 1.23026877e+03 -2.22857330e+01  6.65904819e-03 
 1.25892541e+03 -2.22857329e+01  6.81415732e-03 
 1.28824955e+03 -2.22857328e+01  6.97287940e-03 
 1.31825674e+03 -2.22857327e+01  7.13529859e-03 
 1.34896288e+03 -2.22857326e+01  7.30150101e-03 
 1.38038426e+03 -2.22857325e+01  7.47157478e-03 
 1.41253754e+03 -2.22857324e+01  7.64561008e-03 
 1.44543977e+03 -2.22857323e+01  7.82369917e-03 
 1.47910839e+03 -2.22857321e+01  8.00593649e-03 
 1.51356125e+03 -2.22857320e+01  8.19241866e-03 
 1.54881662e+03 -2.22857319e+01  8.38324455e-03 
 1.58489319e+03 -2.22857317e+01  8.57851535e-03 
 1.62181010e+03 -2.22857316e+01  8.77833458e-03 
 1.65958691e+03 -2.22857314e+01  8.98280820e-03 
 1.69824365e+03 -2.22857312e+01  9.19204461e-03 
 1.73780083e+03 -2.22857311e+01  9.40615476e-03 
 1.77827941e+03 -2.22857309e+01  9.62525217e-03 
 1.81970086e+03 -2.22857307e+01  9.84945301e-03 
 1.86208714e+03 -2.22857305e+01  1.00788762e-02 
 1.90546072e+03 -2.22857303e+01  1.03136432e-02 
 1.94984460e+03 -2.22857301e+01  1.05538788e-02 
 1.99526231e+03 -2.22857298e+01  1.07997101e-02 
 2.04173794e+03 -2.22857296e+01  1.10512675e-02 
 2.08929613e+03 -2.22857293e+01  1.13086845e-02 
 2.13796209e+03 -2.22857291e+01  1.15720974e-02 
 2.18776162e+03 -2.22857288e+01  1.18416461e-02 
 2.23872114e+03 -2.22857285e+01  1.21174733e-02 
 2.29086765e+03 -2.22857282e+01  1.23997253e-02 
 2.34422882e+03 -2.22857279e+01  1.26885518e-02 
 2.39883292e+03 -2.22857275e+01  1.29841060e-02 
 2.45470892e+03 -2.22857272e+01  1.32865445e-02 
 2.51188643e+03 -2.22857268e+01  1.35960276e-02 
 2.57039578e+03 -2.22857264e+01  1.39127196e-02 
 2.63026799e+03 -2.22857260e+01  1.42367882e-02 
 2.69153480e+03 -2.22857256e+01  1.45684053e-02 
 2.75422870e+03 -2.22857252e+01  1.49077468e-02 
 2.81838293e+03 -2.22857247e+01  1.52549925e-02 
 2.88403150e+03 -2.22857242e+01  1.56103266e-02 
 2.95120923e+03 -2.22857237e+01  1.59739374e-02 
 3.01995172e+03 -2.22857232e+01  1.63460178e-02 
 3.09029543e+03 -2.22857226e+01  1.67267651e-02 
 3.16227766e+03 -2.22857220e+01  1.71163811e-02 
 3.23593657e+03 -2.22857214e+01  1.75150723e-02 
 3.31131121e+03 -2.22857208e+01  1.79230503e-02 
 3.38844156e+03 -2.22857201e+01  1.83405312e-02 
 3.46736850e+03 -2.22857194e+01  1.87677365e-02 
 3.54813389e+03 -2.22857187e+01  1.92048926e-02 
 3.63078055e+03 -2.22857179e+01  1.96522313e-02 
 3.71535229e+03 -2.22857171e+01  2.01099899e-02 
 3.80189396e+03 -2.22857163e+01  2.05784110e-02 
 3.89045145e+03 -2.22857154e+01  2.10577429e-02 
 3.98107171e+03 -2.22857145e+01  2.15482399e-02 
 4.07380278e+03 -2.22857135e+01  2.20501619e-02 
 4.16869383e+03 -2.22857125e+01  2.25637751e-02 
 4.26579519e+03 -2.22857114e+01  2.30893519e-02 
 4.36515832e+03 -2.22857103e+01  2.36271708e-02 
 4.46683592e+03 -2.22857091e+01  2.41775171e-02 
 4.57088190e+03 -2.22857079e+01  2.47406825e-02 
 4.67735141e+03 -2.22857067e+01  2.53169656e-02 
 4.78630092e+03 -2.22857053e+01  2.59066720e-02 
 4.89778819e+03 -2.22857039e+01  2.65101142e-02 
 5.01187234e+03 -2.22857025e+01  2.71276124e-02 
 5.12861384e+03 -2.22857009e+01  2.77594937e-02 
 5.24807460e+03 -2.22856993e+01  2.84060934e-02 
 5.37031796e+03 -2.22856976e+01  2.90677542e-02 
 5.49540874e+03 -2.22856959e+01  2.97448268e-02 
 5.62341325e+03 -2.22856940e+01  3.04376704e-02 
 5.75439937e+03 -2.22856921e+01  3.11466521e-02 
 5.88843655e+03 -2.22856901e+01  3.18721480e-02 
 6.02559586e+03 -2.22856880e+01  3.26145427e-02 
 6.16595002e+03 -2.22856858e+01  3.33742297e-02 
 6.30957344e+03 -2.22856834e+01  3.41516119e-02 
 6.45654229e+03 -2.22856810e+01  3.49471013e-02 
 6.60693448e+03 -2.22856785e+01  3.57611199e-02 
 6.76082975e+03 -2.22856758e+01  3.65940991e-02 
 6.91830971e+03 -2.22856730e+01  3.74464805e-02 
 7.07945784e+03 -2.22856701e+01  3.83187161e-02 
 7.24435960e+03 -2.22856670e+01  3.92112684e-02 
 7.41310241e+03 -2.22856638e+01  4.01246105e-02 
 7.58577575e+03 -2.22856605e+01  4.10592267e-02 
 7.76247117e+03 -2.22856570e+01  4.20156124e-02 
 7.94328235e+03 -2.22856533e+01  4.29942747e-02 
 8.12830516e+03 -2.22856494e+01  4.39957326e-02 
 8.31763771e+03 -2.22856454e+01  4.50205168e-02 
 8.51138038e+03 -2.22856412e+01  4.60691708e-02 
 8.70963590e+03 -2.22856368e+01  4.71422504e-02 
 8.91250938e+03 -2.22856321e+01  4.82403246e-02 
 9.12010839e+03 -2.22856273e+01  4.93639755e-02 
 9.33254301e+03 -2.22856222e+01  5.05137989e-02 
 9.54992586e+03 -2.22856169e+01  5.16904043e-02 
 9.77237221e+03 -2.22856113e+01  5.28944155e-02 
 1.00000000e+04 -2.22856055e+01  5.41264708e-02 
 1.02329299e+04 -2.22855994e+01  5.53872233e-02 
 1.04712855e+04 -2.22855930e+01  5.66773415e-02 
 1.07151931e+04 -2.22855863e+01  5.79975092e-02 
 1.09647820e+04 -2.22855793e+01  5.93484263e-02 
 1.12201845e+04 -2.22855720e+01  6.07308091e-02 
 1.14815362e+04 -2.22855643e+01  6.21453903e-02 
 1.17489755e+04 -2.22855563e+01  6.35929198e-02 
 1.20226443e+04 -2.22855478e+01  6.50741649e-02 
 1.23026877e+04 -2.22855390e+01  6.65899110e-02 
 1.25892541e+04 -2.22855298e+01  6.81409615e-02 
 1.28824955e+04 -2.22855201e+01  6.97281385e-02 
 1.31825674e+04 -2.22855100e+01  7.13522836e-02 
 1.34896288e+04 -2.22854994e+01  7.30142576e-02 
 1.38038426e+04 -2.22854883e+01  7.47149414e-02 
 1.41253754e+04 -2.22854766e+01  7.64552367e-02 
 1.44543977e+04 -2.22854645e+01  7.82360659e-02 
 1.47910839e+04 -2.22854517e+01  8.00583728e-02 
 1.51356125e+04 -2.22854384e+01  8.19231236e-02 
 1.54881662e+04 -2.22854244e+01  8.38313065e-02 
 1.58489319e+04 -2.22854097e+01  8.57839330e-02 
 1.62181010e+04 -2.22853944e+01  8.77820380e-02 
 1.65958691e+04 -2.22853784e+01  8.98266807e-02 
 1.69824365e+04 -2.22853616e+01  9.19189446e-02 
 1.73780083e+04 -2.22853440e+01  9.40599387e-02 
 1.77827941e+04 -2.22853255e+01  9.62507977e-02 
 1.81970086e+04 -2.22853062e+01  9.84926829e-02 
 1.86208714e+04 -2.22852860e+01  1.00786782e-01 
 1.90546072e+04 -2.22852649e+01  1.03134311e-01 
 1.94984460e+04 -2.22852427e+01  1.05536515e-01 
 1.99526231e+04 -2.22852195e+01  1.07994665e-01 
 2.04173794e+04 -2.22851952e+01  1.10510066e-01 
 2.08929613e+04 -2.22851698e+01  1.13084049e-01 
 2.13796209e+04 -2.22851432e+01  1.15717978e-01 
 2.18776162e+04 -2.22851153e+01  1.18413250e-01 
 2.23872114e+04 -2.22850861e+01  1.21171293e-01 
 2.29086765e+04 -2.22850555e+01  1.23993567e-01 
 2.34422882e+04 -2.22850235e+01  1.26881569e-01 
 2.39883292e+04 -2.22849899e+01  1.29836828e-01 
 2.45470892e+04 -2.22849548e+01  1.32860910e-01 
 2.51188643e+04 -2.22849181e+01  1.35955417e-01 
 2.57039578e+04 -2.22848795e+01  1.39121989e-01 
 2.63026799e+04 -2.22848392e+01  1.42362303e-01 
 2.69153480e+04 -2.22847970e+01  1.45678075e-01 
 2.75422870e+04 -2.22847528e+01  1.49071062e-01 
 2.81838293e+04 -2.22847065e+01  1.52543062e-01 
 2.88403150e+04 -2.22846581e+01  1.56095912e-01 
 2.95120923e+04 -2.22846073e+01  1.59731494e-01 
 3.01995172e+04 -2.22845542e+01  1.63451735e-01 
 3.09029543e+04 -2.22844985e+01  1.67258604e-01 
 3.16227766e+04 -2.22844403e+01  1.71154116e-01 
 3.23593657e+04 -2.22843793e+01  1.75140336e-01 
 3.31131121e+04 -2.22843154e+01  1.79219372e-01 
 3.38844156e+04 -2.22842485e+01  1.83393385e-01 
 3.46736850e+04 -2.22841784e+01  1.87664585e-01 
 3.54813389e+04 -2.22841051e+01  1.92035232e-01 
 3.63078055e+04 -2.22840283e+01  1.96507641e-01 
 3.71535229e+04 -2.22839478e+01  2.01084177e-01 
 3.80189396e+04 -2.22838636e+01  2.05767263e-01 
 3.89045145e+04 -2.22837754e+01  2.10559378e-01 
 3.98107171e+04 -2.22836831e+01  2.15463057e-01 
 4.07380278e+04 -2.22835864e+01  2.20480894e-01 
 4.16869383e+04 -2.22834851e+01  2.25615544e-01 
 4.26579519e+04 -2.22833791e+01  2.30869723e-01 
 4.36515832e+04 -2.22832681e+01  2.36246211e-01 
 4.46683592e+04 -2.22831518e+01  2.41747850e-01 
 4.57088190e+04 -2.22830301e+01  2.47377551e-01 
 4.67735141e+04 -2.22829027e+01  2.53138288e-01 
 4.78630092e+04 -2.22827692e+01  2.59033108e-01 
 4.89778819e+04 -2.22826294e+01  2.65065127e-01 
 5.01187234e+04 -2.22824831e+01  2.71237533e-01 
 5.12861384e+04 -2.22823299e+01  2.77553587e-01 
 5.24807460e+04 -2.22821694e+01  2.84016627e-01 
 5.37031796e+04 -2.22820014e+01  2.90630066e-01 
 5.49540874e+04 -2.22818255e+01  2.97397397e-01 
 5.62341325e+04 -2.22816413e+01  3.04322195e-01 
 5.75439937e+04 -2.22814484e+01  3.11408115e-01 
 5.88843655e+04 -2.22812464e+01  3.18658897e-01 
 6.02559586e+04 -2.22810349e+01  3.26078368e-01 
 6.16595002e+04 -2.22808134e+01  3.33670443e-01 
 6.30957344e+04 -2.22805815e+01  3.41439127e-01 
 6.45654229e+04 -2.22803387e+01  3.49388516e-01 
 6.60693448e+04 -2.22800845e+01  3.57522803e-01 
 6.76082975e+04 -2.22798182e+01  3.65846274e-01 
 6.91830971e+04 -2.22795395e+01  3.74363315e-01 
 7.07945784e+04 -2.22792475e+01  3.83078414e-01 
 7.24435960e+04 -2.22789419e+01  3.91996161e-01 
 7.41310241e+04 -2.22786218e+01  4.01121250e-01 
 7.58577575e+04 -2.22782867e+01  4.10458485e-01 
 7.76247117e+04 -2.22779358e+01  4.20012776e-01 
 7.94328235e+04 -2.22775684e+01  4.29789150e-01 
 8.12830516e+04 -2.22771837e+01  4.39792746e-01 
 8.31763771e+04 -2.22767808e+01  4.50028821e-01 
 8.51138038e+04 -2.22763590e+01  4.60502752e-01 
 8.70963590e+04 -2.22759173e+01  4.71220038e-01 
 8.91250938e+04 -2.22754548e+01  4.82186304e-01 
 9.12010839e+04 -2.22749706e+01  4.93407303e-01 
 9.33254301e+04 -2.22744635e+01  5.04888918e-01 
 9.54992586e+04 -2.22739326e+01  5.16637164e-01 
 9.77237221e+04 -2.22733766e+01  5.28658196e-01 
 1.00000000e+05 -2.22727945e+01  5.40958306e-01 
 1.02329299e+05 -2.22721851e+01  5.53543926e-01 
 1.04712855e+05 -2.22715469e+01  5.66421637e-01 
 1.07151931e+05 -2.22708786e+01  5.79598167e-01 
 1.09647820e+05 -2.22701790e+01  5.93080394e-01 
 1.12201845e+05 -2.22694463e+01  6.06875351e-01 
 1.14815362e+05 -2.22686793e+01  6.20990230e-01 
 1.17489755e+05 -2.22678761e+01  6.35432380e-01 
 1.20226443e+05 -2.22670351e+01  6.50209321e-01 
 1.23026877e+05 -2.22661546e+01  6.65328732e-01 
 1.25892541e+05 -2.22652326e+01  6.80798469e-01 
 1.28824955e+05 -2.22642673e+01  6.96626559e-01 
 1.31825674e+05 -2.22632566e+01  7.12821208e-01 
 1.34896288e+05 -2.22621983e+01  7.29390804e-01 
 1.38038426e+05 -2.22610902e+01  7.46343916e-01 
 1.41253754e+05 -2.22599301e+01  7.63689305e-01 
 1.44543977e+05 -2.22587154e+01  7.81435921e-01 
 1.47910839e+05 -2.22574436e+01  7.99592910e-01 
 1.51356125e+05 -2.22561120e+01  8.18169618e-01 
 1.54881662e+05 -2.22547178e+01  8.37175592e-01 
 1.58489319e+05 -2.22532581e+01  8.56620585e-01 
 1.62181010e+05 -2.22517299e+01  8.76514561e-01 
 1.65958691e+05 -2.22501298e+01  8.96867696e-01 
 1.69824365e+05 -2.22484545e+01  9.17690385e-01 
 1.73780083e+05 -2.22467006e+01  9.38993240e-01 
 1.77827941e+05 -2.22448642e+01  9.60787100e-01 
 1.81970086e+05 -2.22429417e+01  9.83083035e-01 
 1.86208714e+05 -2.22409289e+01  1.00589234e+00 
 1.90546072e+05 -2.22388217e+01  1.02922655e+00 
 1.94984460e+05 -2.22366155e+01  1.05309743e+00 
 1.99526231e+05 -2.22343058e+01  1.07751700e+00 
 2.04173794e+05 -2.22318878e+01  1.10249752e+00 
 2.08929613e+05 -2.22293564e+01  1.12805149e+00 
 2.13796209e+05 -2.22267063e+01  1.15419167e+00 
 2.18776162e+05 -2.22239319e+01  1.18093108e+00 
 2.23872114e+05 -2.22210276e+01  1.20828299e+00 
 2.29086765e+05 -2.22179871e+01  1.23626093e+00 
 2.34422882e+05 -2.22148043e+01  1.26487869e+00 
 2.39883292e+05 -2.22114724e+01  1.29415034e+00 
 2.45470892e+05 -2.22079845e+01  1.32409020e+00 
 2.51188643e+05 -2.22043335e+01  1.35471287e+00 
 2.57039578e+05 -2.22005115e+01  1.38603323e+00 
 2.63026799e+05 -2.21965109e+01  1.41806642e+00 
 2.69153480e+05 -2.21923233e+01  1.45082785e+00 
 2.75422870e+05 -2.21879399e+01  1.48433323e+00 
 2.81838293e+05 -2.21833518e+01  1.51859852e+00 
 2.88403150e+05 -2.21785495e+01  1.55363997e+00 
 2.95120923e+05 -2.21735231e+01  1.58947411e+00 
 3.01995172e+05 -2.21682621e+01  1.62611772e+00 
 3.09029543e+05 -2.21627559e+01  1.66358790e+00 
 3.16227766e+05 -2.21569930e+01  1.70190198e+00 
 3.23593657e+05 -2.21509617e+01  1.74107758e+00 
 3.31131121e+05 -2.21446497e+01  1.78113259e+00 
 3.38844156e+05 -2.21380439e+01  1.82208515e+00 
 3.46736850e+05 -2.21311310e+01  1.86395368e+00 
 3.54813389e+05 -2.21238968e+01  1.90675684e+00 
 3.63078055e+05 -2.21163267e+01  1.95051353e+00 
 3.71535229e+05 -2.21084053e+01  1.99524293e+00 
 3.80189396e+05 -2.21001165e+01  2.04096440e+00 
 3.89045145e+05 -2.20914437e+01  2.08769758e+00 
 3.98107171e+05 -2.20823693e+01  2.13546227e+00 
 4.07380278e+05 -2.20728751e+01  2.18427852e+00 
 4.16869383e+05 -2.20629421e+01  2.23416655e+00 
 4.26579519e+05 -2.20525503e+01  2.28514675e+00 
 4.36515832e+05 -2.20416792e+01  2.33723968e+00 
 4.46683592e+05 -2.20303070e+01  2.39046604e+00 
 4.57088190e+05 -2.20184112e+01  2.44484668e+00 
 4.67735141e+05 -2.20059683e+01  2.50040250e+00 
 4.78630092e+05 -2.19929539e+01  2.55715453e+00 
 4.89778819e+05 -2.19793423e+01  2.61512383e+00 
 5.01187234e+05 -2.19651070e+01  2.67433151e+00 
 5.12861384e+05 -2.19502203e+01  2.73479865e+00 
 5.24807460e+05 -2.19346532e+01  2.79654633e+00 
 5.37031796e+05 -2.19183758e+01  2.85959554e+00 
 5.49540874e+05 -2.19013567e+01  2.92396718e+00 
 5.62341325e+05 -2.18835633e+01  2.98968199e+00 
 5.75439937e+05 -2.18649619e+01  3.05676054e+00 
 5.88843655e+05 -2.18455171e+01  3.12522313e+00 
 6.02559586e+05 -2.18251925e+01  3.19508984e+00 
 6.16595002e+05 -2.18039497e+01  3.26638033e+00 
 6.30957344e+05 -2.17817495e+01  3.33911392e+00 
 6.45654229e+05 -2.17585506e+01  3.41330945e+00 
 6.60693448e+05 -2.17343104e+01  3.48898522e+00 
 6.76082975e+05 -2.17089847e+01  3.56615897e+00 
 6.91830971e+05 -2.16825277e+01  3.64484774e+00 
 7.07945784e+05 -2.16548917e+01  3.72506780e+00 
 7.24435960e+05 -2.16260275e+01  3.80683463e+00 
 7.41310241e+05 -2.15958841e+01  3.89016275e+00 
 7.58577575e+05 -2.15644085e+01  3.97506565e+00 
 7.76247117e+05 -2.15315461e+01  4.06155572e+00 
 7.94328235e+05 -2.14972405e+01  4.14964408e+00 
 8.12830516e+05 -2.14614332e+01  4.23934055e+00 
 8.31763771e+05 -2.14240639e+01  4.33065344e+00 
 8.51138038e+05 -2.13850705e+01  4.42358949e+00 
 8.70963590e+05 -2.13443888e+01  4.51815373e+00 
 8.91250938e+05 -2.13019527e+01  4.61434929e+00 
 9.12010839e+05 -2.12576942e+01  4.71217731e+00 
 9.33254301e+05 -2.12115435e+01  4.81163680e+00 
 9.54992586e+05 -2.11634285e+01  4.91272441e+00 
 9.77237221e+05 -2.11132756e+01  5.01543435e+00 
 1.00000000e+06 -2.10610091e+01  5.11975815e+00 
 1.02329299e+06 -2.10065515e+01  5.22568452e+00 
 1.04712855e+06 -2.09498236e+01  5.33319919e+00 
 1.07151931e+06 -2.08907442e+01  5.44228466e+00 
 1.09647820e+06 -2.08292308e+01  5.55292007e+00 
 1.12201845e+06 -2.07651991e+01  5.66508094e+00 
 1.14815362e+06 -2.06985633e+01  5.77873905e+00 
 1.17489755e+06 -2.06292364e+01  5.89386214e+00 
 1.20226443e+06 -2.05571301e+01  6.01041380e+00 
 1.23026877e+06 -2.04821548e+01  6.12835318e+00 
 1.25892541e+06 -2.04042203e+01  6.24763481e+00 
 1.28824955e+06 -2.03232354e+01  6.36820843e+00 
 1.31825674e+06 -2.02391085e+01  6.49001868e+00 
 1.34896288e+06 -2.01517476e+01  6.61300504e+00 
 1.38038426e+06 -2.00610606e+01  6.73710147e+00 
 1.41253754e+06 -1.99669556e+01  6.86223637e+00 
 1.44543977e+06 -1.98693412e+01  6.98833224e+00 
 1.47910839e+06 -1.97681267e+01  7.11530566e+00 
 1.51356125e+06 -1.96632226e+01  7.24306699e+00 
 1.54881662e+06 -1.95545408e+01  7.37152032e+00 
 1.58489319e+06 -1.94419950e+01  7.50056326e+00 
 1.62181010e+06 -1.93255012e+01  7.63008689e+00 
 1.65958691e+06 -1.92049782e+01  7.75997563e+00 
 1.69824365e+06 -1.90803476e+01  7.89010719e+00 
 1.73780083e+06 -1.89515348e+01  8.02035252e+00 
 1.77827941e+06 -1.88184693e+01  8.15057582e+00 
 1.81970086e+06 -1.86810850e+01  8.28063454e+00 
 1.86208714e+06 -1.85393211e+01  8.41037946e+00 
 1.90546072e+06 -1.83931224e+01  8.53965479e+00 
 1.94984460e+06 -1.82424396e+01  8.66829828e+00 
 1.99526231e+06 -1.80872307e+01  8.79614148e+00 
 2.04173794e+06 -1.79274604e+01  8.92300986e+00 
 2.08929613e+06 -1.77631017e+01  9.04872323e+00 
 2.13796209e+06 -1.75941359e+01  9.17309592e+00 
 2.18776162e+06 -1.74205531e+01  9.29593731e+00 
 2.23872114e+06 -1.72423531e+01  9.41705218e+00 
 2.29086765e+06 -1.70595457e+01  9.53624122e+00 
 2.34422882e+06 -1.68721513e+01  9.65330159e+00 
 2.39883292e+06 -1.66802011e+01  9.76802752e+00 
 2.45470892e+06 -1.64837379e+01  9.88021096e+00 
 2.51188643e+06 -1.62828163e+01  9.98964229e+00 
 2.57039578e+06 -1.60775031e+01  1.00961111e+01 
 2.63026799e+06 -1.58678773e+01  1.01994069e+01 
 2.69153480e+06 -1.56540309e+01  1.02993200e+01 
 2.75422870e+06 -1.54360687e+01  1.03956426e+01 
 2.81838293e+06 -1.52141084e+01  1.04881694e+01 
 2.88403150e+06 -1.49882807e+01  1.05766987e+01 
 2.95120923e+06 -1.47587291e+01  1.06610332e+01 
 3.01995172e+06 -1.45256102e+01  1.07409813e+01 
 3.09029543e+06 -1.42890929e+01  1.08163578e+01 
 3.16227766e+06 -1.40493585e+01  1.08869849e+01 
 3.23593657e+06 -1.38066002e+01  1.09526932e+01 
 3.31131121e+06 -1.35610224e+01  1.10133228e+01 
 3.38844156e+06 -1.33128405e+01  1.10687239e+01 
 3.46736850e+06 -1.30622800e+01  1.11187578e+01 
 3.54813389e+06 -1.28095759e+01  1.11632980e+01 
 3.63078055e+06 -1.25549717e+01  1.12022305e+01 
 3.71535229e+06 -1.22987187e+01  1.12354546e+01 
 3.80189396e+06 -1.20410750e+01  1.12628840e+01 
 3.89045145e+06 -1.17823045e+01  1.12844467e+01 
 3.98107171e+06 -1.15226756e+01  1.13000857e+01 
 4.07380278e+06 -1.12624606e+01  1.13097596e+01 
 4.16869383e+06 -1.10019340e+01  1.13134424e+01 
 4.26579519e+06 -1.07413719e+01  1.13111241e+01 
 4.36515832e+06 -1.04810504e+01  1.13028106e+01 
 4.46683592e+06 -1.02212444e+01  1.12885236e+01 
 4.57088190e+06 -9.96222707e+00  1.12683005e+01 
 4.67735141e+06 -9.70426783e+00  1.12421940e+01 
 4.78630092e+06 -9.44763189e+00  1.12102724e+01 
 4.89778819e+06 -9.19257892e+00  1.11726182e+01 
 5.01187234e+06 -8.93936206e+00  1.11293283e+01 
 5.12861384e+06 -8.68822695e+00  1.10805132e+01 
 5.24807460e+06 -8.43941084e+00  1.10262962e+01 
 5.37031796e+06 -8.19314176e+00  1.09668129e+01 
 5.49540874e+06 -7.94963776e+00  1.09022100e+01 
 5.62341325e+06 -7.70910622e+00  1.08326450e+01 
 5.75439937e+06 -7.47174328e+00  1.07582848e+01 
 5.88843655e+06 -7.23773330e+00  1.06793049e+01 
 6.02559586e+06 -7.00724851e+00  1.05958886e+01 
 6.16595002e+06 -6.78044859e+00  1.05082260e+01 
 6.30957344e+06 -6.55748051e+00  1.04165127e+01 
 6.45654229e+06 -6.33847832e+00  1.03209494e+01 
 6.60693448e+06 -6.12356309e+00  1.02217404e+01 
 6.76082975e+06 -5.91284292e+00  1.01190928e+01 
 6.91830971e+06 -5.70641303e+00  1.00132159e+01 
 7.07945784e+06 -5.50435589e+00  9.90431985e+00 
 7.24435960e+06 -5.30674143e+00  9.79261508e+00 
 7.41310241e+06 -5.11362735e+00  9.67831138e+00 
 7.58577575e+06 -4.92505943e+00  9.56161715e+00 
 7.76247117e+06 -4.74107192e+00  9.44273872e+00 
 7.94328235e+06 -4.56168794e+00  9.32187962e+00 
 8.12830516e+06 -4.38691998e+00  9.19924000e+00 
 8.31763771e+06 -4.21677034e+00  9.07501608e+00 
 8.51138038e+06 -4.05123169e+00  8.94939959e+00 
 8.70963590e+06 -3.89028757e+00  8.82257739e+00 
 8.91250938e+06 -3.73391298e+00  8.69473101e+00 
 9.12010839e+06 -3.58207489e+00  8.56603633e+00 
 9.33254301e+06 -3.43473282e+00  8.43666327e+00 
 9.54992586e+06 -3.29183942e+00  8.30677558e+00 
 9.77237221e+06 -3.15334100e+00  8.17653059e+00 
 1.00000000e+07 -3.01917810e+00  8.04607911e+00 
 1.02329299e+07 -2.88928602e+00  7.91556528e+00 
 1.04712855e+07 -2.76359534e+00  7.78512651e+00 
 1.07151931e+07 -2.64203247e+00  7.65489345e+00 
 1.09647820e+07 -2.52452008e+00  7.52499001e+00 
 1.12201845e+07 -2.41097763e+00  7.39553333e+00 
 1.14815362e+07 -2.30132178e+00  7.26663392e+00 
 1.17489755e+07 -2.19546686e+00  7.13839568e+00 
 1.20226443e+07 -2.09332526e+00  7.01091603e+00 
 1.23026877e+07 -1.99480778e+00  6.88428608e+00 
 1.25892541e+07 -1.89982407e+00  6.75859068e+00 
 1.28824955e+07 -1.80828291e+00  6.63390867e+00 
 1.31825674e+07 -1.72009253e+00  6.51031302e+00 
 1.34896288e+07 -1.63516092e+00  6.38787100e+00 
 1.38038426e+07 -1.55339609e+00  6.26664440e+00 
 1.41253754e+07 -1.47470632e+00  6.14668969e+00 
 1.44543977e+07 -1.39900040e+00  6.02805828e+00 
 1.47910839e+07 -1.32618779e+00  5.91079668e+00 
 1.51356125e+07 -1.25617888e+00  5.79494672e+00 
 1.54881662e+07 -1.18888508e+00  5.68054577e+00 
 1.58489319e+07 -1.12421903e+00  5.56762694e+00 
 1.62181010e+07 -1.06209468e+00  5.45621931e+00 
 1.65958691e+07 -1.00242748e+00  5.34634811e+00 
 1.69824365e+07 -9.45134397e-01  5.23803490e+00 
 1.73780083e+07 -8.90134054e-01  5.13129786e+00 
 1.77827941e+07 -8.37346795e-01  5.02615185e+00 
 1.81970086e+07 -7.86694743e-01  4.92260874e+00 
 1.86208714e+07 -7.38101851e-01  4.82067747e+00 
 1.90546072e+07 -6.91493945e-01  4.72036431e+00 
 1.94984460e+07 -6.46798750e-01  4.62167300e+00 
 1.99526231e+07 -6.03945920e-01  4.52460491e+00 
 2.04173794e+07 -5.62867039e-01  4.42915922e+00 
 2.08929613e+07 -5.23495640e-01  4.33533307e+00 
 2.13796209e+07 -4.85767200e-01  4.24312166e+00 
 2.18776162e+07 -4.49619129e-01  4.15251846e+00 
 2.23872114e+07 -4.14990767e-01  4.06351531e+00 
 2.29086765e+07 -3.81823360e-01  3.97610253e+00 
 2.34422882e+07 -3.50060046e-01  3.89026907e+00 
 2.39883292e+07 -3.19645824e-01  3.80600262e+00 
 2.45470892e+07 -2.90527531e-01  3.72328969e+00 
 2.51188643e+07 -2.62653811e-01  3.64211577e+00 
 2.57039578e+07 -2.35975078e-01  3.56246537e+00 
 2.63026799e+07 -2.10443488e-01  3.48432213e+00 
 2.69153480e+07 -1.86012893e-01  3.40766892e+00 
 2.75422870e+07 -1.62638813e-01  3.33248792e+00 
 2.81838293e+07 -1.40278389e-01  3.25876069e+00 
 2.88403150e+07 -1.18890344e-01  3.18646823e+00 
 2.95120923e+07 -9.84349454e-02  3.11559106e+00 
 3.01995172e+07 -7.88739600e-02  3.04610930e+00 
 3.09029543e+07 -6.01706138e-02  2.97800269e+00 
 3.16227766e+07 -4.22895510e-02  2.91125068e+00 
 3.23593657e+07 -2.51967901e-02  2.84583246e+00 
 3.31131121e+07 -8.85968517e-03  2.78172704e+00 
 3.38844156e+07  6.75311732e-03  2.71891323e+00 
 3.46736850e+07  2.16717188e-02  2.65736976e+00 
 3.54813389e+07  3.59250079e-02  2.59707526e+00 
 3.63078055e+07  4.95407015e-02  2.53800832e+00 
 3.71535229e+07  6.25453818e-02  2.48014753e+00 
 3.80189396e+07  7.49645366e-02  2.42347148e+00 
 3.89045145e+07  8.68225955e-02  2.36795882e+00 
 3.98107171e+07  9.81429654e-02  2.31358828e+00 
 4.07380278e+07  1.08948068e-01  2.26033866e+00 
 4.16869383e+07  1.19259375e-01  2.20818892e+00 
 4.26579519e+07  1.29097439e-01  2.15711811e+00 
 4.36515832e+07  1.38481931e-01  2.10710548e+00 
 4.46683592e+07  1.47431667e-01  2.05813042e+00 
 4.57088190e+07  1.55964645e-01  2.01017254e+00 
 4.67735141e+07  1.64098068e-01  1.96321161e+00 
 4.78630092e+07  1.71848383e-01  1.91722766e+00 
 4.89778819e+07  1.79231297e-01  1.87220091e+00 
 5.01187234e+07  1.86261817e-01  1.82811182e+00 
 5.12861384e+07  1.92954267e-01  1.78494112e+00 
 5.24807460e+07  1.99322318e-01  1.74266976e+00 
 5.37031796e+07  2.05379011e-01  1.70127897e+00 
 5.49540874e+07  2.11136781e-01  1.66075023e+00 
 5.62341325e+07  2.16607483e-01  1.62106529e+00 
 5.75439937e+07  2.21802408e-01  1.58220620e+00 
 5.88843655e+07  2.26732309e-01  1.54415526e+00 
 6.02559586e+07  2.31407422e-01  1.50689507e+00 
 6.16595002e+07  2.35837481e-01  1.47040850e+00 
 6.30957344e+07  2.40031742e-01  1.43467873e+00 
 6.45654229e+07  2.43999000e-01  1.39968923e+00 
 6.60693448e+07  2.47747603e-01  1.36542373e+00 
 6.76082975e+07  2.51285476e-01  1.33186630e+00 
 6.91830971e+07  2.54620130e-01  1.29900128e+00 
 7.07945784e+07  2.57758683e-01  1.26681330e+00 
 7.24435960e+07  2.60707873e-01  1.23528730e+00 
 7.41310241e+07  2.63474073e-01  1.20440851e+00 
 7.58577575e+07  2.66063303e-01  1.17416248e+00 
 7.76247117e+07  2.68481249e-01  1.14453502e+00 
 7.94328235e+07  2.70733270e-01  1.11551227e+00 
 8.12830516e+07  2.72824416e-01  1.08708065e+00 
 8.31763771e+07  2.74759436e-01  1.05922688e+00 
 8.51138038e+07  2.76542792e-01  1.03193799e+00 
 8.70963590e+07  2.78178673e-01  1.00520128e+00 
 8.91250938e+07  2.79670999e-01  9.79004388e-01 
 9.12010839e+07  2.81023442e-01  9.53335209e-01 
 9.33254301e+07  2.82239429e-01  9.28181952e-01 
 9.54992586e+07  2.83322154e-01  9.03533121e-01 
 9.77237221e+07  2.84274593e-01  8.79377513e-01 
 1.00000000e+08  2.85099508e-01  8.55704221e-01 
 1.02329299e+08  2.85799460e-01  8.32502631e-01 
 1.04712855e+08  2.86376820e-01  8.09762425e-01 
 1.07151931e+08  2.86833778e-01  7.87473577e-01 
 1.09647820e+08  2.87172351e-01  7.65626357e-01 
 1.12201845e+08  2.87394395e-01  7.44211326e-01 
 1.14815362e+08  2.87501614e-01  7.23219337e-01 
 1.17489755e+08  2.87495571e-01  7.02641535e-01 
 1.20226443e+08  2.87377697e-01  6.82469358e-01 
 1.23026877e+08  2.87149299e-01  6.62694533e-01 
 1.25892541e+08  2.86811574e-01  6.43309078e-01 
 1.28824955e+08  2.86365617e-01  6.24305297e-01 
 1.31825674e+08  2.85812430e-01  6.05675784e-01 
 1.34896288e+08  2.85152937e-01  5.87413419e-01 
 1.38038426e+08  2.84387989e-01  5.69511366e-01 
 1.41253754e+08  2.83518378e-01  5.51963071e-01 
 1.44543977e+08  2.82544848e-01  5.34762261e-01 
 1.47910839e+08  2.81468105e-01  5.17902942e-01 
 1.51356125e+08  2.80288827e-01  5.01379392e-01 
 1.54881662e+08  2.79007679e-01  4.85186164e-01 
 1.58489319e+08  2.77625321e-01  4.69318075e-01 
 1.62181010e+08  2.76142420e-01  4.53770207e-01 
 1.65958691e+08  2.74559664e-01  4.38537901e-01 
 1.69824365e+08  2.72877770e-01  4.23616747e-01 
 1.73780083e+08  2.71097499e-01  4.09002584e-01 
 1.77827941e+08  2.69219663e-01  3.94691490e-01 
 1.81970086e+08  2.67245141e-01  3.80679774e-01 
 1.86208714e+08  2.65174888e-01  3.66963968e-01 
 1.90546072e+08  2.63009945e-01  3.53540817e-01 
 1.94984460e+08  2.60751451e-01  3.40407272e-01 
 1.99526231e+08  2.58400652e-01  3.27560477e-01 
 2.04173794e+08  2.55958911e-01  3.14997757e-01 
 2.08929613e+08  2.53427718e-01  3.02716606e-01 
 2.13796209e+08  2.50808697e-01  2.90714676e-01 
 2.18776162e+08  2.48103613e-01  2.78989762e-01 
 2.23872114e+08  2.45314381e-01  2.67539786e-01 
 2.29086765e+08  2.42443071e-01  2.56362783e-01 
 2.34422882e+08  2.39491910e-01  2.45456886e-01 
 2.39883292e+08  2.36463292e-01  2.34820312e-01 
 2.45470892e+08  2.33359774e-01  2.24451338e-01 
 2.51188643e+08  2.30184081e-01  2.14348294e-01 
 2.57039578e+08  2.26939105e-01  2.04509537e-01 
 2.63026799e+08  2.23627905e-01  1.94933440e-01 
 2.69153480e+08  2.20253702e-01  1.85618372e-01 
 2.75422870e+08  2.16819878e-01  1.76562681e-01 
 2.81838293e+08  2.13329967e-01  1.67764679e-01 
 2.88403150e+08  2.09787652e-01  1.59222624e-01 
 2.95120923e+08  2.06196753e-01  1.50934704e-01 
 3.01995172e+08  2.02561222e-01  1.42899023e-01 
 3.09029543e+08  1.98885128e-01  1.35113588e-01 
 3.16227766e+08  1.95172647e-01  1.27576293e-01 
 3.23593657e+08  1.91428049e-01  1.20284909e-01 
 3.31131121e+08  1.87655685e-01  1.13237071e-01 
 3.38844156e+08  1.83859968e-01  1.06430272e-01 
 3.46736850e+08  1.80045362e-01  9.98618506e-02 
 3.54813389e+08  1.76216364e-01  9.35289865e-02 
 3.63078055e+08  1.72377487e-01  8.74286955e-02 
 3.71535229e+08  1.68533241e-01  8.15578253e-02 
 3.80189396e+08  1.64688120e-01  7.59130535e-02 
 3.89045145e+08  1.60846582e-01  7.04908871e-02 
 3.98107171e+08  1.57013031e-01  6.52876639e-02 
 4.07380278e+08  1.53191804e-01  6.02995551e-02 
 4.16869383e+08  1.49387150e-01  5.55225696e-02 
 4.26579519e+08  1.45603220e-01  5.09525595e-02 
 4.36515832e+08  1.41844046e-01  4.65852272e-02 
 4.46683592e+08  1.38113532e-01  4.24161337e-02 
 4.57088190e+08  1.34415440e-01  3.84407079e-02 
 4.67735141e+08  1.30753374e-01  3.46542570e-02 
 4.78630092e+08  1.27130776e-01  3.10519781e-02 
 4.89778819e+08  1.23550912e-01  2.76289696e-02 
 5.01187234e+08  1.20016865e-01  2.43802447e-02 
 5.12861384e+08  1.16531528e-01  2.13007439e-02 
 5.24807460e+08  1.13097599e-01  1.83853491e-02 
 5.37031796e+08  1.09717578e-01  1.56288966e-02 
 5.49540874e+08  1.06393759e-01  1.30261916e-02 
 5.62341325e+08  1.03128235e-01  1.05720213e-02 
 5.75439937e+08  9.99228929e-02  8.26116873e-03 
 5.88843655e+08  9.67794176e-02  6.08842610e-03 
 6.02559586e+08  9.36992910e-02  4.04860741e-03 
 6.16595002e+08  9.06837963e-02  2.13656093e-03 
 6.30957344e+08  8.77340222e-02  3.47181038e-04 
 6.45654229e+08  8.48508672e-02 -1.32458069e-03 
 6.60693448e+08  8.20350450e-02 -2.88370487e-03 
 6.76082975e+08  7.92870913e-02 -4.33509468e-03 
 6.91830971e+08  7.66073703e-02 -5.68356674e-03 
 7.07945784e+08  7.39960824e-02 -6.93384303e-03 
 7.24435960e+08  7.14532714e-02 -8.09054340e-03 
 7.41310241e+08  6.89788334e-02 -9.15817906e-03 
 7.58577575e+08  6.65725249e-02 -1.01411467e-02 
 7.76247117e+08  6.42339711e-02 -1.10437238e-02 
 7.94328235e+08  6.19626751e-02 -1.18700640e-02 
 8.12830516e+08  5.97580264e-02 -1.26241939e-02 
 8.31763771e+08  5.76193096e-02 -1.33100104e-02 
 8.51138038e+08  5.55457128e-02 -1.39312787e-02 
 8.70963590e+08  5.35363367e-02 -1.44916305e-02 
 8.91250938e+08  5.15902022e-02 -1.49945639e-02 
 9.12010839e+08  4.97062590e-02 -1.54434427e-02 
 9.33254301e+08  4.78833931e-02 -1.58414969e-02 
 9.54992586e+08  4.61204347e-02 -1.61918238e-02 
 9.77237221e+08  4.44161648e-02 -1.64973888e-02 
 1.00000000e+09  4.27693230e-02 -1.67610274e-02 
 1.02329299e+09  4.11786133e-02 -1.69854471e-02 
 1.04712855e+09  3.96427105e-02 -1.71732301e-02 
 1.07151931e+09  3.81602666e-02 -1.73268352e-02 
 1.09647820e+09  3.67299155e-02 -1.74486016e-02 
 1.12201845e+09  3.53502787e-02 -1.75407511e-02 
 1.14815362e+09  3.40199700e-02 -1.76053920e-02 
 1.17489755e+09  3.27375999e-02 -1.76445223e-02 
 1.20226443e+09  3.15017794e-02 -1.76600328e-02 
 1.23026877e+09  3.03111246e-02 -1.76537114e-02 
 1.25892541e+09  2.91642592e-02 -1.76272462e-02 
 1.28824955e+09  2.80598185e-02 -1.75822294e-02 
 1.31825674e+09  2.69964514e-02 -1.75201608e-02 
 1.34896288e+09  2.59728240e-02 -1.74424518e-02 
 1.38038426e+09  2.49876209e-02 -1.73504287e-02 
 1.41253754e+09  2.40395478e-02 -1.72453367e-02 
 1.44543977e+09  2.31273335e-02 -1.71283432e-02 
 1.47910839e+09  2.22497310e-02 -1.70005415e-02 
 1.51356125e+09  2.14055191e-02 -1.68629542e-02 
 1.54881662e+09  2.05935037e-02 -1.67165366e-02 
 1.58489319e+09  1.98125185e-02 -1.65621799e-02 
 1.62181010e+09  1.90614264e-02 -1.64007147e-02 
 1.65958691e+09  1.83391194e-02 -1.62329141e-02 
 1.69824365e+09  1.76445198e-02 -1.60594961e-02 
 1.73780083e+09  1.69765802e-02 -1.58811278e-02 
 1.77827941e+09  1.63342839e-02 -1.56984268e-02 
 1.81970086e+09  1.57166450e-02 -1.55119652e-02 
 1.86208714e+09  1.51227086e-02 -1.53222715e-02 
 1.90546072e+09  1.45515506e-02 -1.51298334e-02 
 1.94984460e+09  1.40022776e-02 -1.49351003e-02 
 1.99526231e+09  1.34740265e-02 -1.47384856e-02 
 2.04173794e+09  1.29659647e-02 -1.45403689e-02 
 2.08929613e+09  1.24772892e-02 -1.43410984e-02 
 2.13796209e+09  1.20072266e-02 -1.41409926e-02 
 2.18776162e+09  1.15550322e-02 -1.39403429e-02 
 2.23872114e+09  1.11199899e-02 -1.37394146e-02 
 2.29086765e+09  1.07014113e-02 -1.35384497e-02 
 2.34422882e+09  1.02986356e-02 -1.33376680e-02 
 2.39883292e+09  9.91102821e-03 -1.31372687e-02 
 2.45470892e+09  9.53798064e-03 -1.29374324e-02 
 2.51188643e+09  9.17890964e-03 -1.27383223e-02 
 2.57039578e+09  8.83325646e-03 -1.25400854e-02 
 2.63026799e+09  8.50048615e-03 -1.23428544e-02 
 2.69153480e+09  8.18008674e-03 -1.21467482e-02 
 2.75422870e+09  7.87156853e-03 -1.19518737e-02 
 2.81838293e+09  7.57446328e-03 -1.17583267e-02 
 2.88403150e+09  7.28832344e-03 -1.15661925e-02 
 2.95120923e+09  7.01272133e-03 -1.13755478e-02 
 3.01995172e+09  6.74724839e-03 -1.11864604e-02 
 3.09029543e+09  6.49151437e-03 -1.09989910e-02 
 3.16227766e+09  6.24514655e-03 -1.08131936e-02 
 3.23593657e+09  6.00778895e-03 -1.06291160e-02 
 3.31131121e+09  5.77910161e-03 -1.04468007e-02 
 3.38844156e+09  5.55875978e-03 -1.02662855e-02 
 3.46736850e+09  5.34645322e-03 -1.00876038e-02 
 3.54813389e+09  5.14188549e-03 -9.91078532e-03 
 3.63078055e+09  4.94477322e-03 -9.73585629e-03 
 3.71535229e+09  4.75484544e-03 -9.56284007e-03 
 3.80189396e+09  4.57184293e-03 -9.39175734e-03 
 3.89045145e+09  4.39551760e-03 -9.22262640e-03 
 3.98107171e+09  4.22563184e-03 -9.05546349e-03 
 4.07380278e+09  4.06195798e-03 -8.89028298e-03 
 4.16869383e+09  3.90427772e-03 -8.72709754e-03 
 4.26579519e+09  3.75238159e-03 -8.56591834e-03 
 4.36515832e+09  3.60606848e-03 -8.40675518e-03 
 4.46683592e+09  3.46514512e-03 -8.24961655e-03 
 4.57088190e+09  3.32942570e-03 -8.09450981e-03 
 4.67735141e+09  3.19873136e-03 -7.94144120e-03 
 4.78630092e+09  3.07288991e-03 -7.79041588e-03 
 4.89778819e+09  2.95173538e-03 -7.64143804e-03 
 5.01187234e+09  2.83510769e-03 -7.49451088e-03 
 5.12861384e+09  2.72285237e-03 -7.34963664e-03 
 5.24807460e+09  2.61482025e-03 -7.20681662e-03 
 5.37031796e+09  2.51086719e-03 -7.06605120e-03 
 5.49540874e+09  2.41085381e-03 -6.92733982e-03 
 5.62341325e+09  2.31464529e-03 -6.79068098e-03 
 5.75439937e+09  2.22211114e-03 -6.65607225e-03 
 5.88843655e+09  2.13312503e-03 -6.52351028e-03 
 6.02559586e+09  2.04756460e-03 -6.39299078e-03 
 6.16595002e+09  1.96531126e-03 -6.26450851e-03 
 6.30957344e+09  1.88625011e-03 -6.13805729e-03 
 6.45654229e+09  1.81026976e-03 -6.01363002e-03 
 6.60693448e+09  1.73726220e-03 -5.89121865e-03 
 6.76082975e+09  1.66712273e-03 -5.77081422e-03 
 6.91830971e+09  1.59974980e-03 -5.65240684e-03 
 7.07945784e+09  1.53504493e-03 -5.53598572e-03 
 7.24435960e+09  1.47291263e-03 -5.42153918e-03 
 7.41310241e+09  1.41326031e-03 -5.30905469e-03 
 7.58577575e+09  1.35599821e-03 -5.19851885e-03 
 7.76247117e+09  1.30103930e-03 -5.08991745e-03 
 7.94328235e+09  1.24829924e-03 -4.98323546e-03 
 8.12830516e+09  1.19769627e-03 -4.87845710e-03 
 8.31763771e+09  1.14915121e-03 -4.77556585e-03 
 8.51138038e+09  1.10258735e-03 -4.67454449e-03 
 8.70963590e+09  1.05793039e-03 -4.57537510e-03 
 8.91250938e+09  1.01510843e-03 -4.47803915e-03 
 9.12010839e+09  9.74051855e-04 -4.38251751e-03 
 9.33254301e+09  9.34693322e-04 -4.28879046e-03 
 9.54992586e+09  8.96967691e-04 -4.19683779e-03 
 9.77237221e+09  8.60811975e-04 -4.10663878e-03 
 1.00000000e+10  8.26165290e-04 -4.01817226e-03 
 1.02329299e+10  7.92968802e-04 -3.93141667e-03 
 1.04712855e+10  7.61165679e-04 -3.84635005e-03 
 1.07151931e+10  7.30701038e-04 -3.76295012e-03 
 1.09647820e+10  7.01521899e-04 -3.68119431e-03 
 1.12201845e+10  6.73577135e-04 -3.60105976e-03 
 1.14815362e+10  6.46817421e-04 -3.52252341e-03 
 1.17489755e+10  6.21195191e-04 -3.44556200e-03 
 1.20226443e+10  5.96664583e-04 -3.37015211e-03 
 1.23026877e+10  5.73181399e-04 -3.29627018e-03 
 1.25892541e+10  5.50703054e-04 -3.22389258e-03 
 1.28824955e+10  5.29188530e-04 -3.15299559e-03 
 1.31825674e+10  5.08598331e-04 -3.08355547e-03 
 1.34896288e+10  4.88894439e-04 -3.01554847e-03 
 1.38038426e+10  4.70040266e-04 -2.94895084e-03 
 1.41253754e+10  4.52000612e-04 -2.88373889e-03 
 1.44543977e+10  4.34741622e-04 -2.81988897e-03 
 1.47910839e+10  4.18230742e-04 -2.75737755e-03 
 1.51356125e+10  4.02436679e-04 -2.69618118e-03 
 1.54881662e+10  3.87329358e-04 -2.63627654e-03 
 1.58489319e+10  3.72879882e-04 -2.57764046e-03 
 1.62181010e+10  3.59060493e-04 -2.52024994e-03 
 1.65958691e+10  3.45844531e-04 -2.46408215e-03 
 1.69824365e+10  3.33206402e-04 -2.40911443e-03 
 1.73780083e+10  3.21121533e-04 -2.35532436e-03 
 1.77827941e+10  3.09566343e-04 -2.30268972e-03 
 1.81970086e+10  2.98518202e-04 -2.25118851e-03 
 1.86208714e+10  2.87955400e-04 -2.20079900e-03 
 1.90546072e+10  2.77857115e-04 -2.15149966e-03 
 1.94984460e+10  2.68203374e-04 -2.10326926e-03 
 1.99526231e+10  2.58975031e-04 -2.05608682e-03 
 2.04173794e+10  2.50153725e-04 -2.00993163e-03 
 2.08929613e+10  2.41721861e-04 -1.96478324e-03 
 2.13796209e+10  2.33662574e-04 -1.92062151e-03 
 2.18776162e+10  2.25959704e-04 -1.87742656e-03 
 2.23872114e+10  2.18597766e-04 -1.83517883e-03 
 2.29086765e+10  2.11561929e-04 -1.79385902e-03 
 2.34422882e+10  2.04837985e-04 -1.75344814e-03 
 2.39883292e+10  1.98412327e-04 -1.71392751e-03 
 2.45470892e+10  1.92271925e-04 -1.67527872e-03 
 2.51188643e+10  1.86404303e-04 -1.63748369e-03 
 2.57039578e+10  1.80797516e-04 -1.60052461e-03 
 2.63026799e+10  1.75440132e-04 -1.56438400e-03 
 2.69153480e+10  1.70321206e-04 -1.52904465e-03 
 2.75422870e+10  1.65430263e-04 -1.49448967e-03 
 2.81838293e+10  1.60757281e-04 -1.46070247e-03 
 2.88403150e+10  1.56292667e-04 -1.42766673e-03 
 2.95120923e+10  1.52027244e-04 -1.39536645e-03 
 3.01995172e+10  1.47952234e-04 -1.36378591e-03 
 3.09029543e+10  1.44059236e-04 -1.33290969e-03 
 3.16227766e+10  1.40340218e-04 -1.30272266e-03 
 3.23593657e+10  1.36787493e-04 -1.27320995e-03 
 3.31131121e+10  1.33393715e-04 -1.24435701e-03 
 3.38844156e+10  1.30151854e-04 -1.21614954e-03 
 3.46736850e+10  1.27055189e-04 -1.18857353e-03 
 3.54813389e+10  1.24097295e-04 -1.16161525e-03 
 3.63078055e+10  1.21272027e-04 -1.13526121e-03 
 3.71535229e+10  1.18573510e-04 -1.10949824e-03 
 3.80189396e+10  1.15996130e-04 -1.08431337e-03 
 3.89045145e+10  1.13534519e-04 -1.05969394e-03 
 3.98107171e+10  1.11183544e-04 -1.03562753e-03 
 4.07380278e+10  1.08938302e-04 -1.01210195e-03 
 4.16869383e+10  1.06794106e-04 -9.89105301e-04 
 4.26579519e+10  1.04746475e-04 -9.66625891e-04 
 4.36515832e+10  1.02791130e-04 -9.44652288e-04 
 4.46683592e+10  1.00923979e-04 -9.23173290e-04 
 4.57088190e+10  9.91411142e-05 -9.02177933e-04 
 4.67735141e+10  9.74388016e-05 -8.81655477e-04 
 4.78630092e+10  9.58134736e-05 -8.61595412e-04 
 4.89778819e+10  9.42617219e-05 -8.41987447e-04 
 5.01187234e+10  9.27802909e-05 -8.22821509e-04 
 5.12861384e+10  9.13660711e-05 -8.04087738e-04 
 5.24807460e+10  9.00160923e-05 -7.85776485e-04 
 5.37031796e+10  8.87275181e-05 -7.67878307e-04 
 5.49540874e+10  8.74976397e-05 -7.50383963e-04 
 5.62341325e+10  8.63238707e-05 -7.33284412e-04 
 5.75439937e+10  8.52037414e-05 -7.16570805e-04 
 5.88843655e+10  8.41348940e-05 -7.00234488e-04 
 6.02559586e+10  8.31150776e-05 -6.84266991e-04 
 6.16595002e+10  8.21421439e-05 -6.68660030e-04 
 6.30957344e+10  8.12140421e-05 -6.53405502e-04 
 6.45654229e+10  8.03288153e-05 -6.38495481e-04 
 6.60693448e+10  7.94845961e-05 -6.23922212e-04 
 6.76082975e+10  7.86796028e-05 -6.09678113e-04 
 6.91830971e+10  7.79121357e-05 -5.95755769e-04 
 7.07945784e+10  7.71805734e-05 -5.82147926e-04 
 7.24435960e+10  7.64833696e-05 -5.68847493e-04 
 7.41310241e+10  7.58190498e-05 -5.55847535e-04 
 7.58577575e+10  7.51862080e-05 -5.43141270e-04 
 7.76247117e+10  7.45835041e-05 -5.30722070e-04 
 7.94328235e+10  7.40096606e-05 -5.18583452e-04 
 8.12830516e+10  7.34634603e-05 -5.06719079e-04 
 8.31763771e+10  7.29437434e-05 -4.95122757e-04 
 8.51138038e+10  7.24494049e-05 -4.83788430e-04 
 8.70963590e+10  7.19793928e-05 -4.72710179e-04 
 8.91250938e+10  7.15327050e-05 -4.61882220e-04 
 9.12010839e+10  7.11083877e-05 -4.51298897e-04 
 9.33254301e+10  7.07055329e-05 -4.40954687e-04 
 9.54992586e+10  7.03232766e-05 -4.30844188e-04 
 9.77237221e+10  6.99607967e-05 -4.20962126e-04 
 1.00000000e+11  6.96173113e-05 -4.11303345e-04 
 1.02329299e+11  6.92920764e-05 -4.01862809e-04 
 1.04712855e+11  6.89843849e-05 -3.92635598e-04 
 1.07151931e+11  6.86935641e-05 -3.83616906e-04 
 1.09647820e+11  6.84189746e-05 -3.74802039e-04 
 1.12201845e+11  6.81600083e-05 -3.66186412e-04 
 1.14815362e+11  6.79160873e-05 -3.57765548e-04 
 1.17489755e+11  6.76866620e-05 -3.49535075e-04 
 1.20226443e+11  6.74712095e-05 -3.41490725e-04 
 1.23026877e+11  6.72692326e-05 -3.33628330e-04 
 1.25892541e+11  6.70802582e-05 -3.25943821e-04 
 1.28824955e+11  6.69038358e-05 -3.18433229e-04 
 1.31825674e+11  6.67395361e-05 -3.11092676e-04 
 1.34896288e+11  6.65869498e-05 -3.03918382e-04 
 1.38038426e+11  6.64456864e-05 -2.96906653e-04 
 1.41253754e+11  6.63153727e-05 -2.90053890e-04 
 1.44543977e+11  6.61956515e-05 -2.83356578e-04 
 1.47910839e+11  6.60861806e-05 -2.76811287e-04 
 1.51356125e+11  6.59866316e-05 -2.70414674e-04 
 1.54881662e+11  6.58966885e-05 -2.64163476e-04 
 1.58489319e+11  6.58160468e-05 -2.58054508e-04 
 1.62181010e+11  6.57444123e-05 -2.52084665e-04 
 1.65958691e+11  6.56815002e-05 -2.46250918e-04 
 1.69824365e+11  6.56270342e-05 -2.40550312e-04 
 1.73780083e+11  6.55807454e-05 -2.34979962e-04 
 1.77827941e+11  6.55423715e-05 -2.29537055e-04 
 1.81970086e+11  6.55116560e-05 -2.24218845e-04 
 1.86208714e+11  6.54883481e-05 -2.19022653e-04 
 1.90546072e+11  6.54722010e-05 -2.13945862e-04 
 1.94984460e+11  6.54629726e-05 -2.08985919e-04 
 1.99526231e+11  6.54604242e-05 -2.04140330e-04 
 2.04173794e+11  6.54643206e-05 -1.99406661e-04 
 2.08929613e+11  6.54744296e-05 -1.94782532e-04 
 2.13796209e+11  6.54905225e-05 -1.90265618e-04 
 2.18776162e+11  6.55123729e-05 -1.85853649e-04 
 2.23872114e+11  6.55397580e-05 -1.81544404e-04 
 2.29086765e+11  6.55724576e-05 -1.77335712e-04 
 2.34422882e+11  6.56102549e-05 -1.73225452e-04 
 2.39883292e+11  6.56529363e-05 -1.69211548e-04 
 2.45470892e+11  6.57002919e-05 -1.65291970e-04 
 2.51188643e+11  6.57521154e-05 -1.61464733e-04 
 2.57039578e+11  6.58082045e-05 -1.57727894e-04 
 2.63026799e+11  6.58683612e-05 -1.54079556e-04 
 2.69153480e+11  6.59323915e-05 -1.50517858e-04 
 2.75422870e+11  6.60001063e-05 -1.47040985e-04 
 2.81838293e+11  6.60713208e-05 -1.43647160e-04 
 2.88403150e+11  6.61458549e-05 -1.40334644e-04 
 2.95120923e+11  6.62235331e-05 -1.37101739e-04 
 3.01995172e+11  6.63041846e-05 -1.33946784e-04 
 3.09029543e+11  6.63876427e-05 -1.30868157e-04 
 3.16227766e+11  6.64737453e-05 -1.27864271e-04 
 3.23593657e+11  6.65623341e-05 -1.24933577e-04 
 3.31131121e+11  6.66532547e-05 -1.22074563e-04 
 3.38844156e+11  6.67463558e-05 -1.19285750e-04 
 3.46736850e+11  6.68414897e-05 -1.16565695e-04 
 3.54813389e+11  6.69385110e-05 -1.13912989e-04 
 3.63078055e+11  6.70372770e-05 -1.11326258e-04 
 3.71535229e+11  6.71376467e-05 -1.08804159e-04 
 3.80189396e+11  6.72394809e-05 -1.06345382e-04 
 3.89045145e+11  6.73426419e-05 -1.03948647e-04 
 3.98107171e+11  6.74469926e-05 -1.01612706e-04 
 4.07380278e+11  6.75523972e-05 -9.93363397e-05 
 4.16869383e+11  6.76587198e-05 -9.71183592e-05 
 4.26579519e+11  6.77658253e-05 -9.49576024e-05 
 4.36515832e+11  6.78735784e-05 -9.28529348e-05 
 4.46683592e+11  6.79818441e-05 -9.08032483e-05 
 4.57088190e+11  6.80904871e-05 -8.88074606e-05 
 4.67735141e+11  6.81993723e-05 -8.68645141e-05 
 4.78630092e+11  6.83083643e-05 -8.49733757e-05 
 4.89778819e+11  6.84173278e-05 -8.31330354e-05 
 5.01187234e+11  6.85261277e-05 -8.13425062e-05 
 5.12861384e+11  6.86346287e-05 -7.96008231e-05 
 5.24807460e+11  6.87426962e-05 -7.79070428e-05 
 5.37031796e+11  6.88501955e-05 -7.62602430e-05 
 5.49540874e+11  6.89569928e-05 -7.46595221e-05 
 5.62341325e+11  6.90629547e-05 -7.31039985e-05 
 5.75439937e+11  6.91679486e-05 -7.15928103e-05 
 5.88843655e+11  6.92718429e-05 -7.01251154e-05 
 6.02559586e+11  6.93745068e-05 -6.87000906e-05 
 6.16595002e+11  6.94758105e-05 -6.73169315e-05 
 6.30957344e+11  6.95756253e-05 -6.59748526e-05 
 6.45654229e+11  6.96738234e-05 -6.46730870e-05 
 6.60693448e+11  6.97702781e-05 -6.34108859e-05 
 6.76082975e+11  6.98648636e-05 -6.21875190e-05 
 6.91830971e+11  6.99574548e-05 -6.10022741e-05 
 7.07945784e+11  7.00479273e-05 -5.98544570e-05 
 7.24435960e+11  7.01361570e-05 -5.87433915e-05 
 7.41310241e+11  7.02220199e-05 -5.76684194e-05 
 7.58577575e+11  7.03053920e-05 -5.66289003e-05 
 7.76247117e+11  7.03861486e-05 -5.56242113e-05 
 7.94328235e+11  7.04641641e-05 -5.46537474e-05 
 8.12830516e+11  7.05393115e-05 -5.37169208e-05 
 8.31763771e+11  7.06114619e-05 -5.28131612e-05 
 8.51138038e+11  7.06804840e-05 -5.19419154e-05 
 8.70963590e+11  7.07462437e-05 -5.11026470e-05 
 8.91250938e+11  7.08086030e-05 -5.02948364e-05 
 9.12010839e+11  7.08674200e-05 -4.95179799e-05 
 9.33254301e+11  7.09225478e-05 -4.87715903e-05 
 9.54992586e+11  7.09738338e-05 -4.80551954e-05 
 9.77237221e+11  7.10211195e-05 -4.73683386e-05 
 1.00000000e+12  7.10642392e-05 -4.67105772e-05 
