 frequency       (ac1.vout1)     (ac1.vout1)    
 1.00000000e+01 -2.22865724e+01  1.08191949e-04 
 1.02329299e+01 -2.22865724e+01  1.10712063e-04 
 1.04712855e+01 -2.22865724e+01  1.13290878e-04 
 1.07151931e+01 -2.22865724e+01  1.15929762e-04 
 1.09647820e+01 -2.22865724e+01  1.18630113e-04 
 1.12201845e+01 -2.22865724e+01  1.21393363e-04 
 1.14815362e+01 -2.22865724e+01  1.24220978e-04 
 1.17489755e+01 -2.22865724e+01  1.27114456e-04 
 1.20226443e+01 -2.22865724e+01  1.30075332e-04 
 1.23026877e+01 -2.22865724e+01  1.33105176e-04 
 1.25892541e+01 -2.22865724e+01  1.36205594e-04 
 1.28824955e+01 -2.22865724e+01  1.39378230e-04 
 1.31825674e+01 -2.22865724e+01  1.42624766e-04 
 1.34896288e+01 -2.22865724e+01  1.45946923e-04 
 1.38038426e+01 -2.22865724e+01  1.49346464e-04 
 1.41253754e+01 -2.22865724e+01  1.52825190e-04 
 1.44543977e+01 -2.22865724e+01  1.56384946e-04 
 1.47910839e+01 -2.22865724e+01  1.60027619e-04 
 1.51356125e+01 -2.22865724e+01  1.63755141e-04 
 1.54881662e+01 -2.22865724e+01  1.67569488e-04 
 1.58489319e+01 -2.22865724e+01  1.71472683e-04 
 1.62181010e+01 -2.22865724e+01  1.75466795e-04 
 1.65958691e+01 -2.22865724e+01  1.79553942e-04 
 1.69824365e+01 -2.22865724e+01  1.83736290e-04 
 1.73780083e+01 -2.22865724e+01  1.88016058e-04 
 1.77827941e+01 -2.22865724e+01  1.92395515e-04 
 1.81970086e+01 -2.22865724e+01  1.96876982e-04 
 1.86208714e+01 -2.22865724e+01  2.01462836e-04 
 1.90546072e+01 -2.22865724e+01  2.06155509e-04 
 1.94984460e+01 -2.22865724e+01  2.10957487e-04 
 1.99526231e+01 -2.22865724e+01  2.15871318e-04 
 2.04173794e+01 -2.22865724e+01  2.20899607e-04 
 2.08929613e+01 -2.22865724e+01  2.26045020e-04 
 2.13796209e+01 -2.22865724e+01  2.31310285e-04 
 2.18776162e+01 -2.22865724e+01  2.36698194e-04 
 2.23872114e+01 -2.22865724e+01  2.42211603e-04 
 2.29086765e+01 -2.22865724e+01  2.47853436e-04 
 2.34422882e+01 -2.22865724e+01  2.53626684e-04 
 2.39883292e+01 -2.22865724e+01  2.59534408e-04 
 2.45470892e+01 -2.22865724e+01  2.65579741e-04 
 2.51188643e+01 -2.22865724e+01  2.71765888e-04 
 2.57039578e+01 -2.22865724e+01  2.78096129e-04 
 2.63026799e+01 -2.22865724e+01  2.84573820e-04 
 2.69153480e+01 -2.22865724e+01  2.91202396e-04 
 2.75422870e+01 -2.22865724e+01  2.97985371e-04 
 2.81838293e+01 -2.22865724e+01  3.04926342e-04 
 2.88403150e+01 -2.22865724e+01  3.12028989e-04 
 2.95120923e+01 -2.22865724e+01  3.19297078e-04 
 3.01995172e+01 -2.22865724e+01  3.26734462e-04 
 3.09029543e+01 -2.22865724e+01  3.34345085e-04 
 3.16227766e+01 -2.22865724e+01  3.42132983e-04 
 3.23593657e+01 -2.22865724e+01  3.50102284e-04 
 3.31131121e+01 -2.22865724e+01  3.58257214e-04 
 3.38844156e+01 -2.22865724e+01  3.66602096e-04 
 3.46736850e+01 -2.22865724e+01  3.75141356e-04 
 3.54813389e+01 -2.22865724e+01  3.83879521e-04 
 3.63078055e+01 -2.22865724e+01  3.92821223e-04 
 3.71535229e+01 -2.22865724e+01  4.01971205e-04 
 3.80189396e+01 -2.22865724e+01  4.11334317e-04 
 3.89045145e+01 -2.22865724e+01  4.20915524e-04 
 3.98107171e+01 -2.22865724e+01  4.30719906e-04 
 4.07380278e+01 -2.22865724e+01  4.40752662e-04 
 4.16869383e+01 -2.22865724e+01  4.51019110e-04 
 4.26579519e+01 -2.22865724e+01  4.61524695e-04 
 4.36515832e+01 -2.22865724e+01  4.72274986e-04 
 4.46683592e+01 -2.22865724e+01  4.83275683e-04 
 4.57088190e+01 -2.22865724e+01  4.94532620e-04 
 4.67735141e+01 -2.22865724e+01  5.06051765e-04 
 4.78630092e+01 -2.22865724e+01  5.17839224e-04 
 4.89778819e+01 -2.22865724e+01  5.29901250e-04 
 5.01187234e+01 -2.22865724e+01  5.42244235e-04 
 5.12861384e+01 -2.22865724e+01  5.54874726e-04 
 5.24807460e+01 -2.22865724e+01  5.67799419e-04 
 5.37031796e+01 -2.22865724e+01  5.81025166e-04 
 5.49540874e+01 -2.22865724e+01  5.94558981e-04 
 5.62341325e+01 -2.22865724e+01  6.08408039e-04 
 5.75439937e+01 -2.22865724e+01  6.22579682e-04 
 5.88843655e+01 -2.22865724e+01  6.37081426e-04 
 6.02559586e+01 -2.22865724e+01  6.51920959e-04 
 6.16595002e+01 -2.22865724e+01  6.67106149e-04 
 6.30957344e+01 -2.22865724e+01  6.82645047e-04 
 6.45654229e+01 -2.22865724e+01  6.98545893e-04 
 6.60693448e+01 -2.22865724e+01  7.14817117e-04 
 6.76082975e+01 -2.22865724e+01  7.31467346e-04 
 6.91830971e+01 -2.22865724e+01  7.48505409e-04 
 7.07945784e+01 -2.22865724e+01  7.65940340e-04 
 7.24435960e+01 -2.22865724e+01  7.83781383e-04 
 7.41310241e+01 -2.22865724e+01  8.02037996e-04 
 7.58577575e+01 -2.22865724e+01  8.20719861e-04 
 7.76247117e+01 -2.22865724e+01  8.39836882e-04 
 7.94328235e+01 -2.22865723e+01  8.59399196e-04 
 8.12830516e+01 -2.22865723e+01  8.79417175e-04 
 8.31763771e+01 -2.22865723e+01  8.99901433e-04 
 8.51138038e+01 -2.22865723e+01  9.20862830e-04 
 8.70963590e+01 -2.22865723e+01  9.42312480e-04 
 8.91250938e+01 -2.22865723e+01  9.64261758e-04 
 9.12010839e+01 -2.22865723e+01  9.86722299e-04 
 9.33254301e+01 -2.22865723e+01  1.00970601e-03 
 9.54992586e+01 -2.22865723e+01  1.03322509e-03 
 9.77237221e+01 -2.22865723e+01  1.05729199e-03 
 1.00000000e+02 -2.22865723e+01  1.08191949e-03 
 1.02329299e+02 -2.22865723e+01  1.10712063e-03 
 1.04712855e+02 -2.22865723e+01  1.13290878e-03 
 1.07151931e+02 -2.22865723e+01  1.15929762e-03 
 1.09647820e+02 -2.22865723e+01  1.18630113e-03 
 1.12201845e+02 -2.22865723e+01  1.21393363e-03 
 1.14815362e+02 -2.22865723e+01  1.24220978e-03 
 1.17489755e+02 -2.22865723e+01  1.27114456e-03 
 1.20226443e+02 -2.22865723e+01  1.30075332e-03 
 1.23026877e+02 -2.22865723e+01  1.33105175e-03 
 1.25892541e+02 -2.22865723e+01  1.36205593e-03 
 1.28824955e+02 -2.22865723e+01  1.39378229e-03 
 1.31825674e+02 -2.22865723e+01  1.42624765e-03 
 1.34896288e+02 -2.22865723e+01  1.45946923e-03 
 1.38038426e+02 -2.22865723e+01  1.49346463e-03 
 1.41253754e+02 -2.22865723e+01  1.52825189e-03 
 1.44543977e+02 -2.22865723e+01  1.56384945e-03 
 1.47910839e+02 -2.22865723e+01  1.60027618e-03 
 1.51356125e+02 -2.22865723e+01  1.63755140e-03 
 1.54881662e+02 -2.22865723e+01  1.67569488e-03 
 1.58489319e+02 -2.22865723e+01  1.71472682e-03 
 1.62181010e+02 -2.22865722e+01  1.75466794e-03 
 1.65958691e+02 -2.22865722e+01  1.79553941e-03 
 1.69824365e+02 -2.22865722e+01  1.83736289e-03 
 1.73780083e+02 -2.22865722e+01  1.88016057e-03 
 1.77827941e+02 -2.22865722e+01  1.92395514e-03 
 1.81970086e+02 -2.22865722e+01  1.96876981e-03 
 1.86208714e+02 -2.22865722e+01  2.01462835e-03 
 1.90546072e+02 -2.22865722e+01  2.06155507e-03 
 1.94984460e+02 -2.22865722e+01  2.10957485e-03 
 1.99526231e+02 -2.22865722e+01  2.15871316e-03 
 2.04173794e+02 -2.22865722e+01  2.20899605e-03 
 2.08929613e+02 -2.22865722e+01  2.26045018e-03 
 2.13796209e+02 -2.22865721e+01  2.31310283e-03 
 2.18776162e+02 -2.22865721e+01  2.36698191e-03 
 2.23872114e+02 -2.22865721e+01  2.42211600e-03 
 2.29086765e+02 -2.22865721e+01  2.47853433e-03 
 2.34422882e+02 -2.22865721e+01  2.53626681e-03 
 2.39883292e+02 -2.22865721e+01  2.59534405e-03 
 2.45470892e+02 -2.22865721e+01  2.65579738e-03 
 2.51188643e+02 -2.22865721e+01  2.71765884e-03 
 2.57039578e+02 -2.22865720e+01  2.78096125e-03 
 2.63026799e+02 -2.22865720e+01  2.84573816e-03 
 2.69153480e+02 -2.22865720e+01  2.91202391e-03 
 2.75422870e+02 -2.22865720e+01  2.97985366e-03 
 2.81838293e+02 -2.22865720e+01  3.04926336e-03 
 2.88403150e+02 -2.22865720e+01  3.12028983e-03 
 2.95120923e+02 -2.22865719e+01  3.19297071e-03 
 3.01995172e+02 -2.22865719e+01  3.26734455e-03 
 3.09029543e+02 -2.22865719e+01  3.34345078e-03 
 3.16227766e+02 -2.22865719e+01  3.42132975e-03 
 3.23593657e+02 -2.22865718e+01  3.50102275e-03 
 3.31131121e+02 -2.22865718e+01  3.58257205e-03 
 3.38844156e+02 -2.22865718e+01  3.66602087e-03 
 3.46736850e+02 -2.22865718e+01  3.75141346e-03 
 3.54813389e+02 -2.22865717e+01  3.83879510e-03 
 3.63078055e+02 -2.22865717e+01  3.92821212e-03 
 3.71535229e+02 -2.22865717e+01  4.01971192e-03 
 3.80189396e+02 -2.22865716e+01  4.11334304e-03 
 3.89045145e+02 -2.22865716e+01  4.20915510e-03 
 3.98107171e+02 -2.22865716e+01  4.30719891e-03 
 4.07380278e+02 -2.22865715e+01  4.40752645e-03 
 4.16869383e+02 -2.22865715e+01  4.51019092e-03 
 4.26579519e+02 -2.22865714e+01  4.61524676e-03 
 4.36515832e+02 -2.22865714e+01  4.72274965e-03 
 4.46683592e+02 -2.22865714e+01  4.83275662e-03 
 4.57088190e+02 -2.22865713e+01  4.94532597e-03 
 4.67735141e+02 -2.22865713e+01  5.06051740e-03 
 4.78630092e+02 -2.22865712e+01  5.17839198e-03 
 4.89778819e+02 -2.22865711e+01  5.29901221e-03 
 5.01187234e+02 -2.22865711e+01  5.42244204e-03 
 5.12861384e+02 -2.22865710e+01  5.54874693e-03 
 5.24807460e+02 -2.22865710e+01  5.67799383e-03 
 5.37031796e+02 -2.22865709e+01  5.81025128e-03 
 5.49540874e+02 -2.22865708e+01  5.94558940e-03 
 5.62341325e+02 -2.22865707e+01  6.08407995e-03 
 5.75439937e+02 -2.22865707e+01  6.22579636e-03 
 5.88843655e+02 -2.22865706e+01  6.37081376e-03 
 6.02559586e+02 -2.22865705e+01  6.51920905e-03 
 6.16595002e+02 -2.22865704e+01  6.67106091e-03 
 6.30957344e+02 -2.22865703e+01  6.82644985e-03 
 6.45654229e+02 -2.22865702e+01  6.98545827e-03 
 6.60693448e+02 -2.22865701e+01  7.14817046e-03 
 6.76082975e+02 -2.22865700e+01  7.31467271e-03 
 6.91830971e+02 -2.22865699e+01  7.48505328e-03 
 7.07945784e+02 -2.22865698e+01  7.65940253e-03 
 7.24435960e+02 -2.22865697e+01  7.83781289e-03 
 7.41310241e+02 -2.22865695e+01  8.02037896e-03 
 7.58577575e+02 -2.22865694e+01  8.20719754e-03 
 7.76247117e+02 -2.22865693e+01  8.39836768e-03 
 7.94328235e+02 -2.22865691e+01  8.59399074e-03 
 8.12830516e+02 -2.22865690e+01  8.79417044e-03 
 8.31763771e+02 -2.22865688e+01  8.99901292e-03 
 8.51138038e+02 -2.22865686e+01  9.20862679e-03 
 8.70963590e+02 -2.22865685e+01  9.42312318e-03 
 8.91250938e+02 -2.22865683e+01  9.64261584e-03 
 9.12010839e+02 -2.22865681e+01  9.86722113e-03 
 9.33254301e+02 -2.22865679e+01  1.00970581e-02 
 9.54992586e+02 -2.22865677e+01  1.03322487e-02 
 9.77237221e+02 -2.22865674e+01  1.05729176e-02 
 1.00000000e+03 -2.22865672e+01  1.08191924e-02 
 1.02329299e+03 -2.22865670e+01  1.10712037e-02 
 1.04712855e+03 -2.22865667e+01  1.13290850e-02 
 1.07151931e+03 -2.22865664e+01  1.15929731e-02 
 1.09647820e+03 -2.22865662e+01  1.18630080e-02 
 1.12201845e+03 -2.22865659e+01  1.21393328e-02 
 1.14815362e+03 -2.22865656e+01  1.24220940e-02 
 1.17489755e+03 -2.22865652e+01  1.27114416e-02 
 1.20226443e+03 -2.22865649e+01  1.30075289e-02 
 1.23026877e+03 -2.22865646e+01  1.33105130e-02 
 1.25892541e+03 -2.22865642e+01  1.36205544e-02 
 1.28824955e+03 -2.22865638e+01  1.39378177e-02 
 1.31825674e+03 -2.22865634e+01  1.42624709e-02 
 1.34896288e+03 -2.22865630e+01  1.45946863e-02 
 1.38038426e+03 -2.22865625e+01  1.49346399e-02 
 1.41253754e+03 -2.22865621e+01  1.52825120e-02 
 1.44543977e+03 -2.22865616e+01  1.56384871e-02 
 1.47910839e+03 -2.22865611e+01  1.60027539e-02 
 1.51356125e+03 -2.22865605e+01  1.63755055e-02 
 1.54881662e+03 -2.22865600e+01  1.67569397e-02 
 1.58489319e+03 -2.22865594e+01  1.71472585e-02 
 1.62181010e+03 -2.22865588e+01  1.75466690e-02 
 1.65958691e+03 -2.22865581e+01  1.79553829e-02 
 1.69824365e+03 -2.22865575e+01  1.83736169e-02 
 1.73780083e+03 -2.22865568e+01  1.88015929e-02 
 1.77827941e+03 -2.22865560e+01  1.92395376e-02 
 1.81970086e+03 -2.22865553e+01  1.96876833e-02 
 1.86208714e+03 -2.22865544e+01  2.01462677e-02 
 1.90546072e+03 -2.22865536e+01  2.06155337e-02 
 1.94984460e+03 -2.22865527e+01  2.10957304e-02 
 1.99526231e+03 -2.22865518e+01  2.15871122e-02 
 2.04173794e+03 -2.22865508e+01  2.20899397e-02 
 2.08929613e+03 -2.22865498e+01  2.26044795e-02 
 2.13796209e+03 -2.22865487e+01  2.31310043e-02 
 2.18776162e+03 -2.22865476e+01  2.36697935e-02 
 2.23872114e+03 -2.22865465e+01  2.42211325e-02 
 2.29086765e+03 -2.22865452e+01  2.47853139e-02 
 2.34422882e+03 -2.22865440e+01  2.53626366e-02 
 2.39883292e+03 -2.22865426e+01  2.59534067e-02 
 2.45470892e+03 -2.22865412e+01  2.65579376e-02 
 2.51188643e+03 -2.22865397e+01  2.71765496e-02 
 2.57039578e+03 -2.22865382e+01  2.78095709e-02 
 2.63026799e+03 -2.22865366e+01  2.84573370e-02 
 2.69153480e+03 -2.22865349e+01  2.91201914e-02 
 2.75422870e+03 -2.22865331e+01  2.97984854e-02 
 2.81838293e+03 -2.22865313e+01  3.04925788e-02 
 2.88403150e+03 -2.22865294e+01  3.12028396e-02 
 2.95120923e+03 -2.22865273e+01  3.19296442e-02 
 3.01995172e+03 -2.22865252e+01  3.26733781e-02 
 3.09029543e+03 -2.22865230e+01  3.34344356e-02 
 3.16227766e+03 -2.22865206e+01  3.42132201e-02 
 3.23593657e+03 -2.22865182e+01  3.50101446e-02 
 3.31131121e+03 -2.22865157e+01  3.58256316e-02 
 3.38844156e+03 -2.22865130e+01  3.66601134e-02 
 3.46736850e+03 -2.22865102e+01  3.75140325e-02 
 3.54813389e+03 -2.22865073e+01  3.83878416e-02 
 3.63078055e+03 -2.22865042e+01  3.92820040e-02 
 3.71535229e+03 -2.22865010e+01  4.01969937e-02 
 3.80189396e+03 -2.22864976e+01  4.11332958e-02 
 3.89045145e+03 -2.22864941e+01  4.20914068e-02 
 3.98107171e+03 -2.22864904e+01  4.30718346e-02 
 4.07380278e+03 -2.22864865e+01  4.40750990e-02 
 4.16869383e+03 -2.22864825e+01  4.51017319e-02 
 4.26579519e+03 -2.22864782e+01  4.61522775e-02 
 4.36515832e+03 -2.22864738e+01  4.72272929e-02 
 4.46683592e+03 -2.22864692e+01  4.83273479e-02 
 4.57088190e+03 -2.22864643e+01  4.94530259e-02 
 4.67735141e+03 -2.22864592e+01  5.06049234e-02 
 4.78630092e+03 -2.22864539e+01  5.17836513e-02 
 4.89778819e+03 -2.22864483e+01  5.29898344e-02 
 5.01187234e+03 -2.22864424e+01  5.42241122e-02 
 5.12861384e+03 -2.22864363e+01  5.54871390e-02 
 5.24807460e+03 -2.22864299e+01  5.67795844e-02 
 5.37031796e+03 -2.22864232e+01  5.81021336e-02 
 5.49540874e+03 -2.22864162e+01  5.94554877e-02 
 5.62341325e+03 -2.22864088e+01  6.08403641e-02 
 5.75439937e+03 -2.22864011e+01  6.22574970e-02 
 5.88843655e+03 -2.22863930e+01  6.37076377e-02 
 6.02559586e+03 -2.22863846e+01  6.51915549e-02 
 6.16595002e+03 -2.22863757e+01  6.67100351e-02 
 6.30957344e+03 -2.22863664e+01  6.82638835e-02 
 6.45654229e+03 -2.22863567e+01  6.98539237e-02 
 6.60693448e+03 -2.22863466e+01  7.14809985e-02 
 6.76082975e+03 -2.22863359e+01  7.31459704e-02 
 6.91830971e+03 -2.22863248e+01  7.48497221e-02 
 7.07945784e+03 -2.22863131e+01  7.65931566e-02 
 7.24435960e+03 -2.22863009e+01  7.83771981e-02 
 7.41310241e+03 -2.22862881e+01  8.02027922e-02 
 7.58577575e+03 -2.22862747e+01  8.20709066e-02 
 7.76247117e+03 -2.22862607e+01  8.39825316e-02 
 7.94328235e+03 -2.22862460e+01  8.59386802e-02 
 8.12830516e+03 -2.22862306e+01  8.79403895e-02 
 8.31763771e+03 -2.22862145e+01  8.99887202e-02 
 8.51138038e+03 -2.22861976e+01  9.20847582e-02 
 8.70963590e+03 -2.22861800e+01  9.42296142e-02 
 8.91250938e+03 -2.22861615e+01  9.64244251e-02 
 9.12010839e+03 -2.22861421e+01  9.86703540e-02 
 9.33254301e+03 -2.22861218e+01  1.00968591e-01 
 9.54992586e+03 -2.22861006e+01  1.03320355e-01 
 9.77237221e+03 -2.22860784e+01  1.05726891e-01 
 1.00000000e+04 -2.22860551e+01  1.08189476e-01 
 1.02329299e+04 -2.22860307e+01  1.10709413e-01 
 1.04712855e+04 -2.22860052e+01  1.13288039e-01 
 1.07151931e+04 -2.22859784e+01  1.15926719e-01 
 1.09647820e+04 -2.22859504e+01  1.18626853e-01 
 1.12201845e+04 -2.22859211e+01  1.21389870e-01 
 1.14815362e+04 -2.22858904e+01  1.24217235e-01 
 1.17489755e+04 -2.22858583e+01  1.27110445e-01 
 1.20226443e+04 -2.22858246e+01  1.30071034e-01 
 1.23026877e+04 -2.22857894e+01  1.33100571e-01 
 1.25892541e+04 -2.22857525e+01  1.36200659e-01 
 1.28824955e+04 -2.22857139e+01  1.39372942e-01 
 1.31825674e+04 -2.22856734e+01  1.42619100e-01 
 1.34896288e+04 -2.22856310e+01  1.45940852e-01 
 1.38038426e+04 -2.22855867e+01  1.49339959e-01 
 1.41253754e+04 -2.22855402e+01  1.52818220e-01 
 1.44543977e+04 -2.22854916e+01  1.56377477e-01 
 1.47910839e+04 -2.22854407e+01  1.60019616e-01 
 1.51356125e+04 -2.22853873e+01  1.63746566e-01 
 1.54881662e+04 -2.22853315e+01  1.67560300e-01 
 1.58489319e+04 -2.22852730e+01  1.71462838e-01 
 1.62181010e+04 -2.22852118e+01  1.75456245e-01 
 1.65958691e+04 -2.22851476e+01  1.79542638e-01 
 1.69824365e+04 -2.22850805e+01  1.83724178e-01 
 1.73780083e+04 -2.22850102e+01  1.88003079e-01 
 1.77827941e+04 -2.22849366e+01  1.92381608e-01 
 1.81970086e+04 -2.22848595e+01  1.96862081e-01 
 1.86208714e+04 -2.22847787e+01  2.01446869e-01 
 1.90546072e+04 -2.22846942e+01  2.06138399e-01 
 1.94984460e+04 -2.22846057e+01  2.10939154e-01 
 1.99526231e+04 -2.22845130e+01  2.15851674e-01 
 2.04173794e+04 -2.22844160e+01  2.20878559e-01 
 2.08929613e+04 -2.22843144e+01  2.26022466e-01 
 2.13796209e+04 -2.22842080e+01  2.31286118e-01 
 2.18776162e+04 -2.22840966e+01  2.36672299e-01 
 2.23872114e+04 -2.22839799e+01  2.42183856e-01 
 2.29086765e+04 -2.22838577e+01  2.47823704e-01 
 2.34422882e+04 -2.22837298e+01  2.53594826e-01 
 2.39883292e+04 -2.22835958e+01  2.59500272e-01 
 2.45470892e+04 -2.22834555e+01  2.65543163e-01 
 2.51188643e+04 -2.22833087e+01  2.71726694e-01 
 2.57039578e+04 -2.22831549e+01  2.78054132e-01 
 2.63026799e+04 -2.22829938e+01  2.84528820e-01 
 2.69153480e+04 -2.22828252e+01  2.91154178e-01 
 2.75422870e+04 -2.22826486e+01  2.97933705e-01 
 2.81838293e+04 -2.22824638e+01  3.04870981e-01 
 2.88403150e+04 -2.22822702e+01  3.11969669e-01 
 2.95120923e+04 -2.22820675e+01  3.19233517e-01 
 3.01995172e+04 -2.22818552e+01  3.26666355e-01 
 3.09029543e+04 -2.22816329e+01  3.34272109e-01 
 3.16227766e+04 -2.22814002e+01  3.42054788e-01 
 3.23593657e+04 -2.22811565e+01  3.50018497e-01 
 3.31131121e+04 -2.22809013e+01  3.58167436e-01 
 3.38844156e+04 -2.22806341e+01  3.66505899e-01 
 3.46736850e+04 -2.22803544e+01  3.75038280e-01 
 3.54813389e+04 -2.22800614e+01  3.83769075e-01 
 3.63078055e+04 -2.22797546e+01  3.92702880e-01 
 3.71535229e+04 -2.22794334e+01  4.01844400e-01 
 3.80189396e+04 -2.22790971e+01  4.11198445e-01 
 3.89045145e+04 -2.22787449e+01  4.20769937e-01 
 3.98107171e+04 -2.22783762e+01  4.30563910e-01 
 4.07380278e+04 -2.22779900e+01  4.40585511e-01 
 4.16869383e+04 -2.22775857e+01  4.50840007e-01 
 4.26579519e+04 -2.22771623e+01  4.61332785e-01 
 4.36515832e+04 -2.22767190e+01  4.72069355e-01 
 4.46683592e+04 -2.22762549e+01  4.83055351e-01 
 4.57088190e+04 -2.22757689e+01  4.94296535e-01 
 4.67735141e+04 -2.22752600e+01  5.05798801e-01 
 4.78630092e+04 -2.22747271e+01  5.17568176e-01 
 4.89778819e+04 -2.22741691e+01  5.29610820e-01 
 5.01187234e+04 -2.22735849e+01  5.41933043e-01 
 5.12861384e+04 -2.22729732e+01  5.54541287e-01 
 5.24807460e+04 -2.22723327e+01  5.67442143e-01 
 5.37031796e+04 -2.22716621e+01  5.80642350e-01 
 5.49540874e+04 -2.22709598e+01  5.94148796e-01 
 5.62341325e+04 -2.22702245e+01  6.07968532e-01 
 5.75439937e+04 -2.22694547e+01  6.22108759e-01 
 5.88843655e+04 -2.22686486e+01  6.36576842e-01 
 6.02559586e+04 -2.22678046e+01  6.51380308e-01 
 6.16595002e+04 -2.22669209e+01  6.66526855e-01 
 6.30957344e+04 -2.22659956e+01  6.82024348e-01 
 6.45654229e+04 -2.22650267e+01  6.97880828e-01 
 6.60693448e+04 -2.22640123e+01  7.14104519e-01 
 6.76082975e+04 -2.22629502e+01  7.30703820e-01 
 6.91830971e+04 -2.22618381e+01  7.47687315e-01 
 7.07945784e+04 -2.22606738e+01  7.65063782e-01 
 7.24435960e+04 -2.22594547e+01  7.82842185e-01 
 7.41310241e+04 -2.22581782e+01  8.01031682e-01 
 7.58577575e+04 -2.22568418e+01  8.19641640e-01 
 7.76247117e+04 -2.22554426e+01  8.38681622e-01 
 7.94328235e+04 -2.22539777e+01  8.58161394e-01 
 8.12830516e+04 -2.22524438e+01  8.78090933e-01 
 8.31763771e+04 -2.22508379e+01  8.98480441e-01 
 8.51138038e+04 -2.22491566e+01  9.19340321e-01 
 8.70963590e+04 -2.22473963e+01  9.40681212e-01 
 8.91250938e+04 -2.22455533e+01  9.62513961e-01 
 9.12010839e+04 -2.22436238e+01  9.84849664e-01 
 9.33254301e+04 -2.22416038e+01  1.00769963e+00 
 9.54992586e+04 -2.22394888e+01  1.03107541e+00 
 9.77237221e+04 -2.22372747e+01  1.05498879e+00 
 1.00000000e+05 -2.22349566e+01  1.07945182e+00 
 1.02329299e+05 -2.22325298e+01  1.10447676e+00 
 1.04712855e+05 -2.22299893e+01  1.13007614e+00 
 1.07151931e+05 -2.22273296e+01  1.15626275e+00 
 1.09647820e+05 -2.22245452e+01  1.18304960e+00 
 1.12201845e+05 -2.22216303e+01  1.21045001e+00 
 1.14815362e+05 -2.22185789e+01  1.23847752e+00 
 1.17489755e+05 -2.22153845e+01  1.26714593e+00 
 1.20226443e+05 -2.22120406e+01  1.29646935e+00 
 1.23026877e+05 -2.22085401e+01  1.32646211e+00 
 1.25892541e+05 -2.22048759e+01  1.35713885e+00 
 1.28824955e+05 -2.22010402e+01  1.38851443e+00 
 1.31825674e+05 -2.21970251e+01  1.42060404e+00 
 1.34896288e+05 -2.21928224e+01  1.45342312e+00 
 1.38038426e+05 -2.21884232e+01  1.48698737e+00 
 1.41253754e+05 -2.21838186e+01  1.52131280e+00 
 1.44543977e+05 -2.21789990e+01  1.55641568e+00 
 1.47910839e+05 -2.21739544e+01  1.59231253e+00 
 1.51356125e+05 -2.21686746e+01  1.62902020e+00 
 1.54881662e+05 -2.21631485e+01  1.66655577e+00 
 1.58489319e+05 -2.21573649e+01  1.70493661e+00 
 1.62181010e+05 -2.21513119e+01  1.74418036e+00 
 1.65958691e+05 -2.21449772e+01  1.78430493e+00 
 1.69824365e+05 -2.21383477e+01  1.82532847e+00 
 1.73780083e+05 -2.21314100e+01  1.86726944e+00 
 1.77827941e+05 -2.21241499e+01  1.91014650e+00 
 1.81970086e+05 -2.21165527e+01  1.95397859e+00 
 1.86208714e+05 -2.21086029e+01  1.99878488e+00 
 1.90546072e+05 -2.21002845e+01  2.04458478e+00 
 1.94984460e+05 -2.20915806e+01  2.09139791e+00 
 1.99526231e+05 -2.20824738e+01  2.13924413e+00 
 2.04173794e+05 -2.20729457e+01  2.18814346e+00 
 2.08929613e+05 -2.20629772e+01  2.23811615e+00 
 2.13796209e+05 -2.20525485e+01  2.28918263e+00 
 2.18776162e+05 -2.20416386e+01  2.34136344e+00 
 2.23872114e+05 -2.20302260e+01  2.39467931e+00 
 2.29086765e+05 -2.20182880e+01  2.44915107e+00 
 2.34422882e+05 -2.20058009e+01  2.50479965e+00 
 2.39883292e+05 -2.19927404e+01  2.56164608e+00 
 2.45470892e+05 -2.19790807e+01  2.61971144e+00 
 2.51188643e+05 -2.19647950e+01  2.67901679e+00 
 2.57039578e+05 -2.19498557e+01  2.73958327e+00 
 2.63026799e+05 -2.19342337e+01  2.80143191e+00 
 2.69153480e+05 -2.19178990e+01  2.86458370e+00 
 2.75422870e+05 -2.19008201e+01  2.92905957e+00 
 2.81838293e+05 -2.18829643e+01  2.99488019e+00 
 2.88403150e+05 -2.18642977e+01  3.06206614e+00 
 2.95120923e+05 -2.18447850e+01  3.13063771e+00 
 3.01995172e+05 -2.18243893e+01  3.20061493e+00 
 3.09029543e+05 -2.18030726e+01  3.27201745e+00 
 3.16227766e+05 -2.17807952e+01  3.34486453e+00 
 3.23593657e+05 -2.17575158e+01  3.41917499e+00 
 3.31131121e+05 -2.17331917e+01  3.49496709e+00 
 3.38844156e+05 -2.17077786e+01  3.57225850e+00 
 3.46736850e+05 -2.16812304e+01  3.65106620e+00 
 3.54813389e+05 -2.16534995e+01  3.73140645e+00 
 3.63078055e+05 -2.16245363e+01  3.81329458e+00 
 3.71535229e+05 -2.15942898e+01  3.89674507e+00 
 3.80189396e+05 -2.15627070e+01  3.98177133e+00 
 3.89045145e+05 -2.15297330e+01  4.06838564e+00 
 3.98107171e+05 -2.14953112e+01  4.15659904e+00 
 4.07380278e+05 -2.14593830e+01  4.24642123e+00 
 4.16869383e+05 -2.14218882e+01  4.33786040e+00 
 4.26579519e+05 -2.13827641e+01  4.43092312e+00 
 4.36515832e+05 -2.13419466e+01  4.52561432e+00 
 4.46683592e+05 -2.12993694e+01  4.62193694e+00 
 4.57088190e+05 -2.12549645e+01  4.71989199e+00 
 4.67735141e+05 -2.12086617e+01  4.81947830e+00 
 4.78630092e+05 -2.11603889e+01  4.92069232e+00 
 4.89778819e+05 -2.11100723e+01  5.02352802e+00 
 5.01187234e+05 -2.10576361e+01  5.12797678e+00 
 5.12861384e+05 -2.10030026e+01  5.23402705e+00 
 5.24807460e+05 -2.09460925e+01  5.34166429e+00 
 5.37031796e+05 -2.08868245e+01  5.45087078e+00 
 5.49540874e+05 -2.08251159e+01  5.56162531e+00 
 5.62341325e+05 -2.07608822e+01  5.67390319e+00 
 5.75439937e+05 -2.06940378e+01  5.78767586e+00 
 5.88843655e+05 -2.06244953e+01  5.90291072e+00 
 6.02559586e+05 -2.05521664e+01  6.01957104e+00 
 6.16595002e+05 -2.04769615e+01  6.13761559e+00 
 6.30957344e+05 -2.03987903e+01  6.25699857e+00 
 6.45654229e+05 -2.03175614e+01  6.37766924e+00 
 6.60693448e+05 -2.02331834e+01  6.49957197e+00 
 6.76082975e+05 -2.01455641e+01  6.62264566e+00 
 6.91830971e+05 -2.00546115e+01  6.74682394e+00 
 7.07945784e+05 -1.99602338e+01  6.87203475e+00 
 7.24435960e+05 -1.98623395e+01  6.99820008e+00 
 7.41310241e+05 -1.97608381e+01  7.12523605e+00 
 7.58577575e+05 -1.96556401e+01  7.25305250e+00 
 7.76247117e+05 -1.95466576e+01  7.38155304e+00 
 7.94328235e+05 -1.94338045e+01  7.51063476e+00 
 8.12830516e+05 -1.93169969e+01  7.64018824e+00 
 8.31763771e+05 -1.91961539e+01  7.77009736e+00 
 8.51138038e+05 -1.90711973e+01  7.90023929e+00 
 8.70963590e+05 -1.89420529e+01  8.03048441e+00 
 8.91250938e+05 -1.88086505e+01  8.16069647e+00 
 9.12010839e+05 -1.86709245e+01  8.29073234e+00 
 9.33254301e+05 -1.85288144e+01  8.42044228e+00 
 9.54992586e+05 -1.83822654e+01  8.54967000e+00 
 9.77237221e+05 -1.82312290e+01  8.67825277e+00 
 1.00000000e+06 -1.80756634e+01  8.80602157e+00 
 1.02329299e+06 -1.79155342e+01  8.93280153e+00 
 1.04712855e+06 -1.77508149e+01  9.05841193e+00 
 1.07151931e+06 -1.75814875e+01  9.18266674e+00 
 1.09647820e+06 -1.74075429e+01  9.30537497e+00 
 1.12201845e+06 -1.72289817e+01  9.42634105e+00 
 1.14815362e+06 -1.70458145e+01  9.54536535e+00 
 1.17489755e+06 -1.68580624e+01  9.66224482e+00 
 1.20226443e+06 -1.66657577e+01  9.77677346e+00 
 1.23026877e+06 -1.64689440e+01  9.88874310e+00 
 1.25892541e+06 -1.62676769e+01  9.99794402e+00 
 1.28824955e+06 -1.60620241e+01  1.01041657e+01 
 1.31825674e+06 -1.58520658e+01  1.02071979e+01 
 1.34896288e+06 -1.56378949e+01  1.03068310e+01 
 1.38038426e+06 -1.54196172e+01  1.04028572e+01 
 1.41253754e+06 -1.51973514e+01  1.04950716e+01 
 1.44543977e+06 -1.49712292e+01  1.05832727e+01 
 1.47910839e+06 -1.47413953e+01  1.06672637e+01 
 1.51356125e+06 -1.45080072e+01  1.07468536e+01 
 1.54881662e+06 -1.42712348e+01  1.08218576e+01 
 1.58489319e+06 -1.40312602e+01  1.08920986e+01 
 1.62181010e+06 -1.37882777e+01  1.09574078e+01 
 1.65958691e+06 -1.35424925e+01  1.10176263e+01 
 1.69824365e+06 -1.32941209e+01  1.10726050e+01 
 1.73780083e+06 -1.30433891e+01  1.11222063e+01 
 1.77827941e+06 -1.27905328e+01  1.11663044e+01 
 1.81970086e+06 -1.25357963e+01  1.12047866e+01 
 1.86208714e+06 -1.22794312e+01  1.12375533e+01 
 1.90546072e+06 -1.20216963e+01  1.12645191e+01 
 1.94984460e+06 -1.17628558e+01  1.12856134e+01 
 1.99526231e+06 -1.15031784e+01  1.13007803e+01 
 2.04173794e+06 -1.12429367e+01  1.13099797e+01 
 2.08929613e+06 -1.09824054e+01  1.13131869e+01 
 2.13796209e+06 -1.07218605e+01  1.13103931e+01 
 2.18776162e+06 -1.04615781e+01  1.13016055e+01 
 2.23872114e+06 -1.02018330e+01  1.12868470e+01 
 2.29086765e+06 -9.94289811e+00  1.12661562e+01 
 2.34422882e+06 -9.68504253e+00  1.12395872e+01 
 2.39883292e+06 -9.42853108e+00  1.12072093e+01 
 2.45470892e+06 -9.17362292e+00  1.11691062e+01 
 2.51188643e+06 -8.92057061e+00  1.11253759e+01 
 2.57039578e+06 -8.66961918e+00  1.10761300e+01 
 2.63026799e+06 -8.42100515e+00  1.10214928e+01 
 2.69153480e+06 -8.17495579e+00  1.09616007e+01 
 2.75422870e+06 -7.93168829e+00  1.08966015e+01 
 2.81838293e+06 -7.69140917e+00  1.08266532e+01 
 2.88403150e+06 -7.45431363e+00  1.07519236e+01 
 2.95120923e+06 -7.22058510e+00  1.06725888e+01 
 3.01995172e+06 -6.99039478e+00  1.05888326e+01 
 3.09029543e+06 -6.76390139e+00  1.05008457e+01 
 3.16227766e+06 -6.54125083e+00  1.04088241e+01 
 3.23593657e+06 -6.32257612e+00  1.03129688e+01 
 3.31131121e+06 -6.10799732e+00  1.02134842e+01 
 3.38844156e+06 -5.89762148e+00  1.01105780e+01 
 3.46736850e+06 -5.69154278e+00  1.00044591e+01 
 3.54813389e+06 -5.48984271e+00  9.89533811e+00 
 3.63078055e+06 -5.29259020e+00  9.78342519e+00 
 3.71535229e+06 -5.09984199e+00  9.66893014e+00 
 3.80189396e+06 -4.91164293e+00  9.55206117e+00 
 3.89045145e+06 -4.72802636e+00  9.43302445e+00 
 3.98107171e+06 -4.54901454e+00  9.31202322e+00 
 4.07380278e+06 -4.37461913e+00  9.18925734e+00 
 4.16869383e+06 -4.20484164e+00  9.06492272e+00 
 4.26579519e+06 -4.03967400e+00  8.93921068e+00 
 4.36515832e+06 -3.87909907e+00  8.81230766e+00 
 4.46683592e+06 -3.72309115e+00  8.68439477e+00 
 4.57088190e+06 -3.57161662e+00  8.55564741e+00 
 4.67735141e+06 -3.42463444e+00  8.42623503e+00 
 4.78630092e+06 -3.28209671e+00  8.29632085e+00 
 4.89778819e+06 -3.14394929e+00  8.16606171e+00 
 5.01187234e+06 -3.01013228e+00  8.03560786e+00 
 5.12861384e+06 -2.88058057e+00  7.90510292e+00 
 5.24807460e+06 -2.75522441e+00  7.77468377e+00 
 5.37031796e+06 -2.63398989e+00  7.64448051e+00 
 5.49540874e+06 -2.51679941e+00  7.51461649e+00 
 5.62341325e+06 -2.40357218e+00  7.38520836e+00 
 5.75439937e+06 -2.29422469e+00  7.25636607e+00 
 5.88843655e+06 -2.18867107e+00  7.12819301e+00 
 6.02559586e+06 -2.08682358e+00  7.00078609e+00 
 6.16595002e+06 -1.98859293e+00  6.87423591e+00 
 6.30957344e+06 -1.89388870e+00  6.74862684e+00 
 6.45654229e+06 -1.80261958e+00  6.62403725e+00 
 6.60693448e+06 -1.71469379e+00  6.50053965e+00 
 6.76082975e+06 -1.63001932e+00  6.37820086e+00 
 6.91830971e+06 -1.54850419e+00  6.25708224e+00 
 7.07945784e+06 -1.47005672e+00  6.13723986e+00 
 7.24435960e+06 -1.39458573e+00  6.01872474e+00 
 7.41310241e+06 -1.32200077e+00  5.90158298e+00 
 7.58577575e+06 -1.25221228e+00  5.78585607e+00 
 7.76247117e+06 -1.18513179e+00  5.67158104e+00 
 7.94328235e+06 -1.12067202e+00  5.55879067e+00 
 8.12830516e+06 -1.05874707e+00  5.44751373e+00 
 8.31763771e+06 -9.99272459e-01  5.33777513e+00 
 8.51138038e+06 -9.42165311e-01  5.22959619e+00 
 8.70963590e+06 -8.87344378e-01  5.12299479e+00 
 8.91250938e+06 -8.34730147e-01  5.01798557e+00 
 9.12010839e+06 -7.84244881e-01  4.91458016e+00 
 9.33254301e+06 -7.35812683e-01  4.81278727e+00 
 9.54992586e+06 -6.89359526e-01  4.71261298e+00 
 9.77237221e+06 -6.44813290e-01  4.61406083e+00 
 1.00000000e+07 -6.02103774e-01  4.51713202e+00 
 1.02329299e+07 -5.61162725e-01  4.42182557e+00 
 1.04712855e+07 -5.21923825e-01  4.32813843e+00 
 1.07151931e+07 -4.84322704e-01  4.23606570e+00 
 1.09647820e+07 -4.48296922e-01  4.14560071e+00 
 1.12201845e+07 -4.13785972e-01  4.05673516e+00 
 1.14815362e+07 -3.80731252e-01  3.96945928e+00 
 1.17489755e+07 -3.49076041e-01  3.88376191e+00 
 1.20226443e+07 -3.18765483e-01  3.79963064e+00 
 1.23026877e+07 -2.89746560e-01  3.71705192e+00 
 1.25892541e+07 -2.61968055e-01  3.63601114e+00 
 1.28824955e+07 -2.35380514e-01  3.55649274e+00 
 1.31825674e+07 -2.09936231e-01  3.47848032e+00 
 1.34896288e+07 -1.85589186e-01  3.40195668e+00 
 1.38038426e+07 -1.62295023e-01  3.32690396e+00 
 1.41253754e+07 -1.40011008e-01  3.25330366e+00 
 1.44543977e+07 -1.18695983e-01  3.18113676e+00 
 1.47910839e+07 -9.83103318e-02  3.11038375e+00 
 1.51356125e+07 -7.88159316e-02  3.04102471e+00 
 1.54881662e+07 -6.01761180e-02  2.97303936e+00 
 1.58489319e+07 -4.23556395e-02  2.90640714e+00 
 1.62181010e+07 -2.53206170e-02  2.84110723e+00 
 1.65958691e+07 -9.03850156e-03  2.77711860e+00 
 1.69824365e+07  6.52196864e-03  2.71442009e+00 
 1.73780083e+07  2.13908011e-02  2.65299040e+00 
 1.77827941e+07  3.55967995e-02  2.59280816e+00 
 1.81970086e+07  4.91675979e-02  2.53385197e+00 
 1.86208714e+07  6.21296977e-02  2.47610042e+00 
 1.90546072e+07  7.45085117e-02  2.41953210e+00 
 1.94984460e+07  8.63283946e-02  2.36412568e+00 
 1.99526231e+07  9.76126842e-02  2.30985987e+00 
 2.04173794e+07  1.08383736e-01  2.25671352e+00 
 2.08929613e+07  1.18662957e-01  2.20466556e+00 
 2.13796209e+07  1.28470842e-01  2.15369509e+00 
 2.18776162e+07  1.37827003e-01  2.10378136e+00 
 2.23872114e+07  1.46750202e-01  2.05490377e+00 
 2.29086765e+07  1.55258384e-01  2.00704193e+00 
 2.34422882e+07  1.63368707e-01  1.96017567e+00 
 2.39883292e+07  1.71097569e-01  1.91428499e+00 
 2.45470892e+07  1.78460636e-01  1.86935016e+00 
 2.51188643e+07  1.85472874e-01  1.82535165e+00 
 2.57039578e+07  1.92148568e-01  1.78227019e+00 
 2.63026799e+07  1.98501354e-01  1.74008676e+00 
 2.69153480e+07  2.04544240e-01  1.69878261e+00 
 2.75422870e+07  2.10289631e-01  1.65833922e+00 
 2.81838293e+07  2.15749352e-01  1.61873839e+00 
 2.88403150e+07  2.20934670e-01  1.57996215e+00 
 2.95120923e+07  2.25856313e-01  1.54199283e+00 
 3.01995172e+07  2.30524493e-01  1.50481305e+00 
 3.09029543e+07  2.34948926e-01  1.46840569e+00 
 3.16227766e+07  2.39138849e-01  1.43275395e+00 
 3.23593657e+07  2.43103040e-01  1.39784129e+00 
 3.31131121e+07  2.46849833e-01  1.36365148e+00 
 3.38844156e+07  2.50387139e-01  1.33016858e+00 
 3.46736850e+07  2.53722459e-01  1.29737694e+00 
 3.54813389e+07  2.56862901e-01  1.26526121e+00 
 3.63078055e+07  2.59815192e-01  1.23380633e+00 
 3.71535229e+07  2.62585698e-01  1.20299754e+00 
 3.80189396e+07  2.65180436e-01  1.17282037e+00 
 3.89045145e+07  2.67605084e-01  1.14326067e+00 
 3.98107171e+07  2.69864997e-01  1.11430454e+00 
 4.07380278e+07  2.71965223e-01  1.08593843e+00 
 4.16869383e+07  2.73910507e-01  1.05814905e+00 
 4.26579519e+07  2.75705310e-01  1.03092341e+00 
 4.36515832e+07  2.77353818e-01  1.00424882e+00 
 4.46683592e+07  2.78859953e-01  9.78112887e-01 
 4.57088190e+07  2.80227383e-01  9.52503513e-01 
 4.67735141e+07  2.81459535e-01  9.27408889e-01 
 4.78630092e+07  2.82559603e-01  9.02817501e-01 
 4.89778819e+07  2.83530560e-01  8.78718127e-01 
 5.01187234e+07  2.84375167e-01  8.55099840e-01 
 5.12861384e+07  2.85095984e-01  8.31952004e-01 
 5.24807460e+07  2.85695376e-01  8.09264274e-01 
 5.37031796e+07  2.86175530e-01  7.87026597e-01 
 5.49540874e+07  2.86538456e-01  7.65229213e-01 
 5.62341325e+07  2.86786005e-01  7.43862648e-01 
 5.75439937e+07  2.86919871e-01  7.22917724e-01 
 5.88843655e+07  2.86941606e-01  7.02385546e-01 
 6.02559586e+07  2.86852626e-01  6.82257514e-01 
 6.16595002e+07  2.86654226e-01  6.62525312e-01 
 6.30957344e+07  2.86347583e-01  6.43180915e-01 
 6.45654229e+07  2.85933769e-01  6.24216582e-01 
 6.60693448e+07  2.85413765e-01  6.05624861e-01 
 6.76082975e+07  2.84788464e-01  5.87398580e-01 
 6.91830971e+07  2.84058687e-01  5.69530855e-01 
 7.07945784e+07  2.83225190e-01  5.52015080e-01 
 7.24435960e+07  2.82288676e-01  5.34844930e-01 
 7.41310241e+07  2.81249807e-01  5.18014358e-01 
 7.58577575e+07  2.80109213e-01  5.01517590e-01 
 7.76247117e+07  2.78867504e-01  4.85349122e-01 
 7.94328235e+07  2.77525281e-01  4.69503723e-01 
 8.12830516e+07  2.76083149e-01  4.53976421e-01 
 8.31763771e+07  2.74541723e-01  4.38762506e-01 
 8.51138038e+07  2.72901647e-01  4.23857520e-01 
 8.70963590e+07  2.71163600e-01  4.09257256e-01 
 8.91250938e+07  2.69328310e-01  3.94957747e-01 
 9.12010839e+07  2.67396564e-01  3.80955260e-01 
 9.33254301e+07  2.65369219e-01  3.67246292e-01 
 9.54992586e+07  2.63247214e-01  3.53827555e-01 
 9.77237221e+07  2.61031581e-01  3.40695974e-01 
 1.00000000e+08  2.58723454e-01  3.27848668e-01 
 1.02329299e+08  2.56324078e-01  3.15282947e-01 
 1.04712855e+08  2.53834823e-01  3.02996297e-01 
 1.07151931e+08  2.51257186e-01  2.90986367e-01 
 1.09647820e+08  2.48592806e-01  2.79250956e-01 
 1.12201845e+08  2.45843465e-01  2.67788000e-01 
 1.14815362e+08  2.43011100e-01  2.56595558e-01 
 1.17489755e+08  2.40097804e-01  2.45671794e-01 
 1.20226443e+08  2.37105834e-01  2.35014964e-01 
 1.23026877e+08  2.34037610e-01  2.24623398e-01 
 1.25892541e+08  2.30895724e-01  2.14495483e-01 
 1.28824955e+08  2.27682934e-01  2.04629648e-01 
 1.31825674e+08  2.24402167e-01  1.95024347e-01 
 1.34896288e+08  2.21056517e-01  1.85678039e-01 
 1.38038426e+08  2.17649241e-01  1.76589172e-01 
 1.41253754e+08  2.14183757e-01  1.67756169e-01 
 1.44543977e+08  2.10663635e-01  1.59177406e-01 
 1.47910839e+08  2.07092590e-01  1.50851201e-01 
 1.51356125e+08  2.03474478e-01  1.42775796e-01 
 1.54881662e+08  1.99813278e-01  1.34949343e-01 
 1.58489319e+08  1.96113089e-01  1.27369886e-01 
 1.62181010e+08  1.92378112e-01  1.20035357e-01 
 1.65958691e+08  1.88612639e-01  1.12943556e-01 
 1.69824365e+08  1.84821040e-01  1.06092144e-01 
 1.73780083e+08  1.81007743e-01  9.94786328e-02 
 1.77827941e+08  1.77177223e-01  9.31003788e-02 
 1.81970086e+08  1.73333983e-01  8.69545746e-02 
 1.86208714e+08  1.69482539e-01  8.10382463e-02 
 1.90546072e+08  1.65627397e-01  7.53482487e-02 
 1.94984460e+08  1.61773046e-01  6.98812650e-02 
 1.99526231e+08  1.57923931e-01  6.46338062e-02 
 2.04173794e+08  1.54084441e-01  5.96022131e-02 
 2.08929613e+08  1.50258892e-01  5.47826593e-02 
 2.13796209e+08  1.46451508e-01  5.01711559e-02 
 2.18776162e+08  1.42666410e-01  4.57635578e-02 
 2.23872114e+08  1.38907598e-01  4.15555710e-02 
 2.29086765e+08  1.35178938e-01  3.75427614e-02 
 2.34422882e+08  1.31484152e-01  3.37205639e-02 
 2.39883292e+08  1.27826803e-01  3.00842939e-02 
 2.45470892e+08  1.24210284e-01  2.66291590e-02 
 2.51188643e+08  1.20637813e-01  2.33502702e-02 
 2.57039578e+08  1.17112422e-01  2.02426562e-02 
 2.63026799e+08  1.13636954e-01  1.73012755e-02 
 2.69153480e+08  1.10214051e-01  1.45210307e-02 
 2.75422870e+08  1.06846158e-01  1.18967822e-02 
 2.81838293e+08  1.03535517e-01  9.42336177e-03 
 2.88403150e+08  1.00284163e-01  7.09558640e-03 
 2.95120923e+08  9.70939292e-02  4.90827188e-03 
 3.01995172e+08  9.39664457e-02  2.85624583e-03 
 3.09029543e+08  9.09031406e-02  9.34360361e-04 
 3.16227766e+08  8.79052449e-02 -8.62495546e-04 
 3.23593657e+08  8.49737961e-02 -2.53938421e-03 
 3.31131121e+08  8.21096431e-02 -4.10130880e-03 
 3.38844156e+08  7.93134524e-02 -5.55320249e-03 
 3.46736850e+08  7.65857142e-02 -6.89991922e-03 
 3.54813389e+08  7.39267495e-02 -8.14622481e-03 
 3.63078055e+08  7.13367177e-02 -9.29678898e-03 
 3.71535229e+08  6.88156247e-02 -1.03561783e-02 
 3.80189396e+08  6.63633308e-02 -1.13288499e-02 
 3.89045145e+08  6.39795593e-02 -1.22191455e-02 
 3.98107171e+08  6.16639053e-02 -1.30312874e-02 
 4.07380278e+08  5.94158443e-02 -1.37693738e-02 
 4.16869383e+08  5.72347408e-02 -1.44373762e-02 
 4.26579519e+08  5.51198572e-02 -1.50391362e-02 
 4.36515832e+08  5.30703621e-02 -1.55783646e-02 
 4.46683592e+08  5.10853393e-02 -1.60586393e-02 
 4.57088190e+08  4.91637952e-02 -1.64834053e-02 
 4.67735141e+08  4.73046674e-02 -1.68559746e-02 
 4.78630092e+08  4.55068323e-02 -1.71795268e-02 
 4.89778819e+08  4.37691124e-02 -1.74571096e-02 
 5.01187234e+08  4.20902836e-02 -1.76916409e-02 
 5.12861384e+08  4.04690817e-02 -1.78859103e-02 
 5.24807460e+08  3.89042092e-02 -1.80425809e-02 
 5.37031796e+08  3.73943411e-02 -1.81641926e-02 
 5.49540874e+08  3.59381307e-02 -1.82531641e-02 
 5.62341325e+08  3.45342149e-02 -1.83117961e-02 
 5.75439937e+08  3.31812196e-02 -1.83422744e-02 
 5.88843655e+08  3.18777635e-02 -1.83466733e-02 
 6.02559586e+08  3.06224633e-02 -1.83269593e-02 
 6.16595002e+08  2.94139370e-02 -1.82849937e-02 
 6.30957344e+08  2.82508081e-02 -1.82225374e-02 
 6.45654229e+08  2.71317082e-02 -1.81412537e-02 
 6.60693448e+08  2.60552805e-02 -1.80427123e-02 
 6.76082975e+08  2.50201824e-02 -1.79283930e-02 
 6.91830971e+08  2.40250879e-02 -1.77996892e-02 
 7.07945784e+08  2.30686896e-02 -1.76579117e-02 
 7.24435960e+08  2.21497009e-02 -1.75042922e-02 
 7.41310241e+08  2.12668573e-02 -1.73399869e-02 
 7.58577575e+08  2.04189183e-02 -1.71660800e-02 
 7.76247117e+08  1.96046681e-02 -1.69835869e-02 
 7.94328235e+08  1.88229170e-02 -1.67934578e-02 
 8.12830516e+08  1.80725024e-02 -1.65965806e-02 
 8.31763771e+08  1.73522890e-02 -1.63937842e-02 
 8.51138038e+08  1.66611697e-02 -1.61858417e-02 
 8.70963590e+08  1.59980661e-02 -1.59734729e-02 
 8.91250938e+08  1.53619285e-02 -1.57573474e-02 
 9.12010839e+08  1.47517362e-02 -1.55380873e-02 
 9.33254301e+08  1.41664976e-02 -1.53162697e-02 
 9.54992586e+08  1.36052499e-02 -1.50924294e-02 
 9.77237221e+08  1.30670596e-02 -1.48670609e-02 
 1.00000000e+09  1.25510215e-02 -1.46406211e-02 
 1.02329299e+09  1.20562591e-02 -1.44135312e-02 
 1.04712855e+09  1.15819239e-02 -1.41861791e-02 
 1.07151931e+09  1.11271953e-02 -1.39589209e-02 
 1.09647820e+09  1.06912797e-02 -1.37320833e-02 
 1.12201845e+09  1.02734107e-02 -1.35059651e-02 
 1.14815362e+09  9.87284814e-03 -1.32808388e-02 
 1.17489755e+09  9.48887770e-03 -1.30569526e-02 
 1.20226443e+09  9.12081038e-03 -1.28345316e-02 
 1.23026877e+09  8.76798198e-03 -1.26137796e-02 
 1.25892541e+09  8.42975246e-03 -1.23948799e-02 
 1.28824955e+09  8.10550535e-03 -1.21779971e-02 
 1.31825674e+09  7.79464723e-03 -1.19632784e-02 
 1.34896288e+09  7.49660705e-03 -1.17508541e-02 
 1.38038426e+09  7.21083558e-03 -1.15408397e-02 
 1.41253754e+09  6.93680482e-03 -1.13333358e-02 
 1.44543977e+09  6.67400735e-03 -1.11284302e-02 
 1.47910839e+09  6.42195579e-03 -1.09261980e-02 
 1.51356125e+09  6.18018221e-03 -1.07267029e-02 
 1.54881662e+09  5.94823752e-03 -1.05299976e-02 
 1.58489319e+09  5.72569092e-03 -1.03361255e-02 
 1.62181010e+09  5.51212934e-03 -1.01451201e-02 
 1.65958691e+09  5.30715687e-03 -9.95700696e-03 
 1.69824365e+09  5.11039426e-03 -9.77180358e-03 
 1.73780083e+09  4.92147833e-03 -9.58952027e-03 
 1.77827941e+09  4.74006147e-03 -9.41016078e-03 
 1.81970086e+09  4.56581116e-03 -9.23372275e-03 
 1.86208714e+09  4.39840942e-03 -9.06019831e-03 
 1.90546072e+09  4.23755235e-03 -8.88957456e-03 
 1.94984460e+09  4.08294966e-03 -8.72183404e-03 
 1.99526231e+09  3.93432415e-03 -8.55695516e-03 
 2.04173794e+09  3.79141131e-03 -8.39491263e-03 
 2.08929613e+09  3.65395884e-03 -8.23567788e-03 
 2.13796209e+09  3.52172619e-03 -8.07921942e-03 
 2.18776162e+09  3.39448418e-03 -7.92550320e-03 
 2.23872114e+09  3.27201451e-03 -7.77449292e-03 
 2.29086765e+09  3.15410942e-03 -7.62615041e-03 
 2.34422882e+09  3.04057121e-03 -7.48043587e-03 
 2.39883292e+09  2.93121187e-03 -7.33730819e-03 
 2.45470892e+09  2.82585270e-03 -7.19672518e-03 
 2.51188643e+09  2.72432391e-03 -7.05864386e-03 
 2.57039578e+09  2.62646424e-03 -6.92302065e-03 
 2.63026799e+09  2.53212058e-03 -6.78981162e-03 
 2.69153480e+09  2.44114764e-03 -6.65897266e-03 
 2.75422870e+09  2.35340753e-03 -6.53045967e-03 
 2.81838293e+09  2.26876949e-03 -6.40422875e-03 
 2.88403150e+09  2.18710947e-03 -6.28023631e-03 
 2.95120923e+09  2.10830984e-03 -6.15843925e-03 
 3.01995172e+09  2.03225906e-03 -6.03879505e-03 
 3.09029543e+09  1.95885133e-03 -5.92126192e-03 
 3.16227766e+09  1.88798631e-03 -5.80579883e-03 
 3.23593657e+09  1.81956880e-03 -5.69236566e-03 
 3.31131121e+09  1.75350847e-03 -5.58092321e-03 
 3.38844156e+09  1.68971953e-03 -5.47143330e-03 
 3.46736850e+09  1.62812050e-03 -5.36385879e-03 
 3.54813389e+09  1.56863394e-03 -5.25816361e-03 
 3.63078055e+09  1.51118616e-03 -5.15431280e-03 
 3.71535229e+09  1.45570703e-03 -5.05227250e-03 
 3.80189396e+09  1.40212972e-03 -4.95200995e-03 
 3.89045145e+09  1.35039047e-03 -4.85349351e-03 
 3.98107171e+09  1.30042840e-03 -4.75669263e-03 
 4.07380278e+09  1.25218531e-03 -4.66157781e-03 
 4.16869383e+09  1.20560549e-03 -4.56812060e-03 
 4.26579519e+09  1.16063554e-03 -4.47629356e-03 
 4.36515832e+09  1.11722422e-03 -4.38607018e-03 
 4.46683592e+09  1.07532229e-03 -4.29742493e-03 
 4.57088190e+09  1.03488237e-03 -4.21033311e-03 
 4.67735141e+09  9.95858814e-04 -4.12477088e-03 
 4.78630092e+09  9.58207572e-04 -4.04071516e-03 
 4.89778819e+09  9.21886110e-04 -3.95814363e-03 
 5.01187234e+09  8.86853287e-04 -3.87703462e-03 
 5.12861384e+09  8.53069270e-04 -3.79736711e-03 
 5.24807460e+09  8.20495455e-04 -3.71912065e-03 
 5.37031796e+09  7.89094384e-04 -3.64227533e-03 
 5.49540874e+09  7.58829689e-04 -3.56681172e-03 
 5.62341325e+09  7.29666019e-04 -3.49271081e-03 
 5.75439937e+09  7.01568998e-04 -3.41995402e-03 
 5.88843655e+09  6.74505173e-04 -3.34852309e-03 
 6.02559586e+09  6.48441971e-04 -3.27840010e-03 
 6.16595002e+09  6.23347664e-04 -3.20956740e-03 
 6.30957344e+09  5.99191335e-04 -3.14200757e-03 
 6.45654229e+09  5.75942848e-04 -3.07570343e-03 
 6.60693448e+09  5.53572831e-04 -3.01063797e-03 
 6.76082975e+09  5.32052643e-04 -2.94679436e-03 
 6.91830971e+09  5.11354363e-04 -2.88415589e-03 
 7.07945784e+09  4.91450767e-04 -2.82270600e-03 
 7.24435960e+09  4.72315322e-04 -2.76242821e-03 
 7.41310241e+09  4.53922162e-04 -2.70330613e-03 
 7.58577575e+09  4.36246086e-04 -2.64532348e-03 
 7.76247117e+09  4.19262539e-04 -2.58846402e-03 
 7.94328235e+09  4.02947611e-04 -2.53271157e-03 
 8.12830516e+09  3.87278019e-04 -2.47805003e-03 
 8.31763771e+09  3.72231104e-04 -2.42446334e-03 
 8.51138038e+09  3.57784824e-04 -2.37193548e-03 
 8.70963590e+09  3.43917741e-04 -2.32045049e-03 
 8.91250938e+09  3.30609016e-04 -2.26999247e-03 
 9.12010839e+09  3.17838401e-04 -2.22054555e-03 
 9.33254301e+09  3.05586232e-04 -2.17209392e-03 
 9.54992586e+09  2.93833418e-04 -2.12462182e-03 
 9.77237221e+09  2.82561436e-04 -2.07811358e-03 
 1.00000000e+10  2.71752320e-04 -2.03255356e-03 
 1.02329299e+10  2.61388656e-04 -1.98792621e-03 
 1.04712855e+10  2.51453567e-04 -1.94421606e-03 
 1.07151931e+10  2.41930708e-04 -1.90140769e-03 
 1.09647820e+10  2.32804258e-04 -1.85948582e-03 
 1.12201845e+10  2.24058906e-04 -1.81843522e-03 
 1.14815362e+10  2.15679843e-04 -1.77824078e-03 
 1.17489755e+10  2.07652753e-04 -1.73888750e-03 
 1.20226443e+10  1.99963801e-04 -1.70036048e-03 
 1.23026877e+10  1.92599623e-04 -1.66264496e-03 
 1.25892541e+10  1.85547315e-04 -1.62572627e-03 
 1.28824955e+10  1.78794422e-04 -1.58958992e-03 
 1.31825674e+10  1.72328929e-04 -1.55422150e-03 
 1.34896288e+10  1.66139248e-04 -1.51960680e-03 
 1.38038426e+10  1.60214206e-04 -1.48573171e-03 
 1.41253754e+10  1.54543038e-04 -1.45258230e-03 
 1.44543977e+10  1.49115371e-04 -1.42014478e-03 
 1.47910839e+10  1.43921218e-04 -1.38840552e-03 
 1.51356125e+10  1.38950960e-04 -1.35735107e-03 
 1.54881662e+10  1.34195344e-04 -1.32696813e-03 
 1.58489319e+10  1.29645466e-04 -1.29724358e-03 
 1.62181010e+10  1.25292760e-04 -1.26816447e-03 
 1.65958691e+10  1.21128991e-04 -1.23971803e-03 
 1.69824365e+10  1.17146244e-04 -1.21189165e-03 
 1.73780083e+10  1.13336910e-04 -1.18467293e-03 
 1.77827941e+10  1.09693680e-04 -1.15804963e-03 
 1.81970086e+10  1.06209533e-04 -1.13200970e-03 
 1.86208714e+10  1.02877727e-04 -1.10654126e-03 
 1.90546072e+10  9.96917882e-05 -1.08163264e-03 
 1.94984460e+10  9.66455038e-05 -1.05727234e-03 
 1.99526231e+10  9.37329111e-05 -1.03344904e-03 
 2.04173794e+10  9.09482889e-05 -1.01015163e-03 
 2.08929613e+10  8.82861494e-05 -9.87369152e-04 
 2.13796209e+10  8.57412292e-05 -9.65090859e-04 
 2.18776162e+10  8.33084810e-05 -9.43306178e-04 
 2.23872114e+10  8.09830661e-05 -9.22004723e-04 
 2.29086765e+10  7.87603459e-05 -9.01176291e-04 
 2.34422882e+10  7.66358749e-05 -8.80810859e-04 
 2.39883292e+10  7.46053930e-05 -8.60898589e-04 
 2.45470892e+10  7.26648185e-05 -8.41429818e-04 
 2.51188643e+10  7.08102413e-05 -8.22395065e-04 
 2.57039578e+10  6.90379161e-05 -8.03785024e-04 
 2.63026799e+10  6.73442557e-05 -7.85590565e-04 
 2.69153480e+10  6.57258254e-05 -7.67802731e-04 
 2.75422870e+10  6.41793362e-05 -7.50412736e-04 
 2.81838293e+10  6.27016396e-05 -7.33411963e-04 
 2.88403150e+10  6.12897216e-05 -7.16791966e-04 
 2.95120923e+10  5.99406973e-05 -7.00544460e-04 
 3.01995172e+10  5.86518058e-05 -6.84661327e-04 
 3.09029543e+10  5.74204051e-05 -6.69134607e-04 
 3.16227766e+10  5.62439671e-05 -6.53956503e-04 
 3.23593657e+10  5.51200732e-05 -6.39119373e-04 
 3.31131121e+10  5.40464094e-05 -6.24615727e-04 
 3.38844156e+10  5.30207625e-05 -6.10438232e-04 
 3.46736850e+10  5.20410152e-05 -5.96579702e-04 
 3.54813389e+10  5.11051429e-05 -5.83033099e-04 
 3.63078055e+10  5.02112091e-05 -5.69791531e-04 
 3.71535229e+10  4.93573621e-05 -5.56848248e-04 
 3.80189396e+10  4.85418315e-05 -5.44196641e-04 
 3.89045145e+10  4.77629245e-05 -5.31830239e-04 
 3.98107171e+10  4.70190228e-05 -5.19742708e-04 
 4.07380278e+10  4.63085794e-05 -5.07927846e-04 
 4.16869383e+10  4.56301154e-05 -4.96379582e-04 
 4.26579519e+10  4.49822175e-05 -4.85091976e-04 
 4.36515832e+10  4.43635348e-05 -4.74059211e-04 
 4.46683592e+10  4.37727765e-05 -4.63275597e-04 
 4.57088190e+10  4.32087088e-05 -4.52735565e-04 
 4.67735141e+10  4.26701532e-05 -4.42433666e-04 
 4.78630092e+10  4.21559834e-05 -4.32364566e-04 
 4.89778819e+10  4.16651235e-05 -4.22523049e-04 
 5.01187234e+10  4.11965458e-05 -4.12904012e-04 
 5.12861384e+10  4.07492685e-05 -4.03502460e-04 
 5.24807460e+10  4.03223538e-05 -3.94313508e-04 
 5.37031796e+10  3.99149065e-05 -3.85332379e-04 
 5.49540874e+10  3.95260711e-05 -3.76554397e-04 
 5.62341325e+10  3.91550313e-05 -3.67974992e-04 
 5.75439937e+10  3.88010073e-05 -3.59589692e-04 
 5.88843655e+10  3.84632551e-05 -3.51394123e-04 
 6.02559586e+10  3.81410640e-05 -3.43384009e-04 
 6.16595002e+10  3.78337561e-05 -3.35555166e-04 
 6.30957344e+10  3.75406844e-05 -3.27903503e-04 
 6.45654229e+10  3.72612313e-05 -3.20425023e-04 
 6.60693448e+10  3.69948079e-05 -3.13115812e-04 
 6.76082975e+10  3.67408521e-05 -3.05972046e-04 
 6.91830971e+10  3.64988281e-05 -2.98989986e-04 
 7.07945784e+10  3.62682247e-05 -2.92165976e-04 
 7.24435960e+10  3.60485547e-05 -2.85496441e-04 
 7.41310241e+10  3.58393535e-05 -2.78977887e-04 
 7.58577575e+10  3.56401783e-05 -2.72606897e-04 
 7.76247117e+10  3.54506074e-05 -2.66380130e-04 
 7.94328235e+10  3.52702387e-05 -2.60294322e-04 
 8.12830516e+10  3.50986894e-05 -2.54346282e-04 
 8.31763771e+10  3.49355950e-05 -2.48532889e-04 
 8.51138038e+10  3.47806083e-05 -2.42851095e-04 
 8.70963590e+10  3.46333992e-05 -2.37297918e-04 
 8.91250938e+10  3.44936533e-05 -2.31870447e-04 
 9.12010839e+10  3.43610716e-05 -2.26565834e-04 
 9.33254301e+10  3.42353698e-05 -2.21381298e-04 
 9.54992586e+10  3.41162776e-05 -2.16314119e-04 
 9.77237221e+10  3.40035382e-05 -2.11361641e-04 
 1.00000000e+11  3.38969075e-05 -2.06521268e-04 
 1.02329299e+11  3.37961537e-05 -2.01790464e-04 
 1.04712855e+11  3.37010566e-05 -1.97166751e-04 
 1.07151931e+11  3.36114073e-05 -1.92647708e-04 
 1.09647820e+11  3.35270074e-05 -1.88230970e-04 
 1.12201845e+11  3.34476688e-05 -1.83914226e-04 
 1.14815362e+11  3.33732130e-05 -1.79695221e-04 
 1.17489755e+11  3.33034707e-05 -1.75571749e-04 
 1.20226443e+11  3.32382811e-05 -1.71541659e-04 
 1.23026877e+11  3.31774921e-05 -1.67602848e-04 
 1.25892541e+11  3.31209591e-05 -1.63753264e-04 
 1.28824955e+11  3.30685451e-05 -1.59990902e-04 
 1.31825674e+11  3.30201200e-05 -1.56313805e-04 
 1.34896288e+11  3.29755603e-05 -1.52720063e-04 
 1.38038426e+11  3.29347486e-05 -1.49207810e-04 
 1.41253754e+11  3.28975733e-05 -1.45775226e-04 
 1.44543977e+11  3.28639284e-05 -1.42420533e-04 
 1.47910839e+11  3.28337126e-05 -1.39141997e-04 
 1.51356125e+11  3.28068294e-05 -1.35937924e-04 
 1.54881662e+11  3.27831864e-05 -1.32806664e-04 
 1.58489319e+11  3.27626954e-05 -1.29746603e-04 
 1.62181010e+11  3.27452715e-05 -1.26756168e-04 
 1.65958691e+11  3.27308332e-05 -1.23833824e-04 
 1.69824365e+11  3.27193018e-05 -1.20978074e-04 
 1.73780083e+11  3.27106014e-05 -1.18187454e-04 
 1.77827941e+11  3.27046582e-05 -1.15460540e-04 
 1.81970086e+11  3.27014007e-05 -1.12795939e-04 
 1.86208714e+11  3.27007591e-05 -1.10192293e-04 
 1.90546072e+11  3.27026653e-05 -1.07648278e-04 
 1.94984460e+11  3.27070524e-05 -1.05162600e-04 
 1.99526231e+11  3.27138550e-05 -1.02733997e-04 
 2.04173794e+11  3.27230084e-05 -1.00361238e-04 
 2.08929613e+11  3.27344491e-05 -9.80431213e-05 
 2.13796209e+11  3.27481142e-05 -9.57784732e-05 
 2.18776162e+11  3.27639417e-05 -9.35661490e-05 
 2.23872114e+11  3.27818699e-05 -9.14050309e-05 
 2.29086765e+11  3.28018379e-05 -8.92940277e-05 
 2.34422882e+11  3.28237853e-05 -8.72320743e-05 
 2.39883292e+11  3.28476519e-05 -8.52181306e-05 
 2.45470892e+11  3.28733781e-05 -8.32511814e-05 
 2.51188643e+11  3.29009048e-05 -8.13302353e-05 
 2.57039578e+11  3.29301731e-05 -7.94543245e-05 
 2.63026799e+11  3.29611245e-05 -7.76225041e-05 
 2.69153480e+11  3.29937009e-05 -7.58338515e-05 
 2.75422870e+11  3.30278442e-05 -7.40874659e-05 
 2.81838293e+11  3.30634969e-05 -7.23824679e-05 
 2.88403150e+11  3.31006016e-05 -7.07179992e-05 
 2.95120923e+11  3.31391009e-05 -6.90932217e-05 
 3.01995172e+11  3.31789377e-05 -6.75073173e-05 
 3.09029543e+11  3.32200546e-05 -6.59594875e-05 
 3.16227766e+11  3.32623944e-05 -6.44489530e-05 
 3.23593657e+11  3.33058996e-05 -6.29749529e-05 
 3.31131121e+11  3.33505124e-05 -6.15367447e-05 
 3.38844156e+11  3.33961748e-05 -6.01336037e-05 
 3.46736850e+11  3.34428283e-05 -5.87648223e-05 
 3.54813389e+11  3.34904137e-05 -5.74297100e-05 
 3.63078055e+11  3.35388715e-05 -5.61275926e-05 
 3.71535229e+11  3.35881411e-05 -5.48578120e-05 
 3.80189396e+11  3.36381616e-05 -5.36197255e-05 
 3.89045145e+11  3.36888711e-05 -5.24127055e-05 
 3.98107171e+11  3.37402067e-05 -5.12361389e-05 
 4.07380278e+11  3.37921051e-05 -5.00894269e-05 
 4.16869383e+11  3.38445018e-05 -4.89719844e-05 
 4.26579519e+11  3.38973317e-05 -4.78832395e-05 
 4.36515832e+11  3.39505287e-05 -4.68226332e-05 
 4.46683592e+11  3.40040261e-05 -4.57896190e-05 
 4.57088190e+11  3.40577566e-05 -4.47836624e-05 
 4.67735141e+11  3.41116521e-05 -4.38042407e-05 
 4.78630092e+11  3.41656444e-05 -4.28508425e-05 
 4.89778819e+11  3.42196643e-05 -4.19229672e-05 
 5.01187234e+11  3.42736430e-05 -4.10201255e-05 
 5.12861384e+11  3.43275109e-05 -4.01418379e-05 
 5.24807460e+11  3.43811987e-05 -3.92876356e-05 
 5.37031796e+11  3.44346371e-05 -3.84570594e-05 
 5.49540874e+11  3.44877569e-05 -3.76496602e-05 
 5.62341325e+11  3.45404891e-05 -3.68649984e-05 
 5.75439937e+11  3.45927651e-05 -3.61026436e-05 
 5.88843655e+11  3.46445168e-05 -3.53621751e-05 
 6.02559586e+11  3.46956765e-05 -3.46431812e-05 
 6.16595002e+11  3.47461771e-05 -3.39452594e-05 
 6.30957344e+11  3.47959520e-05 -3.32680162e-05 
 6.45654229e+11  3.48449353e-05 -3.26110672e-05 
 6.60693448e+11  3.48930615e-05 -3.19740368e-05 
 6.76082975e+11  3.49402657e-05 -3.13565584e-05 
 6.91830971e+11  3.49864837e-05 -3.07582745e-05 
 7.07945784e+11  3.50316513e-05 -3.01788361e-05 
 7.24435960e+11  3.50757049e-05 -2.96179034e-05 
 7.41310241e+11  3.51185809e-05 -2.90751453e-05 
 7.58577575e+11  3.51602158e-05 -2.85502393e-05 
 7.76247117e+11  3.52005458e-05 -2.80428721e-05 
 7.94328235e+11  3.52395068e-05 -2.75527388e-05 
 8.12830516e+11  3.52770342e-05 -2.70795433e-05 
 8.31763771e+11  3.53130623e-05 -2.66229981e-05 
 8.51138038e+11  3.53475244e-05 -2.61828242e-05 
 8.70963590e+11  3.53803525e-05 -2.57587512e-05 
 8.91250938e+11  3.54114765e-05 -2.53505167e-05 
 9.12010839e+11  3.54408248e-05 -2.49578666e-05 
 9.33254301e+11  3.54683230e-05 -2.45805548e-05 
 9.54992586e+11  3.54938943e-05 -2.42183430e-05 
 9.77237221e+11  3.55174585e-05 -2.38710002e-05 
 1.00000000e+12  3.55389322e-05 -2.35383030e-05 
