 frequency       ac1.vout1-ac1.vout2 ac1.vout1-ac1.vout2
 1.00000000e+01 -3.42767350e+01  8.98586752e-08 
 1.02329299e+01 -3.42767350e+01  9.19517526e-08 
 1.04712855e+01 -3.42767350e+01  9.40935841e-08 
 1.07151931e+01 -3.42767350e+01  9.62853052e-08 
 1.09647820e+01 -3.42767350e+01  9.85280781e-08 
 1.12201845e+01 -3.42767350e+01  1.00823092e-07 
 1.14815362e+01 -3.42767350e+01  1.03171563e-07 
 1.17489755e+01 -3.42767350e+01  1.05574738e-07 
 1.20226443e+01 -3.42767350e+01  1.08033889e-07 
 1.23026877e+01 -3.42767350e+01  1.10550322e-07 
 1.25892541e+01 -3.42767350e+01  1.13125370e-07 
 1.28824955e+01 -3.42767350e+01  1.15760398e-07 
 1.31825674e+01 -3.42767350e+01  1.18456804e-07 
 1.34896288e+01 -3.42767350e+01  1.21216018e-07 
 1.38038426e+01 -3.42767350e+01  1.24039501e-07 
 1.41253754e+01 -3.42767350e+01  1.26928752e-07 
 1.44543977e+01 -3.42767350e+01  1.29885303e-07 
 1.47910839e+01 -3.42767350e+01  1.32910720e-07 
 1.51356125e+01 -3.42767350e+01  1.36006609e-07 
 1.54881662e+01 -3.42767350e+01  1.39174609e-07 
 1.58489319e+01 -3.42767350e+01  1.42416403e-07 
 1.62181010e+01 -3.42767350e+01  1.45733707e-07 
 1.65958691e+01 -3.42767350e+01  1.49128281e-07 
 1.69824365e+01 -3.42767350e+01  1.52601925e-07 
 1.73780083e+01 -3.42767350e+01  1.56156480e-07 
 1.77827941e+01 -3.42767350e+01  1.59793832e-07 
 1.81970086e+01 -3.42767350e+01  1.63515908e-07 
 1.86208714e+01 -3.42767350e+01  1.67324683e-07 
 1.90546072e+01 -3.42767350e+01  1.71222176e-07 
 1.94984460e+01 -3.42767350e+01  1.75210453e-07 
 1.99526231e+01 -3.42767350e+01  1.79291628e-07 
 2.04173794e+01 -3.42767350e+01  1.83467867e-07 
 2.08929613e+01 -3.42767350e+01  1.87741382e-07 
 2.13796209e+01 -3.42767350e+01  1.92114441e-07 
 2.18776162e+01 -3.42767350e+01  1.96589361e-07 
 2.23872114e+01 -3.42767350e+01  2.01168516e-07 
 2.29086765e+01 -3.42767350e+01  2.05854332e-07 
 2.34422882e+01 -3.42767350e+01  2.10649296e-07 
 2.39883292e+01 -3.42767350e+01  2.15555948e-07 
 2.45470892e+01 -3.42767350e+01  2.20576891e-07 
 2.51188643e+01 -3.42767350e+01  2.25714787e-07 
 2.57039578e+01 -3.42767350e+01  2.30972360e-07 
 2.63026799e+01 -3.42767350e+01  2.36352397e-07 
 2.69153480e+01 -3.42767350e+01  2.41857752e-07 
 2.75422870e+01 -3.42767350e+01  2.47491342e-07 
 2.81838293e+01 -3.42767350e+01  2.53256156e-07 
 2.88403150e+01 -3.42767350e+01  2.59155250e-07 
 2.95120923e+01 -3.42767350e+01  2.65191751e-07 
 3.01995172e+01 -3.42767350e+01  2.71368861e-07 
 3.09029543e+01 -3.42767350e+01  2.77689854e-07 
 3.16227766e+01 -3.42767350e+01  2.84158081e-07 
 3.23593657e+01 -3.42767350e+01  2.90776973e-07 
 3.31131121e+01 -3.42767350e+01  2.97550039e-07 
 3.38844156e+01 -3.42767350e+01  3.04480870e-07 
 3.46736850e+01 -3.42767350e+01  3.11573140e-07 
 3.54813389e+01 -3.42767350e+01  3.18830611e-07 
 3.63078055e+01 -3.42767350e+01  3.26257130e-07 
 3.71535229e+01 -3.42767350e+01  3.33856635e-07 
 3.80189396e+01 -3.42767350e+01  3.41633155e-07 
 3.89045145e+01 -3.42767350e+01  3.49590813e-07 
 3.98107171e+01 -3.42767350e+01  3.57733829e-07 
 4.07380278e+01 -3.42767350e+01  3.66066521e-07 
 4.16869383e+01 -3.42767350e+01  3.74593305e-07 
 4.26579519e+01 -3.42767350e+01  3.83318704e-07 
 4.36515832e+01 -3.42767350e+01  3.92247344e-07 
 4.46683592e+01 -3.42767350e+01  4.01383958e-07 
 4.57088190e+01 -3.42767350e+01  4.10733392e-07 
 4.67735141e+01 -3.42767350e+01  4.20300601e-07 
 4.78630092e+01 -3.42767350e+01  4.30090660e-07 
 4.89778819e+01 -3.42767350e+01  4.40108758e-07 
 5.01187234e+01 -3.42767350e+01  4.50360208e-07 
 5.12861384e+01 -3.42767350e+01  4.60850445e-07 
 5.24807460e+01 -3.42767350e+01  4.71585031e-07 
 5.37031796e+01 -3.42767350e+01  4.82569658e-07 
 5.49540874e+01 -3.42767350e+01  4.93810149e-07 
 5.62341325e+01 -3.42767350e+01  5.05312465e-07 
 5.75439937e+01 -3.42767350e+01  5.17082704e-07 
 5.88843655e+01 -3.42767350e+01  5.29127108e-07 
 6.02559586e+01 -3.42767350e+01  5.41452061e-07 
 6.16595002e+01 -3.42767350e+01  5.54064100e-07 
 6.30957344e+01 -3.42767350e+01  5.66969911e-07 
 6.45654229e+01 -3.42767350e+01  5.80176337e-07 
 6.60693448e+01 -3.42767350e+01  5.93690379e-07 
 6.76082975e+01 -3.42767350e+01  6.07519205e-07 
 6.91830971e+01 -3.42767350e+01  6.21670145e-07 
 7.07945784e+01 -3.42767350e+01  6.36150703e-07 
 7.24435960e+01 -3.42767350e+01  6.50968556e-07 
 7.41310241e+01 -3.42767350e+01  6.66131562e-07 
 7.58577575e+01 -3.42767350e+01  6.81647759e-07 
 7.76247117e+01 -3.42767350e+01  6.97525375e-07 
 7.94328235e+01 -3.42767350e+01  7.13772828e-07 
 8.12830516e+01 -3.42767350e+01  7.30398733e-07 
 8.31763771e+01 -3.42767350e+01  7.47411905e-07 
 8.51138038e+01 -3.42767350e+01  7.64821365e-07 
 8.70963590e+01 -3.42767350e+01  7.82636343e-07 
 8.91250938e+01 -3.42767350e+01  8.00866286e-07 
 9.12010839e+01 -3.42767350e+01  8.19520858e-07 
 9.33254301e+01 -3.42767350e+01  8.38609951e-07 
 9.54992586e+01 -3.42767350e+01  8.58143686e-07 
 9.77237221e+01 -3.42767350e+01  8.78132420e-07 
 1.00000000e+02 -3.42767350e+01  8.98586752e-07 
 1.02329299e+02 -3.42767350e+01  9.19517526e-07 
 1.04712855e+02 -3.42767350e+01  9.40935841e-07 
 1.07151931e+02 -3.42767350e+01  9.62853052e-07 
 1.09647820e+02 -3.42767350e+01  9.85280781e-07 
 1.12201845e+02 -3.42767350e+01  1.00823092e-06 
 1.14815362e+02 -3.42767350e+01  1.03171563e-06 
 1.17489755e+02 -3.42767350e+01  1.05574738e-06 
 1.20226443e+02 -3.42767350e+01  1.08033889e-06 
 1.23026877e+02 -3.42767350e+01  1.10550322e-06 
 1.25892541e+02 -3.42767350e+01  1.13125370e-06 
 1.28824955e+02 -3.42767350e+01  1.15760398e-06 
 1.31825674e+02 -3.42767350e+01  1.18456804e-06 
 1.34896288e+02 -3.42767350e+01  1.21216018e-06 
 1.38038426e+02 -3.42767350e+01  1.24039501e-06 
 1.41253754e+02 -3.42767350e+01  1.26928752e-06 
 1.44543977e+02 -3.42767350e+01  1.29885303e-06 
 1.47910839e+02 -3.42767350e+01  1.32910720e-06 
 1.51356125e+02 -3.42767350e+01  1.36006609e-06 
 1.54881662e+02 -3.42767350e+01  1.39174609e-06 
 1.58489319e+02 -3.42767350e+01  1.42416403e-06 
 1.62181010e+02 -3.42767350e+01  1.45733707e-06 
 1.65958691e+02 -3.42767350e+01  1.49128281e-06 
 1.69824365e+02 -3.42767350e+01  1.52601925e-06 
 1.73780083e+02 -3.42767350e+01  1.56156480e-06 
 1.77827941e+02 -3.42767350e+01  1.59793832e-06 
 1.81970086e+02 -3.42767350e+01  1.63515908e-06 
 1.86208714e+02 -3.42767350e+01  1.67324683e-06 
 1.90546072e+02 -3.42767350e+01  1.71222176e-06 
 1.94984460e+02 -3.42767350e+01  1.75210453e-06 
 1.99526231e+02 -3.42767350e+01  1.79291628e-06 
 2.04173794e+02 -3.42767350e+01  1.83467867e-06 
 2.08929613e+02 -3.42767350e+01  1.87741382e-06 
 2.13796209e+02 -3.42767350e+01  1.92114441e-06 
 2.18776162e+02 -3.42767350e+01  1.96589361e-06 
 2.23872114e+02 -3.42767350e+01  2.01168516e-06 
 2.29086765e+02 -3.42767350e+01  2.05854332e-06 
 2.34422882e+02 -3.42767350e+01  2.10649296e-06 
 2.39883292e+02 -3.42767350e+01  2.15555948e-06 
 2.45470892e+02 -3.42767350e+01  2.20576891e-06 
 2.51188643e+02 -3.42767350e+01  2.25714787e-06 
 2.57039578e+02 -3.42767350e+01  2.30972360e-06 
 2.63026799e+02 -3.42767350e+01  2.36352397e-06 
 2.69153480e+02 -3.42767350e+01  2.41857752e-06 
 2.75422870e+02 -3.42767350e+01  2.47491342e-06 
 2.81838293e+02 -3.42767350e+01  2.53256156e-06 
 2.88403150e+02 -3.42767350e+01  2.59155250e-06 
 2.95120923e+02 -3.42767350e+01  2.65191751e-06 
 3.01995172e+02 -3.42767350e+01  2.71368861e-06 
 3.09029543e+02 -3.42767350e+01  2.77689854e-06 
 3.16227766e+02 -3.42767350e+01  2.84158081e-06 
 3.23593657e+02 -3.42767350e+01  2.90776973e-06 
 3.31131121e+02 -3.42767350e+01  2.97550039e-06 
 3.38844156e+02 -3.42767350e+01  3.04480870e-06 
 3.46736850e+02 -3.42767350e+01  3.11573140e-06 
 3.54813389e+02 -3.42767350e+01  3.18830611e-06 
 3.63078055e+02 -3.42767350e+01  3.26257130e-06 
 3.71535229e+02 -3.42767350e+01  3.33856635e-06 
 3.80189396e+02 -3.42767350e+01  3.41633155e-06 
 3.89045145e+02 -3.42767350e+01  3.49590813e-06 
 3.98107171e+02 -3.42767350e+01  3.57733829e-06 
 4.07380278e+02 -3.42767350e+01  3.66066521e-06 
 4.16869383e+02 -3.42767350e+01  3.74593305e-06 
 4.26579519e+02 -3.42767350e+01  3.83318704e-06 
 4.36515832e+02 -3.42767350e+01  3.92247344e-06 
 4.46683592e+02 -3.42767350e+01  4.01383958e-06 
 4.57088190e+02 -3.42767350e+01  4.10733392e-06 
 4.67735141e+02 -3.42767350e+01  4.20300601e-06 
 4.78630092e+02 -3.42767350e+01  4.30090660e-06 
 4.89778819e+02 -3.42767350e+01  4.40108758e-06 
 5.01187234e+02 -3.42767350e+01  4.50360208e-06 
 5.12861384e+02 -3.42767350e+01  4.60850445e-06 
 5.24807460e+02 -3.42767350e+01  4.71585031e-06 
 5.37031796e+02 -3.42767350e+01  4.82569658e-06 
 5.49540874e+02 -3.42767350e+01  4.93810149e-06 
 5.62341325e+02 -3.42767350e+01  5.05312465e-06 
 5.75439937e+02 -3.42767350e+01  5.17082704e-06 
 5.88843655e+02 -3.42767350e+01  5.29127108e-06 
 6.02559586e+02 -3.42767350e+01  5.41452061e-06 
 6.16595002e+02 -3.42767350e+01  5.54064100e-06 
 6.30957344e+02 -3.42767350e+01  5.66969911e-06 
 6.45654229e+02 -3.42767350e+01  5.80176337e-06 
 6.60693448e+02 -3.42767350e+01  5.93690379e-06 
 6.76082975e+02 -3.42767350e+01  6.07519205e-06 
 6.91830971e+02 -3.42767350e+01  6.21670145e-06 
 7.07945784e+02 -3.42767350e+01  6.36150703e-06 
 7.24435960e+02 -3.42767350e+01  6.50968556e-06 
 7.41310241e+02 -3.42767350e+01  6.66131562e-06 
 7.58577575e+02 -3.42767350e+01  6.81647759e-06 
 7.76247117e+02 -3.42767350e+01  6.97525375e-06 
 7.94328235e+02 -3.42767350e+01  7.13772828e-06 
 8.12830516e+02 -3.42767350e+01  7.30398733e-06 
 8.31763771e+02 -3.42767350e+01  7.47411905e-06 
 8.51138038e+02 -3.42767350e+01  7.64821365e-06 
 8.70963590e+02 -3.42767350e+01  7.82636343e-06 
 8.91250938e+02 -3.42767350e+01  8.00866286e-06 
 9.12010839e+02 -3.42767350e+01  8.19520858e-06 
 9.33254301e+02 -3.42767350e+01  8.38609951e-06 
 9.54992586e+02 -3.42767350e+01  8.58143686e-06 
 9.77237221e+02 -3.42767350e+01  8.78132420e-06 
 1.00000000e+03 -3.42767350e+01  8.98586752e-06 
 1.02329299e+03 -3.42767350e+01  9.19517526e-06 
 1.04712855e+03 -3.42767350e+01  9.40935841e-06 
 1.07151931e+03 -3.42767350e+01  9.62853052e-06 
 1.09647820e+03 -3.42767350e+01  9.85280781e-06 
 1.12201845e+03 -3.42767350e+01  1.00823092e-05 
 1.14815362e+03 -3.42767350e+01  1.03171563e-05 
 1.17489755e+03 -3.42767350e+01  1.05574738e-05 
 1.20226443e+03 -3.42767350e+01  1.08033889e-05 
 1.23026877e+03 -3.42767350e+01  1.10550322e-05 
 1.25892541e+03 -3.42767350e+01  1.13125370e-05 
 1.28824955e+03 -3.42767350e+01  1.15760398e-05 
 1.31825674e+03 -3.42767350e+01  1.18456804e-05 
 1.34896288e+03 -3.42767350e+01  1.21216018e-05 
 1.38038426e+03 -3.42767350e+01  1.24039501e-05 
 1.41253754e+03 -3.42767350e+01  1.26928752e-05 
 1.44543977e+03 -3.42767350e+01  1.29885303e-05 
 1.47910839e+03 -3.42767350e+01  1.32910720e-05 
 1.51356125e+03 -3.42767350e+01  1.36006609e-05 
 1.54881662e+03 -3.42767350e+01  1.39174609e-05 
 1.58489319e+03 -3.42767350e+01  1.42416403e-05 
 1.62181010e+03 -3.42767350e+01  1.45733707e-05 
 1.65958691e+03 -3.42767350e+01  1.49128281e-05 
 1.69824365e+03 -3.42767350e+01  1.52601925e-05 
 1.73780083e+03 -3.42767350e+01  1.56156480e-05 
 1.77827941e+03 -3.42767350e+01  1.59793832e-05 
 1.81970086e+03 -3.42767350e+01  1.63515908e-05 
 1.86208714e+03 -3.42767350e+01  1.67324683e-05 
 1.90546072e+03 -3.42767350e+01  1.71222176e-05 
 1.94984460e+03 -3.42767350e+01  1.75210453e-05 
 1.99526231e+03 -3.42767350e+01  1.79291628e-05 
 2.04173794e+03 -3.42767350e+01  1.83467867e-05 
 2.08929613e+03 -3.42767350e+01  1.87741382e-05 
 2.13796209e+03 -3.42767350e+01  1.92114441e-05 
 2.18776162e+03 -3.42767350e+01  1.96589361e-05 
 2.23872114e+03 -3.42767350e+01  2.01168516e-05 
 2.29086765e+03 -3.42767350e+01  2.05854332e-05 
 2.34422882e+03 -3.42767350e+01  2.10649296e-05 
 2.39883292e+03 -3.42767350e+01  2.15555948e-05 
 2.45470892e+03 -3.42767350e+01  2.20576891e-05 
 2.51188643e+03 -3.42767350e+01  2.25714787e-05 
 2.57039578e+03 -3.42767350e+01  2.30972360e-05 
 2.63026799e+03 -3.42767350e+01  2.36352397e-05 
 2.69153480e+03 -3.42767350e+01  2.41857752e-05 
 2.75422870e+03 -3.42767350e+01  2.47491342e-05 
 2.81838293e+03 -3.42767350e+01  2.53256156e-05 
 2.88403150e+03 -3.42767350e+01  2.59155250e-05 
 2.95120923e+03 -3.42767350e+01  2.65191751e-05 
 3.01995172e+03 -3.42767350e+01  2.71368861e-05 
 3.09029543e+03 -3.42767350e+01  2.77689854e-05 
 3.16227766e+03 -3.42767350e+01  2.84158081e-05 
 3.23593657e+03 -3.42767350e+01  2.90776973e-05 
 3.31131121e+03 -3.42767350e+01  2.97550039e-05 
 3.38844156e+03 -3.42767350e+01  3.04480870e-05 
 3.46736850e+03 -3.42767350e+01  3.11573140e-05 
 3.54813389e+03 -3.42767350e+01  3.18830611e-05 
 3.63078055e+03 -3.42767350e+01  3.26257130e-05 
 3.71535229e+03 -3.42767350e+01  3.33856635e-05 
 3.80189396e+03 -3.42767350e+01  3.41633155e-05 
 3.89045145e+03 -3.42767350e+01  3.49590813e-05 
 3.98107171e+03 -3.42767350e+01  3.57733829e-05 
 4.07380278e+03 -3.42767350e+01  3.66066521e-05 
 4.16869383e+03 -3.42767350e+01  3.74593305e-05 
 4.26579519e+03 -3.42767350e+01  3.83318704e-05 
 4.36515832e+03 -3.42767350e+01  3.92247344e-05 
 4.46683592e+03 -3.42767350e+01  4.01383958e-05 
 4.57088190e+03 -3.42767350e+01  4.10733392e-05 
 4.67735141e+03 -3.42767350e+01  4.20300601e-05 
 4.78630092e+03 -3.42767350e+01  4.30090660e-05 
 4.89778819e+03 -3.42767350e+01  4.40108758e-05 
 5.01187234e+03 -3.42767350e+01  4.50360208e-05 
 5.12861384e+03 -3.42767350e+01  4.60850445e-05 
 5.24807460e+03 -3.42767350e+01  4.71585031e-05 
 5.37031796e+03 -3.42767350e+01  4.82569658e-05 
 5.49540874e+03 -3.42767350e+01  4.93810149e-05 
 5.62341325e+03 -3.42767350e+01  5.05312465e-05 
 5.75439937e+03 -3.42767350e+01  5.17082704e-05 
 5.88843655e+03 -3.42767350e+01  5.29127108e-05 
 6.02559586e+03 -3.42767350e+01  5.41452061e-05 
 6.16595002e+03 -3.42767350e+01  5.54064100e-05 
 6.30957344e+03 -3.42767350e+01  5.66969911e-05 
 6.45654229e+03 -3.42767350e+01  5.80176337e-05 
 6.60693448e+03 -3.42767350e+01  5.93690379e-05 
 6.76082975e+03 -3.42767350e+01  6.07519205e-05 
 6.91830971e+03 -3.42767350e+01  6.21670145e-05 
 7.07945784e+03 -3.42767350e+01  6.36150703e-05 
 7.24435960e+03 -3.42767350e+01  6.50968556e-05 
 7.41310241e+03 -3.42767350e+01  6.66131562e-05 
 7.58577575e+03 -3.42767350e+01  6.81647759e-05 
 7.76247117e+03 -3.42767350e+01  6.97525375e-05 
 7.94328235e+03 -3.42767350e+01  7.13772828e-05 
 8.12830516e+03 -3.42767350e+01  7.30398733e-05 
 8.31763771e+03 -3.42767350e+01  7.47411905e-05 
 8.51138038e+03 -3.42767350e+01  7.64821365e-05 
 8.70963590e+03 -3.42767350e+01  7.82636343e-05 
 8.91250938e+03 -3.42767350e+01  8.00866286e-05 
 9.12010839e+03 -3.42767350e+01  8.19520858e-05 
 9.33254301e+03 -3.42767350e+01  8.38609951e-05 
 9.54992586e+03 -3.42767350e+01  8.58143686e-05 
 9.77237221e+03 -3.42767350e+01  8.78132420e-05 
 1.00000000e+04 -3.42767350e+01  8.98586752e-05 
 1.02329299e+04 -3.42767350e+01  9.19517526e-05 
 1.04712855e+04 -3.42767350e+01  9.40935841e-05 
 1.07151931e+04 -3.42767350e+01  9.62853052e-05 
 1.09647820e+04 -3.42767350e+01  9.85280781e-05 
 1.12201845e+04 -3.42767350e+01  1.00823092e-04 
 1.14815362e+04 -3.42767350e+01  1.03171563e-04 
 1.17489755e+04 -3.42767350e+01  1.05574738e-04 
 1.20226443e+04 -3.42767350e+01  1.08033889e-04 
 1.23026877e+04 -3.42767350e+01  1.10550322e-04 
 1.25892541e+04 -3.42767350e+01  1.13125370e-04 
 1.28824955e+04 -3.42767350e+01  1.15760398e-04 
 1.31825674e+04 -3.42767350e+01  1.18456804e-04 
 1.34896288e+04 -3.42767350e+01  1.21216018e-04 
 1.38038426e+04 -3.42767350e+01  1.24039501e-04 
 1.41253754e+04 -3.42767350e+01  1.26928752e-04 
 1.44543977e+04 -3.42767350e+01  1.29885303e-04 
 1.47910839e+04 -3.42767350e+01  1.32910720e-04 
 1.51356125e+04 -3.42767350e+01  1.36006609e-04 
 1.54881662e+04 -3.42767350e+01  1.39174609e-04 
 1.58489319e+04 -3.42767350e+01  1.42416403e-04 
 1.62181010e+04 -3.42767350e+01  1.45733707e-04 
 1.65958691e+04 -3.42767350e+01  1.49128281e-04 
 1.69824365e+04 -3.42767350e+01  1.52601925e-04 
 1.73780083e+04 -3.42767350e+01  1.56156480e-04 
 1.77827941e+04 -3.42767350e+01  1.59793832e-04 
 1.81970086e+04 -3.42767350e+01  1.63515908e-04 
 1.86208714e+04 -3.42767350e+01  1.67324683e-04 
 1.90546072e+04 -3.42767350e+01  1.71222176e-04 
 1.94984460e+04 -3.42767350e+01  1.75210453e-04 
 1.99526231e+04 -3.42767350e+01  1.79291628e-04 
 2.04173794e+04 -3.42767350e+01  1.83467867e-04 
 2.08929613e+04 -3.42767350e+01  1.87741382e-04 
 2.13796209e+04 -3.42767350e+01  1.92114441e-04 
 2.18776162e+04 -3.42767350e+01  1.96589361e-04 
 2.23872114e+04 -3.42767350e+01  2.01168516e-04 
 2.29086765e+04 -3.42767350e+01  2.05854332e-04 
 2.34422882e+04 -3.42767350e+01  2.10649296e-04 
 2.39883292e+04 -3.42767350e+01  2.15555948e-04 
 2.45470892e+04 -3.42767350e+01  2.20576891e-04 
 2.51188643e+04 -3.42767350e+01  2.25714787e-04 
 2.57039578e+04 -3.42767350e+01  2.30972360e-04 
 2.63026799e+04 -3.42767350e+01  2.36352397e-04 
 2.69153480e+04 -3.42767350e+01  2.41857752e-04 
 2.75422870e+04 -3.42767350e+01  2.47491342e-04 
 2.81838293e+04 -3.42767350e+01  2.53256156e-04 
 2.88403150e+04 -3.42767350e+01  2.59155250e-04 
 2.95120923e+04 -3.42767350e+01  2.65191751e-04 
 3.01995172e+04 -3.42767350e+01  2.71368861e-04 
 3.09029543e+04 -3.42767350e+01  2.77689853e-04 
 3.16227766e+04 -3.42767350e+01  2.84158081e-04 
 3.23593657e+04 -3.42767350e+01  2.90776973e-04 
 3.31131121e+04 -3.42767350e+01  2.97550039e-04 
 3.38844156e+04 -3.42767350e+01  3.04480870e-04 
 3.46736850e+04 -3.42767350e+01  3.11573140e-04 
 3.54813389e+04 -3.42767350e+01  3.18830611e-04 
 3.63078055e+04 -3.42767350e+01  3.26257130e-04 
 3.71535229e+04 -3.42767350e+01  3.33856635e-04 
 3.80189396e+04 -3.42767350e+01  3.41633155e-04 
 3.89045145e+04 -3.42767350e+01  3.49590813e-04 
 3.98107171e+04 -3.42767350e+01  3.57733829e-04 
 4.07380278e+04 -3.42767350e+01  3.66066521e-04 
 4.16869383e+04 -3.42767350e+01  3.74593305e-04 
 4.26579519e+04 -3.42767350e+01  3.83318704e-04 
 4.36515832e+04 -3.42767350e+01  3.92247344e-04 
 4.46683592e+04 -3.42767350e+01  4.01383958e-04 
 4.57088190e+04 -3.42767350e+01  4.10733392e-04 
 4.67735141e+04 -3.42767350e+01  4.20300601e-04 
 4.78630092e+04 -3.42767350e+01  4.30090660e-04 
 4.89778819e+04 -3.42767350e+01  4.40108758e-04 
 5.01187234e+04 -3.42767350e+01  4.50360208e-04 
 5.12861384e+04 -3.42767350e+01  4.60850445e-04 
 5.24807460e+04 -3.42767350e+01  4.71585031e-04 
 5.37031796e+04 -3.42767350e+01  4.82569657e-04 
 5.49540874e+04 -3.42767350e+01  4.93810149e-04 
 5.62341325e+04 -3.42767350e+01  5.05312465e-04 
 5.75439937e+04 -3.42767350e+01  5.17082704e-04 
 5.88843655e+04 -3.42767350e+01  5.29127108e-04 
 6.02559586e+04 -3.42767350e+01  5.41452061e-04 
 6.16595002e+04 -3.42767350e+01  5.54064100e-04 
 6.30957344e+04 -3.42767350e+01  5.66969911e-04 
 6.45654229e+04 -3.42767350e+01  5.80176336e-04 
 6.60693448e+04 -3.42767350e+01  5.93690379e-04 
 6.76082975e+04 -3.42767350e+01  6.07519205e-04 
 6.91830971e+04 -3.42767350e+01  6.21670145e-04 
 7.07945784e+04 -3.42767350e+01  6.36150703e-04 
 7.24435960e+04 -3.42767350e+01  6.50968556e-04 
 7.41310241e+04 -3.42767350e+01  6.66131562e-04 
 7.58577575e+04 -3.42767350e+01  6.81647759e-04 
 7.76247117e+04 -3.42767350e+01  6.97525375e-04 
 7.94328235e+04 -3.42767350e+01  7.13772828e-04 
 8.12830516e+04 -3.42767350e+01  7.30398733e-04 
 8.31763771e+04 -3.42767350e+01  7.47411905e-04 
 8.51138038e+04 -3.42767350e+01  7.64821365e-04 
 8.70963590e+04 -3.42767350e+01  7.82636343e-04 
 8.91250938e+04 -3.42767350e+01  8.00866285e-04 
 9.12010839e+04 -3.42767350e+01  8.19520857e-04 
 9.33254301e+04 -3.42767350e+01  8.38609950e-04 
 9.54992586e+04 -3.42767350e+01  8.58143685e-04 
 9.77237221e+04 -3.42767350e+01  8.78132420e-04 
 1.00000000e+05 -3.42767350e+01  8.98586751e-04 
 1.02329299e+05 -3.42767350e+01  9.19517526e-04 
 1.04712855e+05 -3.42767350e+01  9.40935840e-04 
 1.07151931e+05 -3.42767350e+01  9.62853051e-04 
 1.09647820e+05 -3.42767350e+01  9.85280780e-04 
 1.12201845e+05 -3.42767350e+01  1.00823092e-03 
 1.14815362e+05 -3.42767350e+01  1.03171563e-03 
 1.17489755e+05 -3.42767350e+01  1.05574738e-03 
 1.20226443e+05 -3.42767350e+01  1.08033889e-03 
 1.23026877e+05 -3.42767350e+01  1.10550322e-03 
 1.25892541e+05 -3.42767350e+01  1.13125370e-03 
 1.28824955e+05 -3.42767350e+01  1.15760398e-03 
 1.31825674e+05 -3.42767350e+01  1.18456804e-03 
 1.34896288e+05 -3.42767350e+01  1.21216017e-03 
 1.38038426e+05 -3.42767350e+01  1.24039501e-03 
 1.41253754e+05 -3.42767350e+01  1.26928752e-03 
 1.44543977e+05 -3.42767350e+01  1.29885303e-03 
 1.47910839e+05 -3.42767350e+01  1.32910720e-03 
 1.51356125e+05 -3.42767350e+01  1.36006608e-03 
 1.54881662e+05 -3.42767350e+01  1.39174609e-03 
 1.58489319e+05 -3.42767350e+01  1.42416402e-03 
 1.62181010e+05 -3.42767350e+01  1.45733706e-03 
 1.65958691e+05 -3.42767350e+01  1.49128281e-03 
 1.69824365e+05 -3.42767350e+01  1.52601924e-03 
 1.73780083e+05 -3.42767350e+01  1.56156480e-03 
 1.77827941e+05 -3.42767350e+01  1.59793832e-03 
 1.81970086e+05 -3.42767350e+01  1.63515908e-03 
 1.86208714e+05 -3.42767349e+01  1.67324683e-03 
 1.90546072e+05 -3.42767349e+01  1.71222175e-03 
 1.94984460e+05 -3.42767349e+01  1.75210452e-03 
 1.99526231e+05 -3.42767349e+01  1.79291628e-03 
 2.04173794e+05 -3.42767349e+01  1.83467866e-03 
 2.08929613e+05 -3.42767349e+01  1.87741382e-03 
 2.13796209e+05 -3.42767349e+01  1.92114440e-03 
 2.18776162e+05 -3.42767349e+01  1.96589361e-03 
 2.23872114e+05 -3.42767349e+01  2.01168515e-03 
 2.29086765e+05 -3.42767349e+01  2.05854332e-03 
 2.34422882e+05 -3.42767349e+01  2.10649295e-03 
 2.39883292e+05 -3.42767349e+01  2.15555947e-03 
 2.45470892e+05 -3.42767349e+01  2.20576890e-03 
 2.51188643e+05 -3.42767349e+01  2.25714786e-03 
 2.57039578e+05 -3.42767349e+01  2.30972359e-03 
 2.63026799e+05 -3.42767349e+01  2.36352396e-03 
 2.69153480e+05 -3.42767349e+01  2.41857751e-03 
 2.75422870e+05 -3.42767349e+01  2.47491341e-03 
 2.81838293e+05 -3.42767348e+01  2.53256155e-03 
 2.88403150e+05 -3.42767348e+01  2.59155249e-03 
 2.95120923e+05 -3.42767348e+01  2.65191750e-03 
 3.01995172e+05 -3.42767348e+01  2.71368859e-03 
 3.09029543e+05 -3.42767348e+01  2.77689852e-03 
 3.16227766e+05 -3.42767348e+01  2.84158079e-03 
 3.23593657e+05 -3.42767348e+01  2.90776971e-03 
 3.31131121e+05 -3.42767348e+01  2.97550037e-03 
 3.38844156e+05 -3.42767348e+01  3.04480867e-03 
 3.46736850e+05 -3.42767348e+01  3.11573138e-03 
 3.54813389e+05 -3.42767347e+01  3.18830608e-03 
 3.63078055e+05 -3.42767347e+01  3.26257127e-03 
 3.71535229e+05 -3.42767347e+01  3.33856632e-03 
 3.80189396e+05 -3.42767347e+01  3.41633151e-03 
 3.89045145e+05 -3.42767347e+01  3.49590810e-03 
 3.98107171e+05 -3.42767347e+01  3.57733825e-03 
 4.07380278e+05 -3.42767346e+01  3.66066517e-03 
 4.16869383e+05 -3.42767346e+01  3.74593301e-03 
 4.26579519e+05 -3.42767346e+01  3.83318700e-03 
 4.36515832e+05 -3.42767346e+01  3.92247339e-03 
 4.46683592e+05 -3.42767346e+01  4.01383953e-03 
 4.57088190e+05 -3.42767345e+01  4.10733386e-03 
 4.67735141e+05 -3.42767345e+01  4.20300595e-03 
 4.78630092e+05 -3.42767345e+01  4.30090653e-03 
 4.89778819e+05 -3.42767345e+01  4.40108751e-03 
 5.01187234e+05 -3.42767344e+01  4.50360201e-03 
 5.12861384e+05 -3.42767344e+01  4.60850437e-03 
 5.24807460e+05 -3.42767344e+01  4.71585022e-03 
 5.37031796e+05 -3.42767344e+01  4.82569648e-03 
 5.49540874e+05 -3.42767343e+01  4.93810139e-03 
 5.62341325e+05 -3.42767343e+01  5.05312454e-03 
 5.75439937e+05 -3.42767343e+01  5.17082693e-03 
 5.88843655e+05 -3.42767342e+01  5.29127095e-03 
 6.02559586e+05 -3.42767342e+01  5.41452048e-03 
 6.16595002e+05 -3.42767342e+01  5.54064086e-03 
 6.30957344e+05 -3.42767341e+01  5.66969896e-03 
 6.45654229e+05 -3.42767341e+01  5.80176320e-03 
 6.60693448e+05 -3.42767340e+01  5.93690362e-03 
 6.76082975e+05 -3.42767340e+01  6.07519186e-03 
 6.91830971e+05 -3.42767339e+01  6.21670125e-03 
 7.07945784e+05 -3.42767339e+01  6.36150681e-03 
 7.24435960e+05 -3.42767338e+01  6.50968533e-03 
 7.41310241e+05 -3.42767338e+01  6.66131537e-03 
 7.58577575e+05 -3.42767337e+01  6.81647733e-03 
 7.76247117e+05 -3.42767336e+01  6.97525347e-03 
 7.94328235e+05 -3.42767336e+01  7.13772798e-03 
 8.12830516e+05 -3.42767335e+01  7.30398701e-03 
 8.31763771e+05 -3.42767334e+01  7.47411870e-03 
 8.51138038e+05 -3.42767334e+01  7.64821328e-03 
 8.70963590e+05 -3.42767333e+01  7.82636303e-03 
 8.91250938e+05 -3.42767332e+01  8.00866243e-03 
 9.12010839e+05 -3.42767331e+01  8.19520812e-03 
 9.33254301e+05 -3.42767330e+01  8.38609901e-03 
 9.54992586e+05 -3.42767329e+01  8.58143633e-03 
 9.77237221e+05 -3.42767328e+01  8.78132364e-03 
 1.00000000e+06 -3.42767327e+01  8.98586691e-03 
 1.02329299e+06 -3.42767326e+01  9.19517461e-03 
 1.04712855e+06 -3.42767325e+01  9.40935771e-03 
 1.07151931e+06 -3.42767324e+01  9.62852977e-03 
 1.09647820e+06 -3.42767323e+01  9.85280701e-03 
 1.12201845e+06 -3.42767321e+01  1.00823083e-02 
 1.14815362e+06 -3.42767320e+01  1.03171554e-02 
 1.17489755e+06 -3.42767318e+01  1.05574728e-02 
 1.20226443e+06 -3.42767317e+01  1.08033879e-02 
 1.23026877e+06 -3.42767315e+01  1.10550311e-02 
 1.25892541e+06 -3.42767314e+01  1.13125358e-02 
 1.28824955e+06 -3.42767312e+01  1.15760385e-02 
 1.31825674e+06 -3.42767310e+01  1.18456790e-02 
 1.34896288e+06 -3.42767308e+01  1.21216003e-02 
 1.38038426e+06 -3.42767306e+01  1.24039485e-02 
 1.41253754e+06 -3.42767304e+01  1.26928735e-02 
 1.44543977e+06 -3.42767302e+01  1.29885285e-02 
 1.47910839e+06 -3.42767300e+01  1.32910701e-02 
 1.51356125e+06 -3.42767297e+01  1.36006588e-02 
 1.54881662e+06 -3.42767295e+01  1.39174587e-02 
 1.58489319e+06 -3.42767292e+01  1.42416378e-02 
 1.62181010e+06 -3.42767290e+01  1.45733681e-02 
 1.65958691e+06 -3.42767287e+01  1.49128253e-02 
 1.69824365e+06 -3.42767284e+01  1.52601895e-02 
 1.73780083e+06 -3.42767281e+01  1.56156448e-02 
 1.77827941e+06 -3.42767277e+01  1.59793798e-02 
 1.81970086e+06 -3.42767274e+01  1.63515872e-02 
 1.86208714e+06 -3.42767270e+01  1.67324644e-02 
 1.90546072e+06 -3.42767267e+01  1.71222134e-02 
 1.94984460e+06 -3.42767263e+01  1.75210408e-02 
 1.99526231e+06 -3.42767258e+01  1.79291580e-02 
 2.04173794e+06 -3.42767254e+01  1.83467815e-02 
 2.08929613e+06 -3.42767250e+01  1.87741327e-02 
 2.13796209e+06 -3.42767245e+01  1.92114382e-02 
 2.18776162e+06 -3.42767240e+01  1.96589298e-02 
 2.23872114e+06 -3.42767235e+01  2.01168447e-02 
 2.29086765e+06 -3.42767229e+01  2.05854259e-02 
 2.34422882e+06 -3.42767223e+01  2.10649217e-02 
 2.39883292e+06 -3.42767218e+01  2.15555864e-02 
 2.45470892e+06 -3.42767211e+01  2.20576801e-02 
 2.51188643e+06 -3.42767205e+01  2.25714691e-02 
 2.57039578e+06 -3.42767198e+01  2.30972257e-02 
 2.63026799e+06 -3.42767191e+01  2.36352287e-02 
 2.69153480e+06 -3.42767183e+01  2.41857633e-02 
 2.75422870e+06 -3.42767175e+01  2.47491216e-02 
 2.81838293e+06 -3.42767167e+01  2.53256020e-02 
 2.88403150e+06 -3.42767158e+01  2.59155104e-02 
 2.95120923e+06 -3.42767149e+01  2.65191595e-02 
 3.01995172e+06 -3.42767140e+01  2.71368693e-02 
 3.09029543e+06 -3.42767130e+01  2.77689674e-02 
 3.16227766e+06 -3.42767120e+01  2.84157889e-02 
 3.23593657e+06 -3.42767109e+01  2.90776767e-02 
 3.31131121e+06 -3.42767097e+01  2.97549818e-02 
 3.38844156e+06 -3.42767085e+01  3.04480633e-02 
 3.46736850e+06 -3.42767073e+01  3.11572887e-02 
 3.54813389e+06 -3.42767060e+01  3.18830340e-02 
 3.63078055e+06 -3.42767046e+01  3.26256839e-02 
 3.71535229e+06 -3.42767032e+01  3.33856323e-02 
 3.80189396e+06 -3.42767017e+01  3.41632821e-02 
 3.89045145e+06 -3.42767001e+01  3.49590456e-02 
 3.98107171e+06 -3.42766985e+01  3.57733446e-02 
 4.07380278e+06 -3.42766967e+01  3.66066110e-02 
 4.16869383e+06 -3.42766949e+01  3.74592865e-02 
 4.26579519e+06 -3.42766930e+01  3.83318233e-02 
 4.36515832e+06 -3.42766911e+01  3.92246839e-02 
 4.46683592e+06 -3.42766890e+01  4.01383417e-02 
 4.57088190e+06 -3.42766868e+01  4.10732812e-02 
 4.67735141e+06 -3.42766846e+01  4.20299980e-02 
 4.78630092e+06 -3.42766822e+01  4.30089994e-02 
 4.89778819e+06 -3.42766797e+01  4.40108045e-02 
 5.01187234e+06 -3.42766771e+01  4.50359444e-02 
 5.12861384e+06 -3.42766743e+01  4.60849626e-02 
 5.24807460e+06 -3.42766715e+01  4.71584153e-02 
 5.37031796e+06 -3.42766685e+01  4.82568717e-02 
 5.49540874e+06 -3.42766654e+01  4.93809141e-02 
 5.62341325e+06 -3.42766621e+01  5.05311385e-02 
 5.75439937e+06 -3.42766586e+01  5.17081547e-02 
 5.88843655e+06 -3.42766550e+01  5.29125868e-02 
 6.02559586e+06 -3.42766513e+01  5.41450733e-02 
 6.16595002e+06 -3.42766473e+01  5.54062676e-02 
 6.30957344e+06 -3.42766432e+01  5.66968385e-02 
 6.45654229e+06 -3.42766388e+01  5.80174702e-02 
 6.60693448e+06 -3.42766343e+01  5.93688628e-02 
 6.76082975e+06 -3.42766296e+01  6.07517328e-02 
 6.91830971e+06 -3.42766246e+01  6.21668134e-02 
 7.07945784e+06 -3.42766194e+01  6.36148548e-02 
 7.24435960e+06 -3.42766139e+01  6.50966247e-02 
 7.41310241e+06 -3.42766082e+01  6.66129088e-02 
 7.58577575e+06 -3.42766023e+01  6.81645108e-02 
 7.76247117e+06 -3.42765960e+01  6.97522535e-02 
 7.94328235e+06 -3.42765895e+01  7.13769785e-02 
 8.12830516e+06 -3.42765826e+01  7.30395472e-02 
 8.31763771e+06 -3.42765754e+01  7.47408411e-02 
 8.51138038e+06 -3.42765679e+01  7.64817621e-02 
 8.70963590e+06 -3.42765600e+01  7.82632331e-02 
 8.91250938e+06 -3.42765518e+01  8.00861986e-02 
 9.12010839e+06 -3.42765431e+01  8.19516251e-02 
 9.33254301e+06 -3.42765341e+01  8.38605015e-02 
 9.54992586e+06 -3.42765246e+01  8.58138397e-02 
 9.77237221e+06 -3.42765147e+01  8.78126753e-02 
 1.00000000e+07 -3.42765043e+01  8.98580679e-02 
 1.02329299e+07 -3.42764934e+01  9.19511019e-02 
 1.04712855e+07 -3.42764820e+01  9.40928868e-02 
 1.07151931e+07 -3.42764701e+01  9.62845581e-02 
 1.09647820e+07 -3.42764576e+01  9.85272775e-02 
 1.12201845e+07 -3.42764446e+01  1.00822234e-01 
 1.14815362e+07 -3.42764309e+01  1.03170644e-01 
 1.17489755e+07 -3.42764165e+01  1.05573753e-01 
 1.20226443e+07 -3.42764015e+01  1.08032834e-01 
 1.23026877e+07 -3.42763858e+01  1.10549191e-01 
 1.25892541e+07 -3.42763694e+01  1.13124158e-01 
 1.28824955e+07 -3.42763521e+01  1.15759100e-01 
 1.31825674e+07 -3.42763341e+01  1.18455413e-01 
 1.34896288e+07 -3.42763152e+01  1.21214527e-01 
 1.38038426e+07 -3.42762954e+01  1.24037904e-01 
 1.41253754e+07 -3.42762747e+01  1.26927041e-01 
 1.44543977e+07 -3.42762530e+01  1.29883469e-01 
 1.47910839e+07 -3.42762303e+01  1.32908755e-01 
 1.51356125e+07 -3.42762065e+01  1.36004503e-01 
 1.54881662e+07 -3.42761816e+01  1.39172353e-01 
 1.58489319e+07 -3.42761555e+01  1.42413985e-01 
 1.62181010e+07 -3.42761282e+01  1.45731116e-01 
 1.65958691e+07 -3.42760996e+01  1.49125505e-01 
 1.69824365e+07 -3.42760696e+01  1.52598950e-01 
 1.73780083e+07 -3.42760383e+01  1.56153293e-01 
 1.77827941e+07 -3.42760054e+01  1.59790417e-01 
 1.81970086e+07 -3.42759710e+01  1.63512249e-01 
 1.86208714e+07 -3.42759350e+01  1.67320762e-01 
 1.90546072e+07 -3.42758973e+01  1.71217974e-01 
 1.94984460e+07 -3.42758578e+01  1.75205951e-01 
 1.99526231e+07 -3.42758165e+01  1.79286805e-01 
 2.04173794e+07 -3.42757732e+01  1.83462698e-01 
 2.08929613e+07 -3.42757279e+01  1.87735844e-01 
 2.13796209e+07 -3.42756804e+01  1.92108507e-01 
 2.18776162e+07 -3.42756307e+01  1.96583002e-01 
 2.23872114e+07 -3.42755787e+01  2.01161702e-01 
 2.29086765e+07 -3.42755242e+01  2.05847031e-01 
 2.34422882e+07 -3.42754671e+01  2.10641473e-01 
 2.39883292e+07 -3.42754074e+01  2.15547566e-01 
 2.45470892e+07 -3.42753448e+01  2.20567909e-01 
 2.51188643e+07 -3.42752793e+01  2.25705163e-01 
 2.57039578e+07 -3.42752107e+01  2.30962047e-01 
 2.63026799e+07 -3.42751389e+01  2.36341347e-01 
 2.69153480e+07 -3.42750636e+01  2.41845911e-01 
 2.75422870e+07 -3.42749849e+01  2.47478655e-01 
 2.81838293e+07 -3.42749024e+01  2.53242562e-01 
 2.88403150e+07 -3.42748160e+01  2.59140683e-01 
 2.95120923e+07 -3.42747256e+01  2.65176143e-01 
 3.01995172e+07 -3.42746309e+01  2.71352136e-01 
 3.09029543e+07 -3.42745317e+01  2.77671932e-01 
 3.16227766e+07 -3.42744279e+01  2.84138878e-01 
 3.23593657e+07 -3.42743192e+01  2.90756397e-01 
 3.31131121e+07 -3.42742053e+01  2.97527991e-01 
 3.38844156e+07 -3.42740861e+01  3.04457245e-01 
 3.46736850e+07 -3.42739613e+01  3.11547826e-01 
 3.54813389e+07 -3.42738306e+01  3.18803487e-01 
 3.63078055e+07 -3.42736937e+01  3.26228066e-01 
 3.71535229e+07 -3.42735504e+01  3.33825492e-01 
 3.80189396e+07 -3.42734003e+01  3.41599785e-01 
 3.89045145e+07 -3.42732432e+01  3.49555057e-01 
 3.98107171e+07 -3.42730786e+01  3.57695516e-01 
 4.07380278e+07 -3.42729063e+01  3.66025468e-01 
 4.16869383e+07 -3.42727259e+01  3.74549317e-01 
 4.26579519e+07 -3.42725370e+01  3.83271570e-01 
 4.36515832e+07 -3.42723392e+01  3.92196839e-01 
 4.46683592e+07 -3.42721320e+01  4.01329841e-01 
 4.57088190e+07 -3.42719151e+01  4.10675405e-01 
 4.67735141e+07 -3.42716880e+01  4.20238468e-01 
 4.78630092e+07 -3.42714502e+01  4.30024083e-01 
 4.89778819e+07 -3.42712012e+01  4.40037421e-01 
 5.01187234e+07 -3.42709404e+01  4.50283769e-01 
 5.12861384e+07 -3.42706674e+01  4.60768540e-01 
 5.24807460e+07 -3.42703815e+01  4.71497269e-01 
 5.37031796e+07 -3.42700821e+01  4.82475619e-01 
 5.49540874e+07 -3.42697686e+01  4.93709386e-01 
 5.62341325e+07 -3.42694404e+01  5.05204497e-01 
 5.75439937e+07 -3.42690967e+01  5.16967016e-01 
 5.88843655e+07 -3.42687368e+01  5.29003147e-01 
 6.02559586e+07 -3.42683599e+01  5.41319236e-01 
 6.16595002e+07 -3.42679653e+01  5.53921777e-01 
 6.30957344e+07 -3.42675521e+01  5.66817411e-01 
 6.45654229e+07 -3.42671195e+01  5.80012932e-01 
 6.60693448e+07 -3.42666665e+01  5.93515291e-01 
 6.76082975e+07 -3.42661921e+01  6.07331597e-01 
 6.91830971e+07 -3.42656954e+01  6.21469123e-01 
 7.07945784e+07 -3.42651753e+01  6.35935308e-01 
 7.24435960e+07 -3.42646307e+01  6.50737760e-01 
 7.41310241e+07 -3.42640605e+01  6.65884264e-01 
 7.58577575e+07 -3.42634634e+01  6.81382780e-01 
 7.76247117e+07 -3.42628382e+01  6.97241450e-01 
 7.94328235e+07 -3.42621835e+01  7.13468604e-01 
 8.12830516e+07 -3.42614981e+01  7.30072758e-01 
 8.31763771e+07 -3.42607803e+01  7.47062624e-01 
 8.51138038e+07 -3.42600288e+01  7.64447113e-01 
 8.70963590e+07 -3.42592419e+01  7.82235335e-01 
 8.91250938e+07 -3.42584179e+01  8.00436608e-01 
 9.12010839e+07 -3.42575552e+01  8.19060463e-01 
 9.33254301e+07 -3.42566518e+01  8.38116643e-01 
 9.54992586e+07 -3.42557059e+01  8.57615113e-01 
 9.77237221e+07 -3.42547155e+01  8.77566062e-01 
 1.00000000e+08 -3.42536785e+01  8.97979909e-01 
 1.02329299e+08 -3.42525927e+01  9.18867304e-01 
 1.04712855e+08 -3.42514558e+01  9.40239141e-01 
 1.07151931e+08 -3.42502654e+01  9.62106553e-01 
 1.09647820e+08 -3.42490190e+01  9.84480925e-01 
 1.12201845e+08 -3.42477139e+01  1.00737389e+00 
 1.14815362e+08 -3.42463475e+01  1.03079735e+00 
 1.17489755e+08 -3.42449167e+01  1.05476347e+00 
 1.20226443e+08 -3.42434187e+01  1.07928467e+00 
 1.23026877e+08 -3.42418502e+01  1.10437365e+00 
 1.25892541e+08 -3.42402080e+01  1.13004341e+00 
 1.28824955e+08 -3.42384886e+01  1.15630720e+00 
 1.31825674e+08 -3.42366883e+01  1.18317860e+00 
 1.34896288e+08 -3.42348034e+01  1.21067145e+00 
 1.38038426e+08 -3.42328298e+01  1.23879992e+00 
 1.41253754e+08 -3.42307636e+01  1.26757846e+00 
 1.44543977e+08 -3.42286002e+01  1.29702186e+00 
 1.47910839e+08 -3.42263352e+01  1.32714521e+00 
 1.51356125e+08 -3.42239638e+01  1.35796393e+00 
 1.54881662e+08 -3.42214810e+01  1.38949378e+00 
 1.58489319e+08 -3.42188815e+01  1.42175083e+00 
 1.62181010e+08 -3.42161601e+01  1.45475150e+00 
 1.65958691e+08 -3.42133108e+01  1.48851258e+00 
 1.69824365e+08 -3.42103278e+01  1.52305117e+00 
 1.73780083e+08 -3.42072048e+01  1.55838477e+00 
 1.77827941e+08 -3.42039353e+01  1.59453121e+00 
 1.81970086e+08 -3.42005123e+01  1.63150870e+00 
 1.86208714e+08 -3.41969289e+01  1.66933583e+00 
 1.90546072e+08 -3.41931774e+01  1.70803154e+00 
 1.94984460e+08 -3.41892500e+01  1.74761519e+00 
 1.99526231e+08 -3.41851385e+01  1.78810651e+00 
 2.04173794e+08 -3.41808344e+01  1.82952561e+00 
 2.08929613e+08 -3.41763287e+01  1.87189302e+00 
 2.13796209e+08 -3.41716119e+01  1.91522966e+00 
 2.18776162e+08 -3.41666743e+01  1.95955684e+00 
 2.23872114e+08 -3.41615057e+01  2.00489631e+00 
 2.29086765e+08 -3.41560952e+01  2.05127021e+00 
 2.34422882e+08 -3.41504316e+01  2.09870109e+00 
 2.39883292e+08 -3.41445033e+01  2.14721193e+00 
 2.45470892e+08 -3.41382978e+01  2.19682612e+00 
 2.51188643e+08 -3.41318025e+01  2.24756749e+00 
 2.57039578e+08 -3.41250038e+01  2.29946028e+00 
 2.63026799e+08 -3.41178878e+01  2.35252914e+00 
 2.69153480e+08 -3.41104397e+01  2.40679915e+00 
 2.75422870e+08 -3.41026443e+01  2.46229583e+00 
 2.81838293e+08 -3.40944855e+01  2.51904511e+00 
 2.88403150e+08 -3.40859466e+01  2.57707333e+00 
 2.95120923e+08 -3.40770101e+01  2.63640725e+00 
 3.01995172e+08 -3.40676577e+01  2.69707405e+00 
 3.09029543e+08 -3.40578703e+01  2.75910131e+00 
 3.16227766e+08 -3.40476280e+01  2.82251702e+00 
 3.23593657e+08 -3.40369099e+01  2.88734954e+00 
 3.31131121e+08 -3.40256943e+01  2.95362764e+00 
 3.38844156e+08 -3.40139584e+01  3.02138047e+00 
 3.46736850e+08 -3.40016785e+01  3.09063752e+00 
 3.54813389e+08 -3.39888299e+01  3.16142864e+00 
 3.63078055e+08 -3.39753867e+01  3.23378403e+00 
 3.71535229e+08 -3.39613218e+01  3.30773419e+00 
 3.80189396e+08 -3.39466072e+01  3.38330995e+00 
 3.89045145e+08 -3.39312135e+01  3.46054239e+00 
 3.98107171e+08 -3.39151100e+01  3.53946289e+00 
 4.07380278e+08 -3.38982648e+01  3.62010301e+00 
 4.16869383e+08 -3.38806445e+01  3.70249458e+00 
 4.26579519e+08 -3.38622144e+01  3.78666955e+00 
 4.36515832e+08 -3.38429382e+01  3.87266006e+00 
 4.46683592e+08 -3.38227782e+01  3.96049834e+00 
 4.57088190e+08 -3.38016951e+01  4.05021668e+00 
 4.67735141e+08 -3.37796480e+01  4.14184742e+00 
 4.78630092e+08 -3.37565941e+01  4.23542285e+00 
 4.89778819e+08 -3.37324891e+01  4.33097523e+00 
 5.01187234e+08 -3.37072867e+01  4.42853666e+00 
 5.12861384e+08 -3.36809388e+01  4.52813909e+00 
 5.24807460e+08 -3.36533955e+01  4.62981419e+00 
 5.37031796e+08 -3.36246046e+01  4.73359335e+00 
 5.49540874e+08 -3.35945122e+01  4.83950756e+00 
 5.62341325e+08 -3.35630620e+01  4.94758734e+00 
 5.75439937e+08 -3.35301957e+01  5.05786268e+00 
 5.88843655e+08 -3.34958526e+01  5.17036293e+00 
 6.02559586e+08 -3.34599699e+01  5.28511668e+00 
 6.16595002e+08 -3.34224823e+01  5.40215174e+00 
 6.30957344e+08 -3.33833221e+01  5.52149492e+00 
 6.45654229e+08 -3.33424191e+01  5.64317200e+00 
 6.60693448e+08 -3.32997008e+01  5.76720760e+00 
 6.76082975e+08 -3.32550917e+01  5.89362498e+00 
 6.91830971e+08 -3.32085142e+01  6.02244599e+00 
 7.07945784e+08 -3.31598875e+01  6.15369087e+00 
 7.24435960e+08 -3.31091284e+01  6.28737812e+00 
 7.41310241e+08 -3.30561509e+01  6.42352432e+00 
 7.58577575e+08 -3.30008663e+01  6.56214398e+00 
 7.76247117e+08 -3.29431828e+01  6.70324934e+00 
 7.94328235e+08 -3.28830060e+01  6.84685020e+00 
 8.12830516e+08 -3.28202387e+01  6.99295371e+00 
 8.31763771e+08 -3.27547807e+01  7.14156417e+00 
 8.51138038e+08 -3.26865290e+01  7.29268282e+00 
 8.70963590e+08 -3.26153779e+01  7.44630760e+00 
 8.91250938e+08 -3.25412188e+01  7.60243295e+00 
 9.12010839e+08 -3.24639404e+01  7.76104952e+00 
 9.33254301e+08 -3.23834286e+01  7.92214398e+00 
 9.54992586e+08 -3.22995667e+01  8.08569870e+00 
 9.77237221e+08 -3.22122356e+01  8.25169156e+00 
 1.00000000e+09 -3.21213135e+01  8.42009559e+00 
 1.02329299e+09 -3.20266764e+01  8.59087880e+00 
 1.04712855e+09 -3.19281982e+01  8.76400379e+00 
 1.07151931e+09 -3.18257506e+01  8.93942754e+00 
 1.09647820e+09 -3.17192033e+01  9.11710110e+00 
 1.12201845e+09 -3.16084248e+01  9.29696927e+00 
 1.14815362e+09 -3.14932816e+01  9.47897037e+00 
 1.17489755e+09 -3.13736395e+01  9.66303587e+00 
 1.20226443e+09 -3.12493631e+01  9.84909019e+00 
 1.23026877e+09 -3.11203163e+01  1.00370503e+01 
 1.25892541e+09 -3.09863631e+01  1.02268256e+01 
 1.28824955e+09 -3.08473673e+01  1.04183176e+01 
 1.31825674e+09 -3.07031931e+01  1.06114194e+01 
 1.34896288e+09 -3.05537059e+01  1.08060160e+01 
 1.38038426e+09 -3.03987720e+01  1.10019834e+01 
 1.41253754e+09 -3.02382601e+01  1.11991891e+01 
 1.44543977e+09 -3.00720406e+01  1.13974913e+01 
 1.47910839e+09 -2.98999873e+01  1.15967392e+01 
 1.51356125e+09 -2.97219772e+01  1.17967725e+01 
 1.54881662e+09 -2.95378912e+01  1.19974215e+01 
 1.58489319e+09 -2.93476151e+01  1.21985073e+01 
 1.62181010e+09 -2.91510400e+01  1.23998410e+01 
 1.65958691e+09 -2.89480629e+01  1.26012248e+01 
 1.69824365e+09 -2.87385874e+01  1.28024509e+01 
 1.73780083e+09 -2.85225246e+01  1.30033028e+01 
 1.77827941e+09 -2.82997937e+01  1.32035544e+01 
 1.81970086e+09 -2.80703227e+01  1.34029709e+01 
 1.86208714e+09 -2.78340491e+01  1.36013090e+01 
 1.90546072e+09 -2.75909210e+01  1.37983170e+01 
 1.94984460e+09 -2.73408973e+01  1.39937353e+01 
 1.99526231e+09 -2.70839486e+01  1.41872971e+01 
 2.04173794e+09 -2.68200582e+01  1.43787287e+01 
 2.08929613e+09 -2.65492225e+01  1.45677500e+01 
 2.13796209e+09 -2.62714517e+01  1.47540756e+01 
 2.18776162e+09 -2.59867704e+01  1.49374151e+01 
 2.23872114e+09 -2.56952185e+01  1.51174742e+01 
 2.29086765e+09 -2.53968513e+01  1.52939552e+01 
 2.34422882e+09 -2.50917400e+01  1.54665584e+01 
 2.39883292e+09 -2.47799728e+01  1.56349829e+01 
 2.45470892e+09 -2.44616542e+01  1.57989272e+01 
 2.51188643e+09 -2.41369062e+01  1.59580911e+01 
 2.57039578e+09 -2.38058680e+01  1.61121760e+01 
 2.63026799e+09 -2.34686964e+01  1.62608868e+01 
 2.69153480e+09 -2.31255655e+01  1.64039323e+01 
 2.75422870e+09 -2.27766671e+01  1.65410271e+01 
 2.81838293e+09 -2.24222100e+01  1.66718925e+01 
 2.88403150e+09 -2.20624203e+01  1.67962577e+01 
 2.95120923e+09 -2.16975406e+01  1.69138610e+01 
 3.01995172e+09 -2.13278300e+01  1.70244512e+01 
 3.09029543e+09 -2.09535630e+01  1.71277887e+01 
 3.16227766e+09 -2.05750293e+01  1.72236462e+01 
 3.23593657e+09 -2.01925328e+01  1.73118108e+01 
 3.31131121e+09 -1.98063909e+01  1.73920840e+01 
 3.38844156e+09 -1.94169337e+01  1.74642832e+01 
 3.46736850e+09 -1.90245024e+01  1.75282428e+01 
 3.54813389e+09 -1.86294491e+01  1.75838147e+01 
 3.63078055e+09 -1.82321348e+01  1.76308689e+01 
 3.71535229e+09 -1.78329287e+01  1.76692950e+01 
 3.80189396e+09 -1.74322067e+01  1.76990017e+01 
 3.89045145e+09 -1.70303502e+01  1.77199182e+01 
 3.98107171e+09 -1.66277444e+01  1.77319938e+01 
 4.07380278e+09 -1.62247774e+01  1.77351990e+01 
 4.16869383e+09 -1.58218386e+01  1.77295248e+01 
 4.26579519e+09 -1.54193170e+01  1.77149832e+01 
 4.36515832e+09 -1.50176001e+01  1.76916072e+01 
 4.46683592e+09 -1.46170725e+01  1.76594502e+01 
 4.57088190e+09 -1.42181142e+01  1.76185864e+01 
 4.67735141e+09 -1.38210996e+01  1.75691094e+01 
 4.78630092e+09 -1.34263961e+01  1.75111327e+01 
 4.89778819e+09 -1.30343626e+01  1.74447885e+01 
 5.01187234e+09 -1.26453487e+01  1.73702270e+01 
 5.12861384e+09 -1.22596933e+01  1.72876159e+01 
 5.24807460e+09 -1.18777235e+01  1.71971395e+01 
 5.37031796e+09 -1.14997538e+01  1.70989974e+01 
 5.49540874e+09 -1.11260850e+01  1.69934040e+01 
 5.62341325e+09 -1.07570038e+01  1.68805870e+01 
 5.75439937e+09 -1.03927814e+01  1.67607866e+01 
 5.88843655e+09 -1.00336735e+01  1.66342541e+01 
 6.02559586e+09 -9.67991962e+00  1.65012511e+01 
 6.16595002e+09 -9.33174249e+00  1.63620480e+01 
 6.30957344e+09 -8.98934790e+00  1.62169226e+01 
 6.45654229e+09 -8.65292440e+00  1.60661595e+01 
 6.60693448e+09 -8.32264323e+00  1.59100485e+01 
 6.76082975e+09 -7.99865822e+00  1.57488832e+01 
 6.91830971e+09 -7.68110590e+00  1.55829606e+01 
 7.07945784e+09 -7.37010558e+00  1.54125789e+01 
 7.24435960e+09 -7.06575961e+00  1.52380375e+01 
 7.41310241e+09 -6.76815366e+00  1.50596351e+01 
 7.58577575e+09 -6.47735707e+00  1.48776690e+01 
 7.76247117e+09 -6.19342330e+00  1.46924343e+01 
 7.94328235e+09 -5.91639041e+00  1.45042228e+01 
 8.12830516e+09 -5.64628160e+00  1.43133221e+01 
 8.31763771e+09 -5.38310579e+00  1.41200151e+01 
 8.51138038e+09 -5.12685824e+00  1.39245789e+01 
 8.70963590e+09 -4.87752120e+00  1.37272844e+01 
 8.91250938e+09 -4.63506464e+00  1.35283958e+01 
 9.12010839e+09 -4.39944686e+00  1.33281696e+01 
 9.33254301e+09 -4.17061532e+00  1.31268549e+01 
 9.54992586e+09 -3.94850726e+00  1.29246921e+01 
 9.77237221e+09 -3.73305050e+00  1.27219134e+01 
 1.00000000e+10 -3.52416415e+00  1.25187418e+01 
 1.02329299e+10 -3.32175931e+00  1.23153915e+01 
 1.04712855e+10 -3.12573981e+00  1.21120675e+01 
 1.07151931e+10 -2.93600290e+00  1.19089650e+01 
 1.09647820e+10 -2.75243994e+00  1.17062703e+01 
 1.12201845e+10 -2.57493703e+00  1.15041600e+01 
 1.14815362e+10 -2.40337569e+00  1.13028013e+01 
 1.17489755e+10 -2.23763348e+00  1.11023519e+01 
 1.20226443e+10 -2.07758453e+00  1.09029605e+01 
 1.23026877e+10 -1.92310017e+00  1.07047664e+01 
 1.25892541e+10 -1.77404944e+00  1.05079001e+01 
 1.28824955e+10 -1.63029956e+00  1.03124832e+01 
 1.31825674e+10 -1.49171648e+00  1.01186287e+01 
 1.34896288e+10 -1.35816526e+00  9.92644111e+00 
 1.38038426e+10 -1.22951049e+00  9.73601696e+00 
 1.41253754e+10 -1.10561674e+00  9.54744480e+00 
 1.44543977e+10 -9.86348828e-01  9.36080555e+00 
 1.47910839e+10 -8.71572213e-01  9.17617278e+00 
 1.51356125e+10 -7.61153269e-01  8.99361298e+00 
 1.54881662e+10 -6.54959568e-01  8.81318582e+00 
 1.58489319e+10 -5.52860124e-01  8.63494449e+00 
 1.62181010e+10 -4.54725618e-01  8.45893592e+00 
 1.65958691e+10 -3.60428600e-01  8.28520114e+00 
 1.69824365e+10 -2.69843664e-01  8.11377551e+00 
 1.73780083e+10 -1.82847606e-01  7.94468900e+00 
 1.77827941e+10 -9.93195592e-02  7.77796653e+00 
 1.81970086e+10 -1.91411142e-02  7.61362815e+00 
 1.86208714e+10  5.78035849e-02  7.45168941e+00 
 1.90546072e+10  1.31627755e-01  7.29216151e+00 
 1.94984460e+10  2.02441906e-01  7.13505166e+00 
 1.99526231e+10  2.70353789e-01  6.98036324e+00 
 2.04173794e+10  3.35468351e-01  6.82809608e+00 
 2.08929613e+10  3.97887711e-01  6.67824668e+00 
 2.13796209e+10  4.57711141e-01  6.53080843e+00 
 2.18776162e+10  5.15035054e-01  6.38577183e+00 
 2.23872114e+10  5.69953012e-01  6.24312465e+00 
 2.29086765e+10  6.22555730e-01  6.10285218e+00 
 2.34422882e+10  6.72931096e-01  5.96493740e+00 
 2.39883292e+10  7.21164193e-01  5.82936111e+00 
 2.45470892e+10  7.67337326e-01  5.69610217e+00 
 2.51188643e+10  8.11530060e-01  5.56513759e+00 
 2.57039578e+10  8.53819258e-01  5.43644273e+00 
 2.63026799e+10  8.94279121e-01  5.30999141e+00 
 2.69153480e+10  9.32981236e-01  5.18575607e+00 
 2.75422870e+10  9.69994623e-01  5.06370785e+00 
 2.81838293e+10  1.00538579e+00  4.94381678e+00 
 2.88403150e+10  1.03921877e+00  4.82605182e+00 
 2.95120923e+10  1.07155520e+00  4.71038101e+00 
 3.01995172e+10  1.10245436e+00  4.59677154e+00 
 3.09029543e+10  1.13197323e+00  4.48518986e+00 
 3.16227766e+10  1.16016655e+00  4.37560175e+00 
 3.23593657e+10  1.18708687e+00  4.26797240e+00 
 3.31131121e+10  1.21278460e+00  4.16226649e+00 
 3.38844156e+10  1.23730809e+00  4.05844826e+00 
 3.46736850e+10  1.26070366e+00  3.95648154e+00 
 3.54813389e+10  1.28301566e+00  3.85632984e+00 
 3.63078055e+10  1.30428652e+00  3.75795639e+00 
 3.71535229e+10  1.32455682e+00  3.66132418e+00 
 3.80189396e+10  1.34386531e+00  3.56639602e+00 
 3.89045145e+10  1.36224897e+00  3.47313453e+00 
 3.98107171e+10  1.37974305e+00  3.38150224e+00 
 4.07380278e+10  1.39638113e+00  3.29146157e+00 
 4.16869383e+10  1.41219515e+00  3.20297487e+00 
 4.26579519e+10  1.42721544e+00  3.11600443e+00 
 4.36515832e+10  1.44147076e+00  3.03051253e+00 
 4.46683592e+10  1.45498835e+00  2.94646142e+00 
 4.57088190e+10  1.46779393e+00  2.86381333e+00 
 4.67735141e+10  1.47991174e+00  2.78253051e+00 
 4.78630092e+10  1.49136459e+00  2.70257521e+00 
 4.89778819e+10  1.50217381e+00  2.62390969e+00 
 5.01187234e+10  1.51235934e+00  2.54649620e+00 
 5.12861384e+10  1.52193970e+00  2.47029702e+00 
 5.24807460e+10  1.53093199e+00  2.39527438e+00 
 5.37031796e+10  1.53935191e+00  2.32139056e+00 
 5.49540874e+10  1.54721375e+00  2.24860775e+00 
 5.62341325e+10  1.55453036e+00  2.17688815e+00 
 5.75439937e+10  1.56131316e+00  2.10619388e+00 
 5.88843655e+10  1.56757208e+00  2.03648701e+00 
 6.02559586e+10  1.57331554e+00  1.96772951e+00 
 6.16595002e+10  1.57855042e+00  1.89988324e+00 
 6.30957344e+10  1.58328199e+00  1.83290995e+00 
 6.45654229e+10  1.58751383e+00  1.76677123e+00 
 6.60693448e+10  1.59124777e+00  1.70142854e+00 
 6.76082975e+10  1.59448381e+00  1.63684312e+00 
 6.91830971e+10  1.59721996e+00  1.57297606e+00 
 7.07945784e+10  1.59945219e+00  1.50978822e+00 
 7.24435960e+10  1.60117420e+00  1.44724029e+00 
 7.41310241e+10  1.60237734e+00  1.38529275e+00 
 7.58577575e+10  1.60305036e+00  1.32390591e+00 
 7.76247117e+10  1.60317922e+00  1.26303993e+00 
 7.94328235e+10  1.60274684e+00  1.20265489e+00 
 8.12830516e+10  1.60173285e+00  1.14271085e+00 
 8.31763771e+10  1.60011326e+00  1.08316793e+00 
 8.51138038e+10  1.59786014e+00  1.02398652e+00 
 8.70963590e+10  1.59494124e+00  9.65127345e-01 
 8.91250938e+10  1.59131956e+00  9.06551823e-01 
 9.12010839e+10  1.58695294e+00  8.48222286e-01 
 9.33254301e+10  1.58179353e+00  7.90102391e-01 
 9.54992586e+10  1.57578728e+00  7.32157597e-01 
 9.77237221e+10  1.56887340e+00  6.74355758e-01 
 1.00000000e+11  1.56098376e+00  6.16667855e-01 
 1.02329299e+11  1.55204232e+00  5.59068892e-01 
 1.04712855e+11  1.54196456e+00  5.01538983e-01 
 1.07151931e+11  1.53065692e+00  4.44064659e-01 
 1.09647820e+11  1.51801635e+00  3.86640433e-01 
 1.12201845e+11  1.50393000e+00  3.29270637e-01 
 1.14815362e+11  1.48827500e+00  2.71971591e-01 
 1.17489755e+11  1.47091864e+00  2.14774098e-01 
 1.20226443e+11  1.45171882e+00  1.57726292e-01 
 1.23026877e+11  1.43052502e+00  1.00896835e-01 
 1.25892541e+11  1.40717996e+00  4.43784247e-02 
 1.28824955e+11  1.38152200e+00 -1.17084548e-02 
 1.31825674e+11  1.35338859e+00 -6.72116623e-02 
 1.34896288e+11  1.32262086e+00 -1.21943600e-01 
 1.38038426e+11  1.28906958e+00 -1.75677758e-01 
 1.41253754e+11  1.25260266e+00 -2.28145976e-01 
 1.44543977e+11  1.21311411e+00 -2.79036887e-01 
 1.47910839e+11  1.17053455e+00 -3.27996112e-01 
 1.51356125e+11  1.12484290e+00 -3.74628845e-01 
 1.54881662e+11  1.07607883e+00 -4.18505472e-01 
 1.58489319e+11  1.02435514e+00 -4.59170818e-01 
 1.62181010e+11  9.69869002e-01 -4.96157421e-01 
 1.65958691e+11  9.12910852e-01 -5.29002899e-01 
 1.69824365e+11  8.53869194e-01 -5.57271037e-01 
 1.73780083e+11  7.93230042e-01 -5.80575599e-01 
 1.77827941e+11  7.31569652e-01 -5.98605271e-01 
 1.81970086e+11  6.69539867e-01 -6.11147568e-01 
 1.86208714e+11  6.07846197e-01 -6.18109203e-01 
 1.90546072e+11  5.47219694e-01 -6.19530389e-01 
 1.94984460e+11  4.88384674e-01 -6.15590994e-01 
 1.99526231e+11  4.32025117e-01 -6.06607255e-01 
 2.04173794e+11  3.78752954e-01 -5.93018934e-01 
 2.08929613e+11  3.29081301e-01 -5.75367981e-01 
 2.13796209e+11  2.83405132e-01 -5.54270879e-01 
 2.18776162e+11  2.41990809e-01 -5.30387509e-01 
 2.23872114e+11  2.04974773e-01 -5.04389650e-01 
 2.29086765e+11  1.72370554e-01 -4.76931911e-01 
 2.34422882e+11  1.44082441e-01 -4.48627286e-01 
 2.39883292e+11  1.19923666e-01 -4.20028644e-01 
 2.45470892e+11  9.96368769e-02 -3.91616615e-01 
 2.51188643e+11  8.29148805e-02 -3.63793574e-01 
 2.57039578e+11  6.94200801e-02 -3.36882892e-01 
 2.63026799e+11  5.88015192e-02 -3.11132342e-01 
 2.69153480e+11  5.07089457e-02 -2.86720440e-01 
 2.75422870e+11  4.48037235e-02 -2.63764592e-01 
 2.81838293e+11  4.07667243e-02 -2.42330081e-01 
 2.88403150e+11  3.83035323e-02 -2.22439148e-01 
 2.95120923e+11  3.71473948e-02 -2.04079618e-01 
 3.01995172e+11  3.70603801e-02 -1.87212754e-01 
 3.09029543e+11  3.78331837e-02 -1.71780139e-01 
 3.16227766e+11  3.92839737e-02 -1.57709531e-01 
 3.23593657e+11  4.12565997e-02 -1.44919709e-01 
 3.31131121e+11  4.36184270e-02 -1.33324385e-01 
 3.38844156e+11  4.62579932e-02 -1.22835286e-01 
 3.46736850e+11  4.90826320e-02 -1.13364509e-01 
 3.54813389e+11  5.20161648e-02 -1.04826283e-01 
 3.63078055e+11  5.49967248e-02 -9.71382184e-02 
 3.71535229e+11  5.79747521e-02 -9.02221664e-02 
 3.80189396e+11  6.09111801e-02 -8.40047554e-02 
 3.89045145e+11  6.37758156e-02 -7.84176809e-02 
 3.98107171e+11  6.65459114e-02 -7.33978081e-02 
 4.07380278e+11  6.92049180e-02 -6.88871343e-02 
 4.16869383e+11  7.17414040e-02 -6.48326506e-02 
 4.26579519e+11  7.41481260e-02 -6.11861330e-02 
 4.36515832e+11  7.64212351e-02 -5.79038870e-02 
 4.46683592e+11  7.85596027e-02 -5.49464639e-02 
 4.57088190e+11  8.05642519e-02 -5.22783633e-02 
 4.67735141e+11  8.24378789e-02 -4.98677317e-02 
 4.78630092e+11  8.41844552e-02 -4.76860649e-02 
 4.89778819e+11  8.58088960e-02 -4.57079194e-02 
 5.01187234e+11  8.73167879e-02 -4.39106375e-02 
 5.12861384e+11  8.87141652e-02 -4.22740868e-02 
 5.24807460e+11  9.00073288e-02 -4.07804167e-02 
 5.37031796e+11  9.12027003e-02 -3.94138322e-02 
 5.49540874e+11  9.23067055e-02 -3.81603851e-02 
 5.62341325e+11  9.33256837e-02 -3.70077822e-02 
 5.75439937e+11  9.42658170e-02 -3.59452096e-02 
 5.88843655e+11  9.51330776e-02 -3.49631738e-02 
 6.02559586e+11  9.59331889e-02 -3.40533564e-02 
 6.16595002e+11  9.66715984e-02 -3.32084834e-02 
 6.30957344e+11  9.73534603e-02 -3.24222072e-02 
 6.45654229e+11  9.79836258e-02 -3.16890004e-02 
 6.60693448e+11  9.85666393e-02 -3.10040613e-02 
 6.76082975e+11  9.91067399e-02 -3.03632280e-02 
 6.91830971e+11  9.96078661e-02 -2.97629031e-02 
 7.07945784e+11  1.00073664e-01 -2.91999862e-02 
 7.24435960e+11  1.00507498e-01 -2.86718131e-02 
 7.41310241e+11  1.00912460e-01 -2.81761035e-02 
 7.58577575e+11  1.01291385e-01 -2.77109132e-02 
 7.76247117e+11  1.01646863e-01 -2.72745926e-02 
 7.94328235e+11  1.01981249e-01 -2.68657501e-02 
 8.12830516e+11  1.02296685e-01 -2.64832193e-02 
 8.31763771e+11  1.02595101e-01 -2.61260312e-02 
 8.51138038e+11  1.02878240e-01 -2.57933885e-02 
 8.70963590e+11  1.03147661e-01 -2.54846440e-02 
 8.91250938e+11  1.03404755e-01 -2.51992811e-02 
 9.12010839e+11  1.03650755e-01 -2.49368971e-02 
 9.33254301e+11  1.03886745e-01 -2.46971881e-02 
 9.54992586e+11  1.04113674e-01 -2.44799363e-02 
 9.77237221e+11  1.04332357e-01 -2.42849981e-02 
 1.00000000e+12  1.04543490e-01 -2.41122940e-02 
