 frequency       db(  (ac1.vout2-ac1.vout1)) ph(  (ac1.vout2-ac1.vout1))
 1.00000000e+01  3.29814649e+01 -3.79742443e-04 
 1.02329299e+01  3.29814648e+01 -3.88587780e-04 
 1.04712855e+01  3.29814648e+01 -3.97639152e-04 
 1.07151931e+01  3.29814648e+01 -4.06901356e-04 
 1.09647820e+01  3.29814647e+01 -4.16379305e-04 
 1.12201845e+01  3.29814647e+01 -4.26078024e-04 
 1.14815362e+01  3.29814647e+01 -4.36002655e-04 
 1.17489755e+01  3.29814646e+01 -4.46158460e-04 
 1.20226443e+01  3.29814646e+01 -4.56550824e-04 
 1.23026877e+01  3.29814646e+01 -4.67185258e-04 
 1.25892541e+01  3.29814645e+01 -4.78067399e-04 
 1.28824955e+01  3.29814645e+01 -4.89203017e-04 
 1.31825674e+01  3.29814644e+01 -5.00598017e-04 
 1.34896288e+01  3.29814644e+01 -5.12258441e-04 
 1.38038426e+01  3.29814643e+01 -5.24190471e-04 
 1.41253754e+01  3.29814643e+01 -5.36400433e-04 
 1.44543977e+01  3.29814642e+01 -5.48894802e-04 
 1.47910839e+01  3.29814641e+01 -5.61680201e-04 
 1.51356125e+01  3.29814641e+01 -5.74763411e-04 
 1.54881662e+01  3.29814640e+01 -5.88151368e-04 
 1.58489319e+01  3.29814639e+01 -6.01851170e-04 
 1.62181010e+01  3.29814639e+01 -6.15870081e-04 
 1.65958691e+01  3.29814638e+01 -6.30215534e-04 
 1.69824365e+01  3.29814637e+01 -6.44895136e-04 
 1.73780083e+01  3.29814636e+01 -6.59916669e-04 
 1.77827941e+01  3.29814635e+01 -6.75288098e-04 
 1.81970086e+01  3.29814634e+01 -6.91017574e-04 
 1.86208714e+01  3.29814633e+01 -7.07113435e-04 
 1.90546072e+01  3.29814632e+01 -7.23584218e-04 
 1.94984460e+01  3.29814631e+01 -7.40438653e-04 
 1.99526231e+01  3.29814630e+01 -7.57685678e-04 
 2.04173794e+01  3.29814629e+01 -7.75334438e-04 
 2.08929613e+01  3.29814628e+01 -7.93394290e-04 
 2.13796209e+01  3.29814626e+01 -8.11874809e-04 
 2.18776162e+01  3.29814625e+01 -8.30785794e-04 
 2.23872114e+01  3.29814624e+01 -8.50137272e-04 
 2.29086765e+01  3.29814622e+01 -8.69939503e-04 
 2.34422882e+01  3.29814621e+01 -8.90202986e-04 
 2.39883292e+01  3.29814619e+01 -9.10938466e-04 
 2.45470892e+01  3.29814617e+01 -9.32156937e-04 
 2.51188643e+01  3.29814616e+01 -9.53869648e-04 
 2.57039578e+01  3.29814614e+01 -9.76088113e-04 
 2.63026799e+01  3.29814612e+01 -9.98824111e-04 
 2.69153480e+01  3.29814610e+01 -1.02208970e-03 
 2.75422870e+01  3.29814608e+01 -1.04589721e-03 
 2.81838293e+01  3.29814605e+01 -1.07025926e-03 
 2.88403150e+01  3.29814603e+01 -1.09518879e-03 
 2.95120923e+01  3.29814601e+01 -1.12069899e-03 
 3.01995172e+01  3.29814598e+01 -1.14680340e-03 
 3.09029543e+01  3.29814595e+01 -1.17351586e-03 
 3.16227766e+01  3.29814592e+01 -1.20085053e-03 
 3.23593657e+01  3.29814590e+01 -1.22882190e-03 
 3.31131121e+01  3.29814586e+01 -1.25744481e-03 
 3.38844156e+01  3.29814583e+01 -1.28673443e-03 
 3.46736850e+01  3.29814580e+01 -1.31670629e-03 
 3.54813389e+01  3.29814576e+01 -1.34737628e-03 
 3.63078055e+01  3.29814573e+01 -1.37876067e-03 
 3.71535229e+01  3.29814569e+01 -1.41087609e-03 
 3.80189396e+01  3.29814565e+01 -1.44373957e-03 
 3.89045145e+01  3.29814560e+01 -1.47736854e-03 
 3.98107171e+01  3.29814556e+01 -1.51178082e-03 
 4.07380278e+01  3.29814551e+01 -1.54699466e-03 
 4.16869383e+01  3.29814546e+01 -1.58302874e-03 
 4.26579519e+01  3.29814541e+01 -1.61990215e-03 
 4.36515832e+01  3.29814536e+01 -1.65763445e-03 
 4.46683592e+01  3.29814530e+01 -1.69624565e-03 
 4.57088190e+01  3.29814524e+01 -1.73575620e-03 
 4.67735141e+01  3.29814518e+01 -1.77618708e-03 
 4.78630092e+01  3.29814512e+01 -1.81755970e-03 
 4.89778819e+01  3.29814505e+01 -1.85989601e-03 
 5.01187234e+01  3.29814498e+01 -1.90321845e-03 
 5.12861384e+01  3.29814491e+01 -1.94754999e-03 
 5.24807460e+01  3.29814483e+01 -1.99291414e-03 
 5.37031796e+01  3.29814475e+01 -2.03933494e-03 
 5.49540874e+01  3.29814466e+01 -2.08683702e-03 
 5.62341325e+01  3.29814457e+01 -2.13544555e-03 
 5.75439937e+01  3.29814448e+01 -2.18518631e-03 
 5.88843655e+01  3.29814438e+01 -2.23608567e-03 
 6.02559586e+01  3.29814428e+01 -2.28817062e-03 
 6.16595002e+01  3.29814417e+01 -2.34146877e-03 
 6.30957344e+01  3.29814406e+01 -2.39600838e-03 
 6.45654229e+01  3.29814394e+01 -2.45181836e-03 
 6.60693448e+01  3.29814382e+01 -2.50892831e-03 
 6.76082975e+01  3.29814369e+01 -2.56736851e-03 
 6.91830971e+01  3.29814356e+01 -2.62716993e-03 
 7.07945784e+01  3.29814342e+01 -2.68836429e-03 
 7.24435960e+01  3.29814327e+01 -2.75098402e-03 
 7.41310241e+01  3.29814311e+01 -2.81506234e-03 
 7.58577575e+01  3.29814295e+01 -2.88063321e-03 
 7.76247117e+01  3.29814278e+01 -2.94773139e-03 
 7.94328235e+01  3.29814260e+01 -3.01639246e-03 
 8.12830516e+01  3.29814242e+01 -3.08665283e-03 
 8.31763771e+01  3.29814222e+01 -3.15854974e-03 
 8.51138038e+01  3.29814202e+01 -3.23212131e-03 
 8.70963590e+01  3.29814181e+01 -3.30740654e-03 
 8.91250938e+01  3.29814158e+01 -3.38444536e-03 
 9.12010839e+01  3.29814135e+01 -3.46327860e-03 
 9.33254301e+01  3.29814110e+01 -3.54394805e-03 
 9.54992586e+01  3.29814085e+01 -3.62649649e-03 
 9.77237221e+01  3.29814058e+01 -3.71096768e-03 
 1.00000000e+02  3.29814030e+01 -3.79740640e-03 
 1.02329299e+02  3.29814000e+01 -3.88585848e-03 
 1.04712855e+02  3.29813969e+01 -3.97637081e-03 
 1.07151931e+02  3.29813937e+01 -4.06899138e-03 
 1.09647820e+02  3.29813903e+01 -4.16376928e-03 
 1.12201845e+02  3.29813868e+01 -4.26075477e-03 
 1.14815362e+02  3.29813831e+01 -4.35999926e-03 
 1.17489755e+02  3.29813792e+01 -4.46155536e-03 
 1.20226443e+02  3.29813751e+01 -4.56547691e-03 
 1.23026877e+02  3.29813709e+01 -4.67181900e-03 
 1.25892541e+02  3.29813664e+01 -4.78063801e-03 
 1.28824955e+02  3.29813617e+01 -4.89199162e-03 
 1.31825674e+02  3.29813568e+01 -5.00593887e-03 
 1.34896288e+02  3.29813517e+01 -5.12254015e-03 
 1.38038426e+02  3.29813463e+01 -5.24185728e-03 
 1.41253754e+02  3.29813407e+01 -5.36395351e-03 
 1.44543977e+02  3.29813349e+01 -5.48889357e-03 
 1.47910839e+02  3.29813287e+01 -5.61674367e-03 
 1.51356125e+02  3.29813222e+01 -5.74757160e-03 
 1.54881662e+02  3.29813155e+01 -5.88144669e-03 
 1.58489319e+02  3.29813084e+01 -6.01843992e-03 
 1.62181010e+02  3.29813010e+01 -6.15862390e-03 
 1.65958691e+02  3.29812933e+01 -6.30207293e-03 
 1.69824365e+02  3.29812852e+01 -6.44886305e-03 
 1.73780083e+02  3.29812767e+01 -6.59907207e-03 
 1.77827941e+02  3.29812678e+01 -6.75277959e-03 
 1.81970086e+02  3.29812584e+01 -6.91006710e-03 
 1.86208714e+02  3.29812487e+01 -7.07101794e-03 
 1.90546072e+02  3.29812385e+01 -7.23571744e-03 
 1.94984460e+02  3.29812278e+01 -7.40425288e-03 
 1.99526231e+02  3.29812166e+01 -7.57671357e-03 
 2.04173794e+02  3.29812048e+01 -7.75319092e-03 
 2.08929613e+02  3.29811925e+01 -7.93377847e-03 
 2.13796209e+02  3.29811797e+01 -8.11857190e-03 
 2.18776162e+02  3.29811662e+01 -8.30766915e-03 
 2.23872114e+02  3.29811521e+01 -8.50117042e-03 
 2.29086765e+02  3.29811373e+01 -8.69917827e-03 
 2.34422882e+02  3.29811219e+01 -8.90179760e-03 
 2.39883292e+02  3.29811057e+01 -9.10913579e-03 
 2.45470892e+02  3.29810887e+01 -9.32130270e-03 
 2.51188643e+02  3.29810710e+01 -9.53841074e-03 
 2.57039578e+02  3.29810524e+01 -9.76057495e-03 
 2.63026799e+02  3.29810329e+01 -9.98791303e-03 
 2.69153480e+02  3.29810125e+01 -1.02205454e-02 
 2.75422870e+02  3.29809912e+01 -1.04585954e-02 
 2.81838293e+02  3.29809688e+01 -1.07021890e-02 
 2.88403150e+02  3.29809454e+01 -1.09514554e-02 
 2.95120923e+02  3.29809209e+01 -1.12065265e-02 
 3.01995172e+02  3.29808952e+01 -1.14675374e-02 
 3.09029543e+02  3.29808684e+01 -1.17346265e-02 
 3.16227766e+02  3.29808402e+01 -1.20079352e-02 
 3.23593657e+02  3.29808107e+01 -1.22876081e-02 
 3.31131121e+02  3.29807799e+01 -1.25737935e-02 
 3.38844156e+02  3.29807476e+01 -1.28666429e-02 
 3.46736850e+02  3.29807138e+01 -1.31663114e-02 
 3.54813389e+02  3.29806783e+01 -1.34729576e-02 
 3.63078055e+02  3.29806412e+01 -1.37867438e-02 
 3.71535229e+02  3.29806024e+01 -1.41078363e-02 
 3.80189396e+02  3.29805617e+01 -1.44364050e-02 
 3.89045145e+02  3.29805191e+01 -1.47726238e-02 
 3.98107171e+02  3.29804745e+01 -1.51166707e-02 
 4.07380278e+02  3.29804278e+01 -1.54687278e-02 
 4.16869383e+02  3.29803789e+01 -1.58289814e-02 
 4.26579519e+02  3.29803277e+01 -1.61976221e-02 
 4.36515832e+02  3.29802741e+01 -1.65748451e-02 
 4.46683592e+02  3.29802180e+01 -1.69608498e-02 
 4.57088190e+02  3.29801592e+01 -1.73558405e-02 
 4.67735141e+02  3.29800976e+01 -1.77600261e-02 
 4.78630092e+02  3.29800332e+01 -1.81736204e-02 
 4.89778819e+02  3.29799657e+01 -1.85968421e-02 
 5.01187234e+02  3.29798950e+01 -1.90299151e-02 
 5.12861384e+02  3.29798210e+01 -1.94730682e-02 
 5.24807460e+02  3.29797435e+01 -1.99265358e-02 
 5.37031796e+02  3.29796624e+01 -2.03905576e-02 
 5.49540874e+02  3.29795774e+01 -2.08653787e-02 
 5.62341325e+02  3.29794885e+01 -2.13512501e-02 
 5.75439937e+02  3.29793953e+01 -2.18484285e-02 
 5.88843655e+02  3.29792978e+01 -2.23571765e-02 
 6.02559586e+02  3.29791957e+01 -2.28777629e-02 
 6.16595002e+02  3.29790887e+01 -2.34104624e-02 
 6.30957344e+02  3.29789767e+01 -2.39555564e-02 
 6.45654229e+02  3.29788595e+01 -2.45133325e-02 
 6.60693448e+02  3.29787367e+01 -2.50840851e-02 
 6.76082975e+02  3.29786081e+01 -2.56681154e-02 
 6.91830971e+02  3.29784735e+01 -2.62657314e-02 
 7.07945784e+02  3.29783326e+01 -2.68772483e-02 
 7.24435960e+02  3.29781850e+01 -2.75029885e-02 
 7.41310241e+02  3.29780304e+01 -2.81432818e-02 
 7.58577575e+02  3.29778686e+01 -2.87984655e-02 
 7.76247117e+02  3.29776991e+01 -2.94688850e-02 
 7.94328235e+02  3.29775217e+01 -3.01548931e-02 
 8.12830516e+02  3.29773359e+01 -3.08568511e-02 
 8.31763771e+02  3.29771414e+01 -3.15751283e-02 
 8.51138038e+02  3.29769377e+01 -3.23101028e-02 
 8.70963590e+02  3.29767245e+01 -3.30621609e-02 
 8.91250938e+02  3.29765012e+01 -3.38316980e-02 
 9.12010839e+02  3.29762673e+01 -3.46191186e-02 
 9.33254301e+02  3.29760225e+01 -3.54248361e-02 
 9.54992586e+02  3.29757662e+01 -3.62492737e-02 
 9.77237221e+02  3.29754977e+01 -3.70928640e-02 
 1.00000000e+03  3.29752167e+01 -3.79560495e-02 
 1.02329299e+03  3.29749224e+01 -3.88392827e-02 
 1.04712855e+03  3.29746143e+01 -3.97430265e-02 
 1.07151931e+03  3.29742917e+01 -4.06677540e-02 
 1.09647820e+03  3.29739539e+01 -4.16139493e-02 
 1.12201845e+03  3.29736002e+01 -4.25821073e-02 
 1.14815362e+03  3.29732299e+01 -4.35727341e-02 
 1.17489755e+03  3.29728421e+01 -4.45863472e-02 
 1.20226443e+03  3.29724361e+01 -4.56234756e-02 
 1.23026877e+03  3.29720110e+01 -4.66846604e-02 
 1.25892541e+03  3.29715660e+01 -4.77704548e-02 
 1.28824955e+03  3.29711000e+01 -4.88814240e-02 
 1.31825674e+03  3.29706121e+01 -5.00181463e-02 
 1.34896288e+03  3.29701012e+01 -5.11812127e-02 
 1.38038426e+03  3.29695664e+01 -5.23712272e-02 
 1.41253754e+03  3.29690064e+01 -5.35888074e-02 
 1.44543977e+03  3.29684201e+01 -5.48345843e-02 
 1.47910839e+03  3.29678063e+01 -5.61092032e-02 
 1.51356125e+03  3.29671636e+01 -5.74133232e-02 
 1.54881662e+03  3.29664907e+01 -5.87476182e-02 
 1.58489319e+03  3.29657863e+01 -6.01127765e-02 
 1.62181010e+03  3.29650487e+01 -6.15095018e-02 
 1.65958691e+03  3.29642765e+01 -6.29385128e-02 
 1.69824365e+03  3.29634681e+01 -6.44005439e-02 
 1.73780083e+03  3.29626218e+01 -6.58963453e-02 
 1.77827941e+03  3.29617357e+01 -6.74266834e-02 
 1.81970086e+03  3.29608081e+01 -6.89923410e-02 
 1.86208714e+03  3.29598369e+01 -7.05941175e-02 
 1.90546072e+03  3.29588203e+01 -7.22328295e-02 
 1.94984460e+03  3.29577560e+01 -7.39093105e-02 
 1.99526231e+03  3.29566417e+01 -7.56244120e-02 
 2.04173794e+03  3.29554753e+01 -7.73790030e-02 
 2.08929613e+03  3.29542543e+01 -7.91739706e-02 
 2.13796209e+03  3.29529761e+01 -8.10102204e-02 
 2.18776162e+03  3.29516380e+01 -8.28886765e-02 
 2.23872114e+03  3.29502373e+01 -8.48102820e-02 
 2.29086765e+03  3.29487711e+01 -8.67759990e-02 
 2.34422882e+03  3.29472363e+01 -8.87868093e-02 
 2.39883292e+03  3.29456298e+01 -9.08437139e-02 
 2.45470892e+03  3.29439482e+01 -9.29477340e-02 
 2.51188643e+03  3.29421880e+01 -9.50999107e-02 
 2.57039578e+03  3.29403456e+01 -9.73013057e-02 
 2.63026799e+03  3.29384173e+01 -9.95530008e-02 
 2.69153480e+03  3.29363990e+01 -1.01856099e-01 
 2.75422870e+03  3.29342866e+01 -1.04211723e-01 
 2.81838293e+03  3.29320757e+01 -1.06621019e-01 
 2.88403150e+03  3.29297618e+01 -1.09085151e-01 
 2.95120923e+03  3.29273402e+01 -1.11605307e-01 
 3.01995172e+03  3.29248059e+01 -1.14182696e-01 
 3.09029543e+03  3.29221538e+01 -1.16818546e-01 
 3.16227766e+03  3.29193784e+01 -1.19514110e-01 
 3.23593657e+03  3.29164741e+01 -1.22270660e-01 
 3.31131121e+03  3.29134351e+01 -1.25089491e-01 
 3.38844156e+03  3.29102550e+01 -1.27971918e-01 
 3.46736850e+03  3.29069276e+01 -1.30919278e-01 
 3.54813389e+03  3.29034461e+01 -1.33932929e-01 
 3.63078055e+03  3.28998035e+01 -1.37014252e-01 
 3.71535229e+03  3.28959926e+01 -1.40164645e-01 
 3.80189396e+03  3.28920056e+01 -1.43385530e-01 
 3.89045145e+03  3.28878346e+01 -1.46678347e-01 
 3.98107171e+03  3.28834713e+01 -1.50044558e-01 
 4.07380278e+03  3.28789071e+01 -1.53485642e-01 
 4.16869383e+03  3.28741329e+01 -1.57003099e-01 
 4.26579519e+03  3.28691394e+01 -1.60598446e-01 
 4.36515832e+03  3.28639166e+01 -1.64273218e-01 
 4.46683592e+03  3.28584544e+01 -1.68028968e-01 
 4.57088190e+03  3.28527422e+01 -1.71867263e-01 
 4.67735141e+03  3.28467688e+01 -1.75789688e-01 
 4.78630092e+03  3.28405226e+01 -1.79797840e-01 
 4.89778819e+03  3.28339917e+01 -1.83893330e-01 
 5.01187234e+03  3.28271636e+01 -1.88077781e-01 
 5.12861384e+03  3.28200251e+01 -1.92352826e-01 
 5.24807460e+03  3.28125627e+01 -1.96720109e-01 
 5.37031796e+03  3.28047624e+01 -2.01181280e-01 
 5.49540874e+03  3.27966094e+01 -2.05737995e-01 
 5.62341325e+03  3.27880886e+01 -2.10391915e-01 
 5.75439937e+03  3.27791841e+01 -2.15144703e-01 
 5.88843655e+03  3.27698794e+01 -2.19998020e-01 
 6.02559586e+03  3.27601576e+01 -2.24953529e-01 
 6.16595002e+03  3.27500009e+01 -2.30012884e-01 
 6.30957344e+03  3.27393908e+01 -2.35177734e-01 
 6.45654229e+03  3.27283085e+01 -2.40449718e-01 
 6.60693448e+03  3.27167341e+01 -2.45830460e-01 
 6.76082975e+03  3.27046472e+01 -2.51321570e-01 
 6.91830971e+03  3.26920266e+01 -2.56924638e-01 
 7.07945784e+03  3.26788503e+01 -2.62641229e-01 
 7.24435960e+03  3.26650959e+01 -2.68472884e-01 
 7.41310241e+03  3.26507397e+01 -2.74421111e-01 
 7.58577575e+03  3.26357577e+01 -2.80487383e-01 
 7.76247117e+03  3.26201247e+01 -2.86673135e-01 
 7.94328235e+03  3.26038151e+01 -2.92979756e-01 
 8.12830516e+03  3.25868022e+01 -2.99408589e-01 
 8.31763771e+03  3.25690587e+01 -3.05960921e-01 
 8.51138038e+03  3.25505564e+01 -3.12637980e-01 
 8.70963590e+03  3.25312661e+01 -3.19440929e-01 
 8.91250938e+03  3.25111582e+01 -3.26370864e-01 
 9.12010839e+03  3.24902019e+01 -3.33428800e-01 
 9.33254301e+03  3.24683658e+01 -3.40615675e-01 
 9.54992586e+03  3.24456177e+01 -3.47932335e-01 
 9.77237221e+03  3.24219245e+01 -3.55379534e-01 
 1.00000000e+04  3.23972525e+01 -3.62957923e-01 
 1.02329299e+04  3.23715670e+01 -3.70668046e-01 
 1.04712855e+04  3.23448329e+01 -3.78510334e-01 
 1.07151931e+04  3.23170141e+01 -3.86485095e-01 
 1.09647820e+04  3.22880739e+01 -3.94592509e-01 
 1.12201845e+04  3.22579752e+01 -4.02832622e-01 
 1.14815362e+04  3.22266799e+01 -4.11205337e-01 
 1.17489755e+04  3.21941497e+01 -4.19710411e-01 
 1.20226443e+04  3.21603455e+01 -4.28347443e-01 
 1.23026877e+04  3.21252279e+01 -4.37115871e-01 
 1.25892541e+04  3.20887572e+01 -4.46014965e-01 
 1.28824955e+04  3.20508930e+01 -4.55043819e-01 
 1.31825674e+04  3.20115951e+01 -4.64201348e-01 
 1.34896288e+04  3.19708227e+01 -4.73486279e-01 
 1.38038426e+04  3.19285351e+01 -4.82897150e-01 
 1.41253754e+04  3.18846915e+01 -4.92432301e-01 
 1.44543977e+04  3.18392511e+01 -5.02089871e-01 
 1.47910839e+04  3.17921733e+01 -5.11867795e-01 
 1.51356125e+04  3.17434177e+01 -5.21763799e-01 
 1.54881662e+04  3.16929443e+01 -5.31775401e-01 
 1.58489319e+04  3.16407135e+01 -5.41899905e-01 
 1.62181010e+04  3.15866861e+01 -5.52134399e-01 
 1.65958691e+04  3.15308237e+01 -5.62475762e-01 
 1.69824365e+04  3.14730887e+01 -5.72920656e-01 
 1.73780083e+04  3.14134442e+01 -5.83465532e-01 
 1.77827941e+04  3.13518545e+01 -5.94106630e-01 
 1.81970086e+04  3.12882848e+01 -6.04839985e-01 
 1.86208714e+04  3.12227016e+01 -6.15661427e-01 
 1.90546072e+04  3.11550729e+01 -6.26566591e-01 
 1.94984460e+04  3.10853678e+01 -6.37550919e-01 
 1.99526231e+04  3.10135573e+01 -6.48609669e-01 
 2.04173794e+04  3.09396137e+01 -6.59737925e-01 
 2.08929613e+04  3.08635114e+01 -6.70930601e-01 
 2.13796209e+04  3.07852265e+01 -6.82182457e-01 
 2.18776162e+04  3.07047370e+01 -6.93488104e-01 
 2.23872114e+04  3.06220231e+01 -7.04842020e-01 
 2.29086765e+04  3.05370670e+01 -7.16238562e-01 
 2.34422882e+04  3.04498531e+01 -7.27671979e-01 
 2.39883292e+04  3.03603680e+01 -7.39136424e-01 
 2.45470892e+04  3.02686008e+01 -7.50625972e-01 
 2.51188643e+04  3.01745428e+01 -7.62134632e-01 
 2.57039578e+04  3.00781877e+01 -7.73656365e-01 
 2.63026799e+04  2.99795316e+01 -7.85185098e-01 
 2.69153480e+04  2.98785732e+01 -7.96714740e-01 
 2.75422870e+04  2.97753133e+01 -8.08239200e-01 
 2.81838293e+04  2.96697556e+01 -8.19752402e-01 
 2.88403150e+04  2.95619059e+01 -8.31248301e-01 
 2.95120923e+04  2.94517723e+01 -8.42720898e-01 
 3.01995172e+04  2.93393656e+01 -8.54164258e-01 
 3.09029543e+04  2.92246988e+01 -8.65572522e-01 
 3.16227766e+04  2.91077869e+01 -8.76939924e-01 
 3.23593657e+04  2.89886475e+01 -8.88260806e-01 
 3.31131121e+04  2.88673000e+01 -8.99529627e-01 
 3.38844156e+04  2.87437661e+01 -9.10740981e-01 
 3.46736850e+04  2.86180694e+01 -9.21889606e-01 
 3.54813389e+04  2.84902352e+01 -9.32970395e-01 
 3.63078055e+04  2.83602907e+01 -9.43978406e-01 
 3.71535229e+04  2.82282650e+01 -9.54908874e-01 
 3.80189396e+04  2.80941884e+01 -9.65757217e-01 
 3.89045145e+04  2.79580928e+01 -9.76519042e-01 
 3.98107171e+04  2.78200116e+01 -9.87190155e-01 
 4.07380278e+04  2.76799792e+01 -9.97766562e-01 
 4.16869383e+04  2.75380313e+01 -1.00824448e+00 
 4.26579519e+04  2.73942045e+01 -1.01862033e+00 
 4.36515832e+04  2.72485363e+01 -1.02889074e+00 
 4.46683592e+04  2.71010651e+01 -1.03905258e+00 
 4.57088190e+04  2.69518299e+01 -1.04910290e+00 
 4.67735141e+04  2.68008701e+01 -1.05903898e+00 
 4.78630092e+04  2.66482258e+01 -1.06885832e+00 
 4.89778819e+04  2.64939373e+01 -1.07855861e+00 
 5.01187234e+04  2.63380452e+01 -1.08813777e+00 
 5.12861384e+04  2.61805903e+01 -1.09759391e+00 
 5.24807460e+04  2.60216132e+01 -1.10692537e+00 
 5.37031796e+04  2.58611549e+01 -1.11613065e+00 
 5.49540874e+04  2.56992560e+01 -1.12520846e+00 
 5.62341325e+04  2.55359569e+01 -1.13415770e+00 
 5.75439937e+04  2.53712979e+01 -1.14297746e+00 
 5.88843655e+04  2.52053189e+01 -1.15166699e+00 
 6.02559586e+04  2.50380593e+01 -1.16022571e+00 
 6.16595002e+04  2.48695582e+01 -1.16865321e+00 
 6.30957344e+04  2.46998542e+01 -1.17694925e+00 
 6.45654229e+04  2.45289852e+01 -1.18511372e+00 
 6.60693448e+04  2.43569887e+01 -1.19314665e+00 
 6.76082975e+04  2.41839014e+01 -1.20104824e+00 
 6.91830971e+04  2.40097593e+01 -1.20881878e+00 
 7.07945784e+04  2.38345980e+01 -1.21645870e+00 
 7.24435960e+04  2.36584521e+01 -1.22396856e+00 
 7.41310241e+04  2.34813554e+01 -1.23134900e+00 
 7.58577575e+04  2.33033412e+01 -1.23860079e+00 
 7.76247117e+04  2.31244419e+01 -1.24572478e+00 
 7.94328235e+04  2.29446889e+01 -1.25272192e+00 
 8.12830516e+04  2.27641131e+01 -1.25959323e+00 
 8.31763771e+04  2.25827444e+01 -1.26633983e+00 
 8.51138038e+04  2.24006121e+01 -1.27296288e+00 
 8.70963590e+04  2.22177444e+01 -1.27946363e+00 
 8.91250938e+04  2.20341688e+01 -1.28584340e+00 
 9.12010839e+04  2.18499122e+01 -1.29210353e+00 
 9.33254301e+04  2.16650003e+01 -1.29824545e+00 
 9.54992586e+04  2.14794583e+01 -1.30427060e+00 
 9.77237221e+04  2.12933106e+01 -1.31018049e+00 
 1.00000000e+05  2.11065807e+01 -1.31597665e+00 
 1.02329299e+05  2.09192914e+01 -1.32166064e+00 
 1.04712855e+05  2.07314648e+01 -1.32723406e+00 
 1.07151931e+05  2.05431220e+01 -1.33269854e+00 
 1.09647820e+05  2.03542837e+01 -1.33805571e+00 
 1.12201845e+05  2.01649698e+01 -1.34330722e+00 
 1.14815362e+05  1.99751994e+01 -1.34845476e+00 
 1.17489755e+05  1.97849909e+01 -1.35350000e+00 
 1.20226443e+05  1.95943622e+01 -1.35844465e+00 
 1.23026877e+05  1.94033306e+01 -1.36329040e+00 
 1.25892541e+05  1.92119124e+01 -1.36803894e+00 
 1.28824955e+05  1.90201236e+01 -1.37269200e+00 
 1.31825674e+05  1.88279796e+01 -1.37725126e+00 
 1.34896288e+05  1.86354951e+01 -1.38171844e+00 
 1.38038426e+05  1.84426842e+01 -1.38609522e+00 
 1.41253754e+05  1.82495607e+01 -1.39038330e+00 
 1.44543977e+05  1.80561377e+01 -1.39458436e+00 
 1.47910839e+05  1.78624276e+01 -1.39870008e+00 
 1.51356125e+05  1.76684428e+01 -1.40273210e+00 
 1.54881662e+05  1.74741947e+01 -1.40668210e+00 
 1.58489319e+05  1.72796946e+01 -1.41055170e+00 
 1.62181010e+05  1.70849531e+01 -1.41434252e+00 
 1.65958691e+05  1.68899806e+01 -1.41805618e+00 
 1.69824365e+05  1.66947869e+01 -1.42169427e+00 
 1.73780083e+05  1.64993815e+01 -1.42525837e+00 
 1.77827941e+05  1.63037735e+01 -1.42875004e+00 
 1.81970086e+05  1.61079715e+01 -1.43217082e+00 
 1.86208714e+05  1.59119840e+01 -1.43552224e+00 
 1.90546072e+05  1.57158190e+01 -1.43880580e+00 
 1.94984460e+05  1.55194840e+01 -1.44202300e+00 
 1.99526231e+05  1.53229866e+01 -1.44517530e+00 
 2.04173794e+05  1.51263336e+01 -1.44826415e+00 
 2.08929613e+05  1.49295319e+01 -1.45129099e+00 
 2.13796209e+05  1.47325879e+01 -1.45425722e+00 
 2.18776162e+05  1.45355077e+01 -1.45716424e+00 
 2.23872114e+05  1.43382975e+01 -1.46001342e+00 
 2.29086765e+05  1.41409627e+01 -1.46280611e+00 
 2.34422882e+05  1.39435088e+01 -1.46554364e+00 
 2.39883292e+05  1.37459410e+01 -1.46822734e+00 
 2.45470892e+05  1.35482643e+01 -1.47085848e+00 
 2.51188643e+05  1.33504835e+01 -1.47343835e+00 
 2.57039578e+05  1.31526030e+01 -1.47596820e+00 
 2.63026799e+05  1.29546273e+01 -1.47844927e+00 
 2.69153480e+05  1.27565605e+01 -1.48088277e+00 
 2.75422870e+05  1.25584066e+01 -1.48326990e+00 
 2.81838293e+05  1.23601694e+01 -1.48561184e+00 
 2.88403150e+05  1.21618525e+01 -1.48790976e+00 
 2.95120923e+05  1.19634595e+01 -1.49016479e+00 
 3.01995172e+05  1.17649935e+01 -1.49237806e+00 
 3.09029543e+05  1.15664579e+01 -1.49455068e+00 
 3.16227766e+05  1.13678557e+01 -1.49668373e+00 
 3.23593657e+05  1.11691897e+01 -1.49877830e+00 
 3.31131121e+05  1.09704627e+01 -1.50083544e+00 
 3.38844156e+05  1.07716774e+01 -1.50285619e+00 
 3.46736850e+05  1.05728363e+01 -1.50484157e+00 
 3.54813389e+05  1.03739418e+01 -1.50679260e+00 
 3.63078055e+05  1.01749963e+01 -1.50871026e+00 
 3.71535229e+05  9.97600188e+00 -1.51059554e+00 
 3.80189396e+05  9.77696068e+00 -1.51244939e+00 
 3.89045145e+05  9.57787472e+00 -1.51427278e+00 
 3.98107171e+05  9.37874588e+00 -1.51606663e+00 
 4.07380278e+05  9.17957601e+00 -1.51783187e+00 
 4.16869383e+05  8.98036684e+00 -1.51956941e+00 
 4.26579519e+05  8.78112002e+00 -1.52128013e+00 
 4.36515832e+05  8.58183714e+00 -1.52296494e+00 
 4.46683592e+05  8.38251969e+00 -1.52462468e+00 
 4.57088190e+05  8.18316910e+00 -1.52626024e+00 
 4.67735141e+05  7.98378675e+00 -1.52787244e+00 
 4.78630092e+05  7.78437394e+00 -1.52946214e+00 
 4.89778819e+05  7.58493188e+00 -1.53103015e+00 
 5.01187234e+05  7.38546175e+00 -1.53257730e+00 
 5.12861384e+05  7.18596468e+00 -1.53410438e+00 
 5.24807460e+05  6.98644171e+00 -1.53561219e+00 
 5.37031796e+05  6.78689385e+00 -1.53710153e+00 
 5.49540874e+05  6.58732206e+00 -1.53857316e+00 
 5.62341325e+05  6.38772721e+00 -1.54002785e+00 
 5.75439937e+05  6.18811019e+00 -1.54146638e+00 
 5.88843655e+05  5.98847178e+00 -1.54288948e+00 
 6.02559586e+05  5.78881276e+00 -1.54429790e+00 
 6.16595002e+05  5.58913384e+00 -1.54569239e+00 
 6.30957344e+05  5.38943571e+00 -1.54707367e+00 
 6.45654229e+05  5.18971898e+00 -1.54844247e+00 
 6.60693448e+05  4.98998427e+00 -1.54979951e+00 
 6.76082975e+05  4.79023212e+00 -1.55114550e+00 
 6.91830971e+05  4.59046307e+00 -1.55248114e+00 
 7.07945784e+05  4.39067760e+00 -1.55380714e+00 
 7.24435960e+05  4.19087617e+00 -1.55512419e+00 
 7.41310241e+05  3.99105920e+00 -1.55643300e+00 
 7.58577575e+05  3.79122706e+00 -1.55773424e+00 
 7.76247117e+05  3.59138010e+00 -1.55902860e+00 
 7.94328235e+05  3.39151867e+00 -1.56031677e+00 
 8.12830516e+05  3.19164305e+00 -1.56159941e+00 
 8.31763771e+05  2.99175350e+00 -1.56287722e+00 
 8.51138038e+05  2.79185026e+00 -1.56415086e+00 
 8.70963590e+05  2.59193352e+00 -1.56542099e+00 
 8.91250938e+05  2.39200348e+00 -1.56668830e+00 
 9.12010839e+05  2.19206025e+00 -1.56795345e+00 
 9.33254301e+05  1.99210399e+00 -1.56921711e+00 
 9.54992586e+05  1.79213477e+00 -1.57047994e+00 
 9.77237221e+05  1.59215266e+00 -1.57174261e+00 
 1.00000000e+06  1.39215771e+00 -1.57300578e+00 
 1.02329299e+06  1.19214991e+00 -1.57427012e+00 
 1.04712855e+06  9.92129255e-01 -1.57553630e+00 
 1.07151931e+06  7.92095686e-01 -1.57680499e+00 
 1.09647820e+06  5.92049161e-01 -1.57807685e+00 
 1.12201845e+06  3.91989552e-01 -1.57935256e+00 
 1.14815362e+06  1.91916759e-01 -1.58063278e+00 
 1.17489755e+06 -8.16938499e-03 -1.58191820e+00 
 1.20226443e+06 -2.08269068e-01 -1.58320948e+00 
 1.23026877e+06 -4.08382483e-01 -1.58450732e+00 
 1.25892541e+06 -6.08509887e-01 -1.58581239e+00 
 1.28824955e+06 -8.08651547e-01 -1.58712538e+00 
 1.31825674e+06 -1.00880775e+00 -1.58844699e+00 
 1.34896288e+06 -1.20897883e+00 -1.58977790e+00 
 1.38038426e+06 -1.40916516e+00 -1.59111883e+00 
 1.41253754e+06 -1.60936711e+00 -1.59247047e+00 
 1.44543977e+06 -1.80958512e+00 -1.59383354e+00 
 1.47910839e+06 -2.00981967e+00 -1.59520875e+00 
 1.51356125e+06 -2.21007122e+00 -1.59659682e+00 
 1.54881662e+06 -2.41034031e+00 -1.59799850e+00 
 1.58489319e+06 -2.61062752e+00 -1.59941450e+00 
 1.62181010e+06 -2.81093346e+00 -1.60084558e+00 
 1.65958691e+06 -3.01125876e+00 -1.60229248e+00 
 1.69824365e+06 -3.21160410e+00 -1.60375597e+00 
 1.73780083e+06 -3.41197021e+00 -1.60523681e+00 
 1.77827941e+06 -3.61235787e+00 -1.60673578e+00 
 1.81970086e+06 -3.81276791e+00 -1.60825366e+00 
 1.86208714e+06 -4.01320115e+00 -1.60979125e+00 
 1.90546072e+06 -4.21365854e+00 -1.61134934e+00 
 1.94984460e+06 -4.41414105e+00 -1.61292876e+00 
 1.99526231e+06 -4.61464965e+00 -1.61453032e+00 
 2.04173794e+06 -4.81518544e+00 -1.61615487e+00 
 2.08929613e+06 -5.01574956e+00 -1.61780325e+00 
 2.13796209e+06 -5.21634315e+00 -1.61947631e+00 
 2.18776162e+06 -5.41696751e+00 -1.62117492e+00 
 2.23872114e+06 -5.61762389e+00 -1.62289998e+00 
 2.29086765e+06 -5.81831372e+00 -1.62465237e+00 
 2.34422882e+06 -6.01903844e+00 -1.62643299e+00 
 2.39883292e+06 -6.21979953e+00 -1.62824278e+00 
 2.45470892e+06 -6.42059864e+00 -1.63008267e+00 
 2.51188643e+06 -6.62143739e+00 -1.63195361e+00 
 2.57039578e+06 -6.82231757e+00 -1.63385655e+00 
 2.63026799e+06 -7.02324100e+00 -1.63579249e+00 
 2.69153480e+06 -7.22420963e+00 -1.63776241e+00 
 2.75422870e+06 -7.42522548e+00 -1.63976733e+00 
 2.81838293e+06 -7.62629066e+00 -1.64180827e+00 
 2.88403150e+06 -7.82740739e+00 -1.64388627e+00 
 2.95120923e+06 -8.02857801e+00 -1.64600240e+00 
 3.01995172e+06 -8.22980495e+00 -1.64815773e+00 
 3.09029543e+06 -8.43109077e+00 -1.65035336e+00 
 3.16227766e+06 -8.63243814e+00 -1.65259040e+00 
 3.23593657e+06 -8.83384983e+00 -1.65486998e+00 
 3.31131121e+06 -9.03532881e+00 -1.65719325e+00 
 3.38844156e+06 -9.23687814e+00 -1.65956138e+00 
 3.46736850e+06 -9.43850101e+00 -1.66197556e+00 
 3.54813389e+06 -9.64020079e+00 -1.66443699e+00 
 3.63078055e+06 -9.84198100e+00 -1.66694691e+00 
 3.71535229e+06 -1.00438453e+01 -1.66950656e+00 
 3.80189396e+06 -1.02457975e+01 -1.67211722e+00 
 3.89045145e+06 -1.04478417e+01 -1.67478016e+00 
 3.98107171e+06 -1.06499820e+01 -1.67749671e+00 
 4.07380278e+06 -1.08522229e+01 -1.68026820e+00 
 4.16869383e+06 -1.10545689e+01 -1.68309597e+00 
 4.26579519e+06 -1.12570248e+01 -1.68598140e+00 
 4.36515832e+06 -1.14595957e+01 -1.68892590e+00 
 4.46683592e+06 -1.16622868e+01 -1.69193088e+00 
 4.57088190e+06 -1.18651035e+01 -1.69499778e+00 
 4.67735141e+06 -1.20680517e+01 -1.69812807e+00 
 4.78630092e+06 -1.22711372e+01 -1.70132323e+00 
 4.89778819e+06 -1.24743662e+01 -1.70458478e+00 
 5.01187234e+06 -1.26777455e+01 -1.70791424e+00 
 5.12861384e+06 -1.28812816e+01 -1.71131317e+00 
 5.24807460e+06 -1.30849818e+01 -1.71478314e+00 
 5.37031796e+06 -1.32888534e+01 -1.71832576e+00 
 5.49540874e+06 -1.34929041e+01 -1.72194263e+00 
 5.62341325e+06 -1.36971421e+01 -1.72563541e+00 
 5.75439937e+06 -1.39015758e+01 -1.72940576e+00 
 5.88843655e+06 -1.41062139e+01 -1.73325536e+00 
 6.02559586e+06 -1.43110655e+01 -1.73718591e+00 
 6.16595002e+06 -1.45161403e+01 -1.74119914e+00 
 6.30957344e+06 -1.47214482e+01 -1.74529680e+00 
 6.45654229e+06 -1.49269996e+01 -1.74948064e+00 
 6.60693448e+06 -1.51328052e+01 -1.75375245e+00 
 6.76082975e+06 -1.53388762e+01 -1.75811402e+00 
 6.91830971e+06 -1.55452245e+01 -1.76256718e+00 
 7.07945784e+06 -1.57518622e+01 -1.76711374e+00 
 7.24435960e+06 -1.59588020e+01 -1.77175556e+00 
 7.41310241e+06 -1.61660571e+01 -1.77649449e+00 
 7.58577575e+06 -1.63736412e+01 -1.78133239e+00 
 7.76247117e+06 -1.65815686e+01 -1.78627115e+00 
 7.94328235e+06 -1.67898541e+01 -1.79131265e+00 
 8.12830516e+06 -1.69985133e+01 -1.79645878e+00 
 8.31763771e+06 -1.72075620e+01 -1.80171145e+00 
 8.51138038e+06 -1.74170170e+01 -1.80707254e+00 
 8.70963590e+06 -1.76268954e+01 -1.81254397e+00 
 8.91250938e+06 -1.78372153e+01 -1.81812762e+00 
 9.12010839e+06 -1.80479951e+01 -1.82382539e+00 
 9.33254301e+06 -1.82592542e+01 -1.82963917e+00 
 9.54992586e+06 -1.84710125e+01 -1.83557083e+00 
 9.77237221e+06 -1.86832906e+01 -1.84162224e+00 
 1.00000000e+07 -1.88961099e+01 -1.84779523e+00 
 1.02329299e+07 -1.91094926e+01 -1.85409163e+00 
 1.04712855e+07 -1.93234615e+01 -1.86051325e+00 
 1.07151931e+07 -1.95380403e+01 -1.86706185e+00 
 1.09647820e+07 -1.97532533e+01 -1.87373917e+00 
 1.12201845e+07 -1.99691258e+01 -1.88054693e+00 
 1.14815362e+07 -2.01856837e+01 -1.88748677e+00 
 1.17489755e+07 -2.04029538e+01 -1.89456032e+00 
 1.20226443e+07 -2.06209637e+01 -1.90176914e+00 
 1.23026877e+07 -2.08397417e+01 -1.90911474e+00 
 1.25892541e+07 -2.10593171e+01 -1.91659858e+00 
 1.28824955e+07 -2.12797198e+01 -1.92422202e+00 
 1.31825674e+07 -2.15009806e+01 -1.93198639e+00 
 1.34896288e+07 -2.17231310e+01 -1.93989291e+00 
 1.38038426e+07 -2.19462034e+01 -1.94794272e+00 
 1.41253754e+07 -2.21702309e+01 -1.95613689e+00 
 1.44543977e+07 -2.23952473e+01 -1.96447636e+00 
 1.47910839e+07 -2.26212872e+01 -1.97296199e+00 
 1.51356125e+07 -2.28483858e+01 -1.98159453e+00 
 1.54881662e+07 -2.30765792e+01 -1.99037459e+00 
 1.58489319e+07 -2.33059039e+01 -1.99930269e+00 
 1.62181010e+07 -2.35363972e+01 -2.00837918e+00 
 1.65958691e+07 -2.37680966e+01 -2.01760431e+00 
 1.69824365e+07 -2.40010406e+01 -2.02697817e+00 
 1.73780083e+07 -2.42352678e+01 -2.03650069e+00 
 1.77827941e+07 -2.44708173e+01 -2.04617166e+00 
 1.81970086e+07 -2.47077288e+01 -2.05599070e+00 
 1.86208714e+07 -2.49460418e+01 -2.06595727e+00 
 1.90546072e+07 -2.51857965e+01 -2.07607063e+00 
 1.94984460e+07 -2.54270329e+01 -2.08632990e+00 
 1.99526231e+07 -2.56697911e+01 -2.09673398e+00 
 2.04173794e+07 -2.59141114e+01 -2.10728160e+00 
 2.08929613e+07 -2.61600337e+01 -2.11797130e+00 
 2.13796209e+07 -2.64075978e+01 -2.12880141e+00 
 2.18776162e+07 -2.66568432e+01 -2.13977007e+00 
 2.23872114e+07 -2.69078089e+01 -2.15087522e+00 
 2.29086765e+07 -2.71605335e+01 -2.16211460e+00 
 2.34422882e+07 -2.74150549e+01 -2.17348574e+00 
 2.39883292e+07 -2.76714102e+01 -2.18498598e+00 
 2.45470892e+07 -2.79296357e+01 -2.19661244e+00 
 2.51188643e+07 -2.81897668e+01 -2.20836206e+00 
 2.57039578e+07 -2.84518377e+01 -2.22023157e+00 
 2.63026799e+07 -2.87158813e+01 -2.23221752e+00 
 2.69153480e+07 -2.89819295e+01 -2.24431627e+00 
 2.75422870e+07 -2.92500123e+01 -2.25652399e+00 
 2.81838293e+07 -2.95201586e+01 -2.26883668e+00 
 2.88403150e+07 -2.97923953e+01 -2.28125017e+00 
 2.95120923e+07 -3.00667478e+01 -2.29376016e+00 
 3.01995172e+07 -3.03432393e+01 -2.30636216e+00 
 3.09029543e+07 -3.06218914e+01 -2.31905157e+00 
 3.16227766e+07 -3.09027233e+01 -2.33182366e+00 
 3.23593657e+07 -3.11857522e+01 -2.34467358e+00 
 3.31131121e+07 -3.14709931e+01 -2.35759639e+00 
 3.38844156e+07 -3.17584587e+01 -2.37058707e+00 
 3.46736850e+07 -3.20481592e+01 -2.38364050e+00 
 3.54813389e+07 -3.23401025e+01 -2.39675153e+00 
 3.63078055e+07 -3.26342941e+01 -2.40991498e+00 
 3.71535229e+07 -3.29307367e+01 -2.42312560e+00 
 3.80189396e+07 -3.32294309e+01 -2.43637819e+00 
 3.89045145e+07 -3.35303744e+01 -2.44966751e+00 
 3.98107171e+07 -3.38335625e+01 -2.46298838e+00 
 4.07380278e+07 -3.41389880e+01 -2.47633563e+00 
 4.16869383e+07 -3.44466411e+01 -2.48970417e+00 
 4.26579519e+07 -3.47565095e+01 -2.50308897e+00 
 4.36515832e+07 -3.50685785e+01 -2.51648511e+00 
 4.46683592e+07 -3.53828309e+01 -2.52988775e+00 
 4.57088190e+07 -3.56992470e+01 -2.54329217e+00 
 4.67735141e+07 -3.60178052e+01 -2.55669381e+00 
 4.78630092e+07 -3.63384812e+01 -2.57008822e+00 
 4.89778819e+07 -3.66612487e+01 -2.58347114e+00 
 5.01187234e+07 -3.69860795e+01 -2.59683846e+00 
 5.12861384e+07 -3.73129431e+01 -2.61018625e+00 
 5.24807460e+07 -3.76418073e+01 -2.62351079e+00 
 5.37031796e+07 -3.79726379e+01 -2.63680854e+00 
 5.49540874e+07 -3.83053992e+01 -2.65007619e+00 
 5.62341325e+07 -3.86400537e+01 -2.66331061e+00 
 5.75439937e+07 -3.89765625e+01 -2.67650893e+00 
 5.88843655e+07 -3.93148854e+01 -2.68966848e+00 
 6.02559586e+07 -3.96549806e+01 -2.70278683e+00 
 6.16595002e+07 -3.99968053e+01 -2.71586178e+00 
 6.30957344e+07 -4.03403157e+01 -2.72889135e+00 
 6.45654229e+07 -4.06854669e+01 -2.74187382e+00 
 6.60693448e+07 -4.10322130e+01 -2.75480770e+00 
 6.76082975e+07 -4.13805076e+01 -2.76769172e+00 
 6.91830971e+07 -4.17303033e+01 -2.78052484e+00 
 7.07945784e+07 -4.20815523e+01 -2.79330629e+00 
 7.24435960e+07 -4.24342063e+01 -2.80603547e+00 
 7.41310241e+07 -4.27882162e+01 -2.81871204e+00 
 7.58577575e+07 -4.31435331e+01 -2.83133588e+00 
 7.76247117e+07 -4.35001073e+01 -2.84390707e+00 
 7.94328235e+07 -4.38578893e+01 -2.85642591e+00 
 8.12830516e+07 -4.42168290e+01 -2.86889288e+00 
 8.31763771e+07 -4.45768766e+01 -2.88130869e+00 
 8.51138038e+07 -4.49379819e+01 -2.89367421e+00 
 8.70963590e+07 -4.53000951e+01 -2.90599051e+00 
 8.91250938e+07 -4.56631659e+01 -2.91825883e+00 
 9.12010839e+07 -4.60271446e+01 -2.93048057e+00 
 9.33254301e+07 -4.63919812e+01 -2.94265729e+00 
 9.54992586e+07 -4.67576259e+01 -2.95479072e+00 
 9.77237221e+07 -4.71240293e+01 -2.96688271e+00 
 1.00000000e+08 -4.74911418e+01 -2.97893525e+00 
 1.02329299e+08 -4.78589142e+01 -2.99095047e+00 
 1.04712855e+08 -4.82272973e+01 -3.00293059e+00 
 1.07151931e+08 -4.85962422e+01 -3.01487797e+00 
 1.09647820e+08 -4.89657003e+01 -3.02679505e+00 
 1.12201845e+08 -4.93356228e+01 -3.03868437e+00 
 1.14815362e+08 -4.97059615e+01 -3.05054856e+00 
 1.17489755e+08 -5.00766680e+01 -3.06239029e+00 
 1.20226443e+08 -5.04476943e+01 -3.07421235e+00 
 1.23026877e+08 -5.08189924e+01 -3.08601754e+00 
 1.25892541e+08 -5.11905144e+01 -3.09780873e+00 
 1.28824955e+08 -5.15622125e+01 -3.10958884e+00 
 1.31825674e+08 -5.19340392e+01 -3.12136079e+00 
 1.34896288e+08 -5.23059467e+01 -3.13312756e+00 
 1.38038426e+08 -5.26778875e+01  3.13829319e+00 
 1.41253754e+08 -5.30498141e+01  3.12652786e+00 
 1.44543977e+08 -5.34216787e+01  3.11475878e+00 
 1.47910839e+08 -5.37934340e+01  3.10298297e+00 
 1.51356125e+08 -5.41650321e+01  3.09119750e+00 
 1.54881662e+08 -5.45364253e+01  3.07939944e+00 
 1.58489319e+08 -5.49075659e+01  3.06758590e+00 
 1.62181010e+08 -5.52784059e+01  3.05575404e+00 
 1.65958691e+08 -5.56488973e+01  3.04390109e+00 
 1.69824365e+08 -5.60189919e+01  3.03202432e+00 
 1.73780083e+08 -5.63886413e+01  3.02012108e+00 
 1.77827941e+08 -5.67577971e+01  3.00818880e+00 
 1.81970086e+08 -5.71264105e+01  2.99622499e+00 
 1.86208714e+08 -5.74944328e+01  2.98422728e+00 
 1.90546072e+08 -5.78618148e+01  2.97219338e+00 
 1.94984460e+08 -5.82285073e+01  2.96012112e+00 
 1.99526231e+08 -5.85944611e+01  2.94800847e+00 
 2.04173794e+08 -5.89596265e+01  2.93585351e+00 
 2.08929613e+08 -5.93239539e+01  2.92365447e+00 
 2.13796209e+08 -5.96873934e+01  2.91140973e+00 
 2.18776162e+08 -6.00498951e+01  2.89911782e+00 
 2.23872114e+08 -6.04114091e+01  2.88677744e+00 
 2.29086765e+08 -6.07718852e+01  2.87438745e+00 
 2.34422882e+08 -6.11312735e+01  2.86194690e+00 
 2.39883292e+08 -6.14895240e+01  2.84945504e+00 
 2.45470892e+08 -6.18465866e+01  2.83691127e+00 
 2.51188643e+08 -6.22024118e+01  2.82431524e+00 
 2.57039578e+08 -6.25569497e+01  2.81166678e+00 
 2.63026799e+08 -6.29101513e+01  2.79896593e+00 
 2.69153480e+08 -6.32619673e+01  2.78621296e+00 
 2.75422870e+08 -6.36123494e+01  2.77340836e+00 
 2.81838293e+08 -6.39612494e+01  2.76055282e+00 
 2.88403150e+08 -6.43086198e+01  2.74764730e+00 
 2.95120923e+08 -6.46544136e+01  2.73469298e+00 
 3.01995172e+08 -6.49985850e+01  2.72169124e+00 
 3.09029543e+08 -6.53410885e+01  2.70864375e+00 
 3.16227766e+08 -6.56818798e+01  2.69555237e+00 
 3.23593657e+08 -6.60209158e+01  2.68241922e+00 
 3.31131121e+08 -6.63581542e+01  2.66924665e+00 
 3.38844156e+08 -6.66935543e+01  2.65603723e+00 
 3.46736850e+08 -6.70270765e+01  2.64279377e+00 
 3.54813389e+08 -6.73586828e+01  2.62951929e+00 
 3.63078055e+08 -6.76883367e+01  2.61621703e+00 
 3.71535229e+08 -6.80160035e+01  2.60289047e+00 
 3.80189396e+08 -6.83416502e+01  2.58954324e+00 
 3.89045145e+08 -6.86652456e+01  2.57617922e+00 
 3.98107171e+08 -6.89867604e+01  2.56280243e+00 
 4.07380278e+08 -6.93061677e+01  2.54941709e+00 
 4.16869383e+08 -6.96234424e+01  2.53602759e+00 
 4.26579519e+08 -6.99385617e+01  2.52263844e+00 
 4.36515832e+08 -7.02515051e+01  2.50925432e+00 
 4.46683592e+08 -7.05622546e+01  2.49588002e+00 
 4.57088190e+08 -7.08707944e+01  2.48252045e+00 
 4.67735141e+08 -7.11771112e+01  2.46918059e+00 
 4.78630092e+08 -7.14811943e+01  2.45586554e+00 
 4.89778819e+08 -7.17830353e+01  2.44258043e+00 
 5.01187234e+08 -7.20826285e+01  2.42933046e+00 
 5.12861384e+08 -7.23799708e+01  2.41612084e+00 
 5.24807460e+08 -7.26750616e+01  2.40295681e+00 
 5.37031796e+08 -7.29679027e+01  2.38984361e+00 
 5.49540874e+08 -7.32584985e+01  2.37678646e+00 
 5.62341325e+08 -7.35468560e+01  2.36379054e+00 
 5.75439937e+08 -7.38329844e+01  2.35086099e+00 
 5.88843655e+08 -7.41168955e+01  2.33800288e+00 
 6.02559586e+08 -7.43986033e+01  2.32522119e+00 
 6.16595002e+08 -7.46781242e+01  2.31252084e+00 
 6.30957344e+08 -7.49554766e+01  2.29990660e+00 
 6.45654229e+08 -7.52306811e+01  2.28738314e+00 
 6.60693448e+08 -7.55037604e+01  2.27495502e+00 
 6.76082975e+08 -7.57747389e+01  2.26262662e+00 
 6.91830971e+08 -7.60436430e+01  2.25040218e+00 
 7.07945784e+08 -7.63105007e+01  2.23828578e+00 
 7.24435960e+08 -7.65753417e+01  2.22628133e+00 
 7.41310241e+08 -7.68381971e+01  2.21439257e+00 
 7.58577575e+08 -7.70990994e+01  2.20262303e+00 
 7.76247117e+08 -7.73580824e+01  2.19097608e+00 
 7.94328235e+08 -7.76151809e+01  2.17945487e+00 
 8.12830516e+08 -7.78704310e+01  2.16806237e+00 
 8.31763771e+08 -7.81238693e+01  2.15680134e+00 
 8.51138038e+08 -7.83755335e+01  2.14567435e+00 
 8.70963590e+08 -7.86254620e+01  2.13468376e+00 
 8.91250938e+08 -7.88736935e+01  2.12383173e+00 
 9.12010839e+08 -7.91202675e+01  2.11312022e+00 
 9.33254301e+08 -7.93652235e+01  2.10255098e+00 
 9.54992586e+08 -7.96086015e+01  2.09212557e+00 
 9.77237221e+08 -7.98504417e+01  2.08184538e+00 
 1.00000000e+09 -8.00907841e+01  2.07171157e+00 
