 frequency       ac1.vout1-ac1.vout2 ac1.vout1-ac1.vout2
 1.00000000e+01 -4.16835152e+01  4.66348076e-07 
 1.02329299e+01 -4.16835152e+01  4.77210718e-07 
 1.04712855e+01 -4.16835152e+01  4.88326384e-07 
 1.07151931e+01 -4.16835152e+01  4.99700966e-07 
 1.09647820e+01 -4.16835152e+01  5.11340497e-07 
 1.12201845e+01 -4.16835152e+01  5.23251147e-07 
 1.14815362e+01 -4.16835152e+01  5.35439232e-07 
 1.17489755e+01 -4.16835152e+01  5.47911214e-07 
 1.20226443e+01 -4.16835152e+01  5.60673706e-07 
 1.23026877e+01 -4.16835152e+01  5.73733474e-07 
 1.25892541e+01 -4.16835152e+01  5.87097443e-07 
 1.28824955e+01 -4.16835152e+01  6.00772700e-07 
 1.31825674e+01 -4.16835152e+01  6.14766494e-07 
 1.34896288e+01 -4.16835152e+01  6.29086245e-07 
 1.38038426e+01 -4.16835152e+01  6.43739546e-07 
 1.41253754e+01 -4.16835152e+01  6.58734166e-07 
 1.44543977e+01 -4.16835152e+01  6.74078056e-07 
 1.47910839e+01 -4.16835152e+01  6.89779351e-07 
 1.51356125e+01 -4.16835152e+01  7.05846376e-07 
 1.54881662e+01 -4.16835152e+01  7.22287650e-07 
 1.58489319e+01 -4.16835152e+01  7.39111891e-07 
 1.62181010e+01 -4.16835152e+01  7.56328018e-07 
 1.65958691e+01 -4.16835152e+01  7.73945161e-07 
 1.69824365e+01 -4.16835152e+01  7.91972660e-07 
 1.73780083e+01 -4.16835152e+01  8.10420073e-07 
 1.77827941e+01 -4.16835152e+01  8.29297181e-07 
 1.81970086e+01 -4.16835152e+01  8.48613994e-07 
 1.86208714e+01 -4.16835152e+01  8.68380753e-07 
 1.90546072e+01 -4.16835152e+01  8.88607939e-07 
 1.94984460e+01 -4.16835152e+01  9.09306277e-07 
 1.99526231e+01 -4.16835152e+01  9.30486741e-07 
 2.04173794e+01 -4.16835152e+01  9.52160562e-07 
 2.08929613e+01 -4.16835152e+01  9.74339231e-07 
 2.13796209e+01 -4.16835152e+01  9.97034507e-07 
 2.18776162e+01 -4.16835152e+01  1.02025842e-06 
 2.23872114e+01 -4.16835152e+01  1.04402330e-06 
 2.29086765e+01 -4.16835152e+01  1.06834172e-06 
 2.34422882e+01 -4.16835152e+01  1.09322660e-06 
 2.39883292e+01 -4.16835152e+01  1.11869112e-06 
 2.45470892e+01 -4.16835152e+01  1.14474878e-06 
 2.51188643e+01 -4.16835152e+01  1.17141340e-06 
 2.57039578e+01 -4.16835152e+01  1.19869913e-06 
 2.63026799e+01 -4.16835152e+01  1.22662042e-06 
 2.69153480e+01 -4.16835152e+01  1.25519208e-06 
 2.75422870e+01 -4.16835152e+01  1.28442926e-06 
 2.81838293e+01 -4.16835152e+01  1.31434746e-06 
 2.88403150e+01 -4.16835152e+01  1.34496254e-06 
 2.95120923e+01 -4.16835152e+01  1.37629074e-06 
 3.01995172e+01 -4.16835152e+01  1.40834867e-06 
 3.09029543e+01 -4.16835152e+01  1.44115333e-06 
 3.16227766e+01 -4.16835152e+01  1.47472210e-06 
 3.23593657e+01 -4.16835152e+01  1.50907279e-06 
 3.31131121e+01 -4.16835152e+01  1.54422361e-06 
 3.38844156e+01 -4.16835152e+01  1.58019320e-06 
 3.46736850e+01 -4.16835152e+01  1.61700063e-06 
 3.54813389e+01 -4.16835152e+01  1.65466541e-06 
 3.63078055e+01 -4.16835152e+01  1.69320752e-06 
 3.71535229e+01 -4.16835152e+01  1.73264739e-06 
 3.80189396e+01 -4.16835152e+01  1.77300593e-06 
 3.89045145e+01 -4.16835152e+01  1.81430455e-06 
 3.98107171e+01 -4.16835152e+01  1.85656513e-06 
 4.07380278e+01 -4.16835152e+01  1.89981009e-06 
 4.16869383e+01 -4.16835152e+01  1.94406235e-06 
 4.26579519e+01 -4.16835152e+01  1.98934538e-06 
 4.36515832e+01 -4.16835152e+01  2.03568318e-06 
 4.46683592e+01 -4.16835152e+01  2.08310034e-06 
 4.57088190e+01 -4.16835152e+01  2.13162198e-06 
 4.67735141e+01 -4.16835152e+01  2.18127383e-06 
 4.78630092e+01 -4.16835152e+01  2.23208223e-06 
 4.89778819e+01 -4.16835152e+01  2.28407410e-06 
 5.01187234e+01 -4.16835152e+01  2.33727702e-06 
 5.12861384e+01 -4.16835152e+01  2.39171920e-06 
 5.24807460e+01 -4.16835152e+01  2.44742949e-06 
 5.37031796e+01 -4.16835152e+01  2.50443745e-06 
 5.49540874e+01 -4.16835152e+01  2.56277329e-06 
 5.62341325e+01 -4.16835152e+01  2.62246795e-06 
 5.75439937e+01 -4.16835152e+01  2.68355308e-06 
 5.88843655e+01 -4.16835152e+01  2.74606106e-06 
 6.02559586e+01 -4.16835152e+01  2.81002504e-06 
 6.16595002e+01 -4.16835152e+01  2.87547893e-06 
 6.30957344e+01 -4.16835152e+01  2.94245744e-06 
 6.45654229e+01 -4.16835152e+01  3.01099607e-06 
 6.60693448e+01 -4.16835152e+01  3.08113118e-06 
 6.76082975e+01 -4.16835152e+01  3.15289995e-06 
 6.91830971e+01 -4.16835152e+01  3.22634042e-06 
 7.07945784e+01 -4.16835152e+01  3.30149154e-06 
 7.24435960e+01 -4.16835152e+01  3.37839316e-06 
 7.41310241e+01 -4.16835152e+01  3.45708605e-06 
 7.58577575e+01 -4.16835152e+01  3.53761193e-06 
 7.76247117e+01 -4.16835152e+01  3.62001349e-06 
 7.94328235e+01 -4.16835152e+01  3.70433444e-06 
 8.12830516e+01 -4.16835152e+01  3.79061947e-06 
 8.31763771e+01 -4.16835152e+01  3.87891434e-06 
 8.51138038e+01 -4.16835152e+01  3.96926586e-06 
 8.70963590e+01 -4.16835152e+01  4.06172194e-06 
 8.91250938e+01 -4.16835152e+01  4.15633160e-06 
 9.12010839e+01 -4.16835152e+01  4.25314500e-06 
 9.33254301e+01 -4.16835152e+01  4.35221347e-06 
 9.54992586e+01 -4.16835152e+01  4.45358955e-06 
 9.77237221e+01 -4.16835152e+01  4.55732698e-06 
 1.00000000e+02 -4.16835152e+01  4.66348076e-06 
 1.02329299e+02 -4.16835152e+01  4.77210718e-06 
 1.04712855e+02 -4.16835152e+01  4.88326384e-06 
 1.07151931e+02 -4.16835152e+01  4.99700966e-06 
 1.09647820e+02 -4.16835152e+01  5.11340497e-06 
 1.12201845e+02 -4.16835152e+01  5.23251147e-06 
 1.14815362e+02 -4.16835152e+01  5.35439232e-06 
 1.17489755e+02 -4.16835152e+01  5.47911214e-06 
 1.20226443e+02 -4.16835152e+01  5.60673706e-06 
 1.23026877e+02 -4.16835152e+01  5.73733474e-06 
 1.25892541e+02 -4.16835152e+01  5.87097443e-06 
 1.28824955e+02 -4.16835152e+01  6.00772700e-06 
 1.31825674e+02 -4.16835152e+01  6.14766494e-06 
 1.34896288e+02 -4.16835152e+01  6.29086245e-06 
 1.38038426e+02 -4.16835152e+01  6.43739546e-06 
 1.41253754e+02 -4.16835152e+01  6.58734166e-06 
 1.44543977e+02 -4.16835152e+01  6.74078056e-06 
 1.47910839e+02 -4.16835152e+01  6.89779351e-06 
 1.51356125e+02 -4.16835152e+01  7.05846376e-06 
 1.54881662e+02 -4.16835152e+01  7.22287650e-06 
 1.58489319e+02 -4.16835152e+01  7.39111891e-06 
 1.62181010e+02 -4.16835152e+01  7.56328018e-06 
 1.65958691e+02 -4.16835152e+01  7.73945161e-06 
 1.69824365e+02 -4.16835152e+01  7.91972660e-06 
 1.73780083e+02 -4.16835152e+01  8.10420073e-06 
 1.77827941e+02 -4.16835152e+01  8.29297181e-06 
 1.81970086e+02 -4.16835152e+01  8.48613994e-06 
 1.86208714e+02 -4.16835152e+01  8.68380753e-06 
 1.90546072e+02 -4.16835152e+01  8.88607939e-06 
 1.94984460e+02 -4.16835152e+01  9.09306277e-06 
 1.99526231e+02 -4.16835152e+01  9.30486741e-06 
 2.04173794e+02 -4.16835152e+01  9.52160562e-06 
 2.08929613e+02 -4.16835152e+01  9.74339231e-06 
 2.13796209e+02 -4.16835152e+01  9.97034507e-06 
 2.18776162e+02 -4.16835152e+01  1.02025842e-05 
 2.23872114e+02 -4.16835152e+01  1.04402330e-05 
 2.29086765e+02 -4.16835152e+01  1.06834172e-05 
 2.34422882e+02 -4.16835152e+01  1.09322660e-05 
 2.39883292e+02 -4.16835152e+01  1.11869112e-05 
 2.45470892e+02 -4.16835152e+01  1.14474878e-05 
 2.51188643e+02 -4.16835152e+01  1.17141340e-05 
 2.57039578e+02 -4.16835152e+01  1.19869913e-05 
 2.63026799e+02 -4.16835152e+01  1.22662042e-05 
 2.69153480e+02 -4.16835152e+01  1.25519208e-05 
 2.75422870e+02 -4.16835152e+01  1.28442926e-05 
 2.81838293e+02 -4.16835152e+01  1.31434746e-05 
 2.88403150e+02 -4.16835152e+01  1.34496254e-05 
 2.95120923e+02 -4.16835152e+01  1.37629074e-05 
 3.01995172e+02 -4.16835152e+01  1.40834867e-05 
 3.09029543e+02 -4.16835152e+01  1.44115333e-05 
 3.16227766e+02 -4.16835152e+01  1.47472210e-05 
 3.23593657e+02 -4.16835152e+01  1.50907279e-05 
 3.31131121e+02 -4.16835152e+01  1.54422361e-05 
 3.38844156e+02 -4.16835152e+01  1.58019320e-05 
 3.46736850e+02 -4.16835152e+01  1.61700063e-05 
 3.54813389e+02 -4.16835152e+01  1.65466541e-05 
 3.63078055e+02 -4.16835152e+01  1.69320752e-05 
 3.71535229e+02 -4.16835152e+01  1.73264739e-05 
 3.80189396e+02 -4.16835152e+01  1.77300593e-05 
 3.89045145e+02 -4.16835152e+01  1.81430455e-05 
 3.98107171e+02 -4.16835152e+01  1.85656513e-05 
 4.07380278e+02 -4.16835152e+01  1.89981009e-05 
 4.16869383e+02 -4.16835152e+01  1.94406235e-05 
 4.26579519e+02 -4.16835152e+01  1.98934538e-05 
 4.36515832e+02 -4.16835152e+01  2.03568318e-05 
 4.46683592e+02 -4.16835152e+01  2.08310034e-05 
 4.57088190e+02 -4.16835152e+01  2.13162198e-05 
 4.67735141e+02 -4.16835152e+01  2.18127383e-05 
 4.78630092e+02 -4.16835152e+01  2.23208223e-05 
 4.89778819e+02 -4.16835152e+01  2.28407410e-05 
 5.01187234e+02 -4.16835152e+01  2.33727702e-05 
 5.12861384e+02 -4.16835152e+01  2.39171920e-05 
 5.24807460e+02 -4.16835152e+01  2.44742949e-05 
 5.37031796e+02 -4.16835152e+01  2.50443745e-05 
 5.49540874e+02 -4.16835152e+01  2.56277329e-05 
 5.62341325e+02 -4.16835152e+01  2.62246795e-05 
 5.75439937e+02 -4.16835152e+01  2.68355308e-05 
 5.88843655e+02 -4.16835152e+01  2.74606106e-05 
 6.02559586e+02 -4.16835152e+01  2.81002504e-05 
 6.16595002e+02 -4.16835152e+01  2.87547893e-05 
 6.30957344e+02 -4.16835152e+01  2.94245744e-05 
 6.45654229e+02 -4.16835152e+01  3.01099607e-05 
 6.60693448e+02 -4.16835152e+01  3.08113118e-05 
 6.76082975e+02 -4.16835152e+01  3.15289995e-05 
 6.91830971e+02 -4.16835152e+01  3.22634042e-05 
 7.07945784e+02 -4.16835152e+01  3.30149154e-05 
 7.24435960e+02 -4.16835152e+01  3.37839316e-05 
 7.41310241e+02 -4.16835152e+01  3.45708605e-05 
 7.58577575e+02 -4.16835152e+01  3.53761192e-05 
 7.76247117e+02 -4.16835152e+01  3.62001349e-05 
 7.94328235e+02 -4.16835152e+01  3.70433444e-05 
 8.12830516e+02 -4.16835152e+01  3.79061947e-05 
 8.31763771e+02 -4.16835152e+01  3.87891434e-05 
 8.51138038e+02 -4.16835152e+01  3.96926586e-05 
 8.70963590e+02 -4.16835152e+01  4.06172194e-05 
 8.91250938e+02 -4.16835152e+01  4.15633160e-05 
 9.12010839e+02 -4.16835152e+01  4.25314500e-05 
 9.33254301e+02 -4.16835152e+01  4.35221347e-05 
 9.54992586e+02 -4.16835152e+01  4.45358955e-05 
 9.77237221e+02 -4.16835152e+01  4.55732698e-05 
 1.00000000e+03 -4.16835152e+01  4.66348076e-05 
 1.02329299e+03 -4.16835152e+01  4.77210718e-05 
 1.04712855e+03 -4.16835152e+01  4.88326384e-05 
 1.07151931e+03 -4.16835152e+01  4.99700966e-05 
 1.09647820e+03 -4.16835152e+01  5.11340497e-05 
 1.12201845e+03 -4.16835152e+01  5.23251147e-05 
 1.14815362e+03 -4.16835152e+01  5.35439232e-05 
 1.17489755e+03 -4.16835152e+01  5.47911214e-05 
 1.20226443e+03 -4.16835152e+01  5.60673706e-05 
 1.23026877e+03 -4.16835152e+01  5.73733474e-05 
 1.25892541e+03 -4.16835152e+01  5.87097443e-05 
 1.28824955e+03 -4.16835152e+01  6.00772700e-05 
 1.31825674e+03 -4.16835152e+01  6.14766494e-05 
 1.34896288e+03 -4.16835152e+01  6.29086245e-05 
 1.38038426e+03 -4.16835152e+01  6.43739546e-05 
 1.41253754e+03 -4.16835152e+01  6.58734166e-05 
 1.44543977e+03 -4.16835152e+01  6.74078056e-05 
 1.47910839e+03 -4.16835152e+01  6.89779351e-05 
 1.51356125e+03 -4.16835152e+01  7.05846376e-05 
 1.54881662e+03 -4.16835152e+01  7.22287650e-05 
 1.58489319e+03 -4.16835152e+01  7.39111891e-05 
 1.62181010e+03 -4.16835152e+01  7.56328018e-05 
 1.65958691e+03 -4.16835152e+01  7.73945161e-05 
 1.69824365e+03 -4.16835152e+01  7.91972660e-05 
 1.73780083e+03 -4.16835152e+01  8.10420073e-05 
 1.77827941e+03 -4.16835152e+01  8.29297181e-05 
 1.81970086e+03 -4.16835152e+01  8.48613994e-05 
 1.86208714e+03 -4.16835152e+01  8.68380753e-05 
 1.90546072e+03 -4.16835152e+01  8.88607939e-05 
 1.94984460e+03 -4.16835152e+01  9.09306277e-05 
 1.99526231e+03 -4.16835152e+01  9.30486741e-05 
 2.04173794e+03 -4.16835152e+01  9.52160562e-05 
 2.08929613e+03 -4.16835152e+01  9.74339231e-05 
 2.13796209e+03 -4.16835152e+01  9.97034507e-05 
 2.18776162e+03 -4.16835152e+01  1.02025842e-04 
 2.23872114e+03 -4.16835152e+01  1.04402330e-04 
 2.29086765e+03 -4.16835152e+01  1.06834172e-04 
 2.34422882e+03 -4.16835152e+01  1.09322660e-04 
 2.39883292e+03 -4.16835152e+01  1.11869112e-04 
 2.45470892e+03 -4.16835152e+01  1.14474878e-04 
 2.51188643e+03 -4.16835152e+01  1.17141340e-04 
 2.57039578e+03 -4.16835152e+01  1.19869913e-04 
 2.63026799e+03 -4.16835152e+01  1.22662042e-04 
 2.69153480e+03 -4.16835152e+01  1.25519208e-04 
 2.75422870e+03 -4.16835152e+01  1.28442926e-04 
 2.81838293e+03 -4.16835152e+01  1.31434746e-04 
 2.88403150e+03 -4.16835152e+01  1.34496254e-04 
 2.95120923e+03 -4.16835152e+01  1.37629074e-04 
 3.01995172e+03 -4.16835152e+01  1.40834867e-04 
 3.09029543e+03 -4.16835152e+01  1.44115333e-04 
 3.16227766e+03 -4.16835152e+01  1.47472210e-04 
 3.23593657e+03 -4.16835152e+01  1.50907279e-04 
 3.31131121e+03 -4.16835152e+01  1.54422361e-04 
 3.38844156e+03 -4.16835152e+01  1.58019320e-04 
 3.46736850e+03 -4.16835152e+01  1.61700063e-04 
 3.54813389e+03 -4.16835152e+01  1.65466541e-04 
 3.63078055e+03 -4.16835152e+01  1.69320752e-04 
 3.71535229e+03 -4.16835152e+01  1.73264739e-04 
 3.80189396e+03 -4.16835152e+01  1.77300593e-04 
 3.89045145e+03 -4.16835152e+01  1.81430455e-04 
 3.98107171e+03 -4.16835152e+01  1.85656513e-04 
 4.07380278e+03 -4.16835152e+01  1.89981009e-04 
 4.16869383e+03 -4.16835152e+01  1.94406235e-04 
 4.26579519e+03 -4.16835152e+01  1.98934538e-04 
 4.36515832e+03 -4.16835152e+01  2.03568318e-04 
 4.46683592e+03 -4.16835152e+01  2.08310034e-04 
 4.57088190e+03 -4.16835152e+01  2.13162198e-04 
 4.67735141e+03 -4.16835152e+01  2.18127383e-04 
 4.78630092e+03 -4.16835152e+01  2.23208223e-04 
 4.89778819e+03 -4.16835152e+01  2.28407410e-04 
 5.01187234e+03 -4.16835152e+01  2.33727702e-04 
 5.12861384e+03 -4.16835152e+01  2.39171920e-04 
 5.24807460e+03 -4.16835152e+01  2.44742949e-04 
 5.37031796e+03 -4.16835152e+01  2.50443745e-04 
 5.49540874e+03 -4.16835152e+01  2.56277329e-04 
 5.62341325e+03 -4.16835152e+01  2.62246795e-04 
 5.75439937e+03 -4.16835152e+01  2.68355308e-04 
 5.88843655e+03 -4.16835152e+01  2.74606106e-04 
 6.02559586e+03 -4.16835152e+01  2.81002504e-04 
 6.16595002e+03 -4.16835152e+01  2.87547893e-04 
 6.30957344e+03 -4.16835152e+01  2.94245744e-04 
 6.45654229e+03 -4.16835152e+01  3.01099607e-04 
 6.60693448e+03 -4.16835152e+01  3.08113118e-04 
 6.76082975e+03 -4.16835152e+01  3.15289995e-04 
 6.91830971e+03 -4.16835152e+01  3.22634042e-04 
 7.07945784e+03 -4.16835152e+01  3.30149154e-04 
 7.24435960e+03 -4.16835152e+01  3.37839316e-04 
 7.41310241e+03 -4.16835152e+01  3.45708605e-04 
 7.58577575e+03 -4.16835152e+01  3.53761192e-04 
 7.76247117e+03 -4.16835152e+01  3.62001349e-04 
 7.94328235e+03 -4.16835152e+01  3.70433444e-04 
 8.12830516e+03 -4.16835152e+01  3.79061947e-04 
 8.31763771e+03 -4.16835152e+01  3.87891434e-04 
 8.51138038e+03 -4.16835152e+01  3.96926586e-04 
 8.70963590e+03 -4.16835152e+01  4.06172194e-04 
 8.91250938e+03 -4.16835152e+01  4.15633160e-04 
 9.12010839e+03 -4.16835152e+01  4.25314500e-04 
 9.33254301e+03 -4.16835152e+01  4.35221347e-04 
 9.54992586e+03 -4.16835152e+01  4.45358955e-04 
 9.77237221e+03 -4.16835152e+01  4.55732698e-04 
 1.00000000e+04 -4.16835152e+01  4.66348076e-04 
 1.02329299e+04 -4.16835152e+01  4.77210718e-04 
 1.04712855e+04 -4.16835152e+01  4.88326383e-04 
 1.07151931e+04 -4.16835152e+01  4.99700966e-04 
 1.09647820e+04 -4.16835152e+01  5.11340497e-04 
 1.12201845e+04 -4.16835152e+01  5.23251147e-04 
 1.14815362e+04 -4.16835152e+01  5.35439232e-04 
 1.17489755e+04 -4.16835152e+01  5.47911214e-04 
 1.20226443e+04 -4.16835152e+01  5.60673706e-04 
 1.23026877e+04 -4.16835152e+01  5.73733474e-04 
 1.25892541e+04 -4.16835152e+01  5.87097443e-04 
 1.28824955e+04 -4.16835152e+01  6.00772700e-04 
 1.31825674e+04 -4.16835152e+01  6.14766493e-04 
 1.34896288e+04 -4.16835152e+01  6.29086245e-04 
 1.38038426e+04 -4.16835152e+01  6.43739546e-04 
 1.41253754e+04 -4.16835152e+01  6.58734166e-04 
 1.44543977e+04 -4.16835152e+01  6.74078056e-04 
 1.47910839e+04 -4.16835152e+01  6.89779351e-04 
 1.51356125e+04 -4.16835152e+01  7.05846376e-04 
 1.54881662e+04 -4.16835152e+01  7.22287650e-04 
 1.58489319e+04 -4.16835152e+01  7.39111891e-04 
 1.62181010e+04 -4.16835152e+01  7.56328018e-04 
 1.65958691e+04 -4.16835152e+01  7.73945161e-04 
 1.69824365e+04 -4.16835152e+01  7.91972659e-04 
 1.73780083e+04 -4.16835152e+01  8.10420072e-04 
 1.77827941e+04 -4.16835152e+01  8.29297181e-04 
 1.81970086e+04 -4.16835152e+01  8.48613994e-04 
 1.86208714e+04 -4.16835152e+01  8.68380753e-04 
 1.90546072e+04 -4.16835152e+01  8.88607939e-04 
 1.94984460e+04 -4.16835152e+01  9.09306277e-04 
 1.99526231e+04 -4.16835152e+01  9.30486741e-04 
 2.04173794e+04 -4.16835152e+01  9.52160561e-04 
 2.08929613e+04 -4.16835152e+01  9.74339230e-04 
 2.13796209e+04 -4.16835152e+01  9.97034506e-04 
 2.18776162e+04 -4.16835152e+01  1.02025842e-03 
 2.23872114e+04 -4.16835152e+01  1.04402329e-03 
 2.29086765e+04 -4.16835152e+01  1.06834172e-03 
 2.34422882e+04 -4.16835152e+01  1.09322660e-03 
 2.39883292e+04 -4.16835152e+01  1.11869112e-03 
 2.45470892e+04 -4.16835151e+01  1.14474878e-03 
 2.51188643e+04 -4.16835151e+01  1.17141340e-03 
 2.57039578e+04 -4.16835151e+01  1.19869913e-03 
 2.63026799e+04 -4.16835151e+01  1.22662042e-03 
 2.69153480e+04 -4.16835151e+01  1.25519208e-03 
 2.75422870e+04 -4.16835151e+01  1.28442926e-03 
 2.81838293e+04 -4.16835151e+01  1.31434746e-03 
 2.88403150e+04 -4.16835151e+01  1.34496254e-03 
 2.95120923e+04 -4.16835151e+01  1.37629074e-03 
 3.01995172e+04 -4.16835151e+01  1.40834867e-03 
 3.09029543e+04 -4.16835151e+01  1.44115333e-03 
 3.16227766e+04 -4.16835151e+01  1.47472210e-03 
 3.23593657e+04 -4.16835151e+01  1.50907279e-03 
 3.31131121e+04 -4.16835151e+01  1.54422361e-03 
 3.38844156e+04 -4.16835151e+01  1.58019320e-03 
 3.46736850e+04 -4.16835151e+01  1.61700063e-03 
 3.54813389e+04 -4.16835151e+01  1.65466541e-03 
 3.63078055e+04 -4.16835151e+01  1.69320752e-03 
 3.71535229e+04 -4.16835151e+01  1.73264739e-03 
 3.80189396e+04 -4.16835151e+01  1.77300593e-03 
 3.89045145e+04 -4.16835151e+01  1.81430454e-03 
 3.98107171e+04 -4.16835151e+01  1.85656513e-03 
 4.07380278e+04 -4.16835151e+01  1.89981008e-03 
 4.16869383e+04 -4.16835151e+01  1.94406234e-03 
 4.26579519e+04 -4.16835151e+01  1.98934537e-03 
 4.36515832e+04 -4.16835151e+01  2.03568318e-03 
 4.46683592e+04 -4.16835151e+01  2.08310033e-03 
 4.57088190e+04 -4.16835151e+01  2.13162197e-03 
 4.67735141e+04 -4.16835151e+01  2.18127383e-03 
 4.78630092e+04 -4.16835151e+01  2.23208222e-03 
 4.89778819e+04 -4.16835151e+01  2.28407409e-03 
 5.01187234e+04 -4.16835151e+01  2.33727701e-03 
 5.12861384e+04 -4.16835150e+01  2.39171919e-03 
 5.24807460e+04 -4.16835150e+01  2.44742948e-03 
 5.37031796e+04 -4.16835150e+01  2.50443744e-03 
 5.49540874e+04 -4.16835150e+01  2.56277328e-03 
 5.62341325e+04 -4.16835150e+01  2.62246794e-03 
 5.75439937e+04 -4.16835150e+01  2.68355306e-03 
 5.88843655e+04 -4.16835150e+01  2.74606104e-03 
 6.02559586e+04 -4.16835150e+01  2.81002502e-03 
 6.16595002e+04 -4.16835150e+01  2.87547891e-03 
 6.30957344e+04 -4.16835150e+01  2.94245742e-03 
 6.45654229e+04 -4.16835150e+01  3.01099606e-03 
 6.60693448e+04 -4.16835150e+01  3.08113117e-03 
 6.76082975e+04 -4.16835149e+01  3.15289993e-03 
 6.91830971e+04 -4.16835149e+01  3.22634040e-03 
 7.07945784e+04 -4.16835149e+01  3.30149152e-03 
 7.24435960e+04 -4.16835149e+01  3.37839314e-03 
 7.41310241e+04 -4.16835149e+01  3.45708602e-03 
 7.58577575e+04 -4.16835149e+01  3.53761190e-03 
 7.76247117e+04 -4.16835149e+01  3.62001347e-03 
 7.94328235e+04 -4.16835149e+01  3.70433441e-03 
 8.12830516e+04 -4.16835148e+01  3.79061944e-03 
 8.31763771e+04 -4.16835148e+01  3.87891431e-03 
 8.51138038e+04 -4.16835148e+01  3.96926583e-03 
 8.70963590e+04 -4.16835148e+01  4.06172191e-03 
 8.91250938e+04 -4.16835148e+01  4.15633156e-03 
 9.12010839e+04 -4.16835148e+01  4.25314496e-03 
 9.33254301e+04 -4.16835147e+01  4.35221343e-03 
 9.54992586e+04 -4.16835147e+01  4.45358950e-03 
 9.77237221e+04 -4.16835147e+01  4.55732692e-03 
 1.00000000e+05 -4.16835147e+01  4.66348070e-03 
 1.02329299e+05 -4.16835146e+01  4.77210712e-03 
 1.04712855e+05 -4.16835146e+01  4.88326377e-03 
 1.07151931e+05 -4.16835146e+01  4.99700959e-03 
 1.09647820e+05 -4.16835146e+01  5.11340489e-03 
 1.12201845e+05 -4.16835145e+01  5.23251139e-03 
 1.14815362e+05 -4.16835145e+01  5.35439224e-03 
 1.17489755e+05 -4.16835145e+01  5.47911205e-03 
 1.20226443e+05 -4.16835144e+01  5.60673696e-03 
 1.23026877e+05 -4.16835144e+01  5.73733463e-03 
 1.25892541e+05 -4.16835144e+01  5.87097432e-03 
 1.28824955e+05 -4.16835143e+01  6.00772687e-03 
 1.31825674e+05 -4.16835143e+01  6.14766480e-03 
 1.34896288e+05 -4.16835142e+01  6.29086231e-03 
 1.38038426e+05 -4.16835142e+01  6.43739531e-03 
 1.41253754e+05 -4.16835142e+01  6.58734150e-03 
 1.44543977e+05 -4.16835141e+01  6.74078039e-03 
 1.47910839e+05 -4.16835141e+01  6.89779332e-03 
 1.51356125e+05 -4.16835140e+01  7.05846356e-03 
 1.54881662e+05 -4.16835139e+01  7.22287629e-03 
 1.58489319e+05 -4.16835139e+01  7.39111868e-03 
 1.62181010e+05 -4.16835138e+01  7.56327994e-03 
 1.65958691e+05 -4.16835138e+01  7.73945135e-03 
 1.69824365e+05 -4.16835137e+01  7.91972632e-03 
 1.73780083e+05 -4.16835136e+01  8.10420043e-03 
 1.77827941e+05 -4.16835136e+01  8.29297149e-03 
 1.81970086e+05 -4.16835135e+01  8.48613960e-03 
 1.86208714e+05 -4.16835134e+01  8.68380717e-03 
 1.90546072e+05 -4.16835133e+01  8.88607900e-03 
 1.94984460e+05 -4.16835132e+01  9.09306235e-03 
 1.99526231e+05 -4.16835131e+01  9.30486696e-03 
 2.04173794e+05 -4.16835130e+01  9.52160513e-03 
 2.08929613e+05 -4.16835129e+01  9.74339179e-03 
 2.13796209e+05 -4.16835128e+01  9.97034451e-03 
 2.18776162e+05 -4.16835127e+01  1.02025836e-02 
 2.23872114e+05 -4.16835126e+01  1.04402323e-02 
 2.29086765e+05 -4.16835125e+01  1.06834165e-02 
 2.34422882e+05 -4.16835124e+01  1.09322652e-02 
 2.39883292e+05 -4.16835122e+01  1.11869104e-02 
 2.45470892e+05 -4.16835121e+01  1.14474870e-02 
 2.51188643e+05 -4.16835119e+01  1.17141331e-02 
 2.57039578e+05 -4.16835118e+01  1.19869903e-02 
 2.63026799e+05 -4.16835116e+01  1.22662031e-02 
 2.69153480e+05 -4.16835115e+01  1.25519197e-02 
 2.75422870e+05 -4.16835113e+01  1.28442914e-02 
 2.81838293e+05 -4.16835111e+01  1.31434733e-02 
 2.88403150e+05 -4.16835109e+01  1.34496241e-02 
 2.95120923e+05 -4.16835107e+01  1.37629060e-02 
 3.01995172e+05 -4.16835105e+01  1.40834852e-02 
 3.09029543e+05 -4.16835103e+01  1.44115316e-02 
 3.16227766e+05 -4.16835100e+01  1.47472192e-02 
 3.23593657e+05 -4.16835098e+01  1.50907260e-02 
 3.31131121e+05 -4.16835095e+01  1.54422341e-02 
 3.38844156e+05 -4.16835093e+01  1.58019298e-02 
 3.46736850e+05 -4.16835090e+01  1.61700039e-02 
 3.54813389e+05 -4.16835087e+01  1.65466516e-02 
 3.63078055e+05 -4.16835084e+01  1.69320725e-02 
 3.71535229e+05 -4.16835081e+01  1.73264710e-02 
 3.80189396e+05 -4.16835077e+01  1.77300562e-02 
 3.89045145e+05 -4.16835074e+01  1.81430421e-02 
 3.98107171e+05 -4.16835070e+01  1.85656477e-02 
 4.07380278e+05 -4.16835066e+01  1.89980970e-02 
 4.16869383e+05 -4.16835062e+01  1.94406194e-02 
 4.26579519e+05 -4.16835058e+01  1.98934494e-02 
 4.36515832e+05 -4.16835054e+01  2.03568271e-02 
 4.46683592e+05 -4.16835049e+01  2.08309983e-02 
 4.57088190e+05 -4.16835044e+01  2.13162143e-02 
 4.67735141e+05 -4.16835039e+01  2.18127325e-02 
 4.78630092e+05 -4.16835034e+01  2.23208160e-02 
 4.89778819e+05 -4.16835028e+01  2.28407343e-02 
 5.01187234e+05 -4.16835023e+01  2.33727630e-02 
 5.12861384e+05 -4.16835016e+01  2.39171843e-02 
 5.24807460e+05 -4.16835010e+01  2.44742867e-02 
 5.37031796e+05 -4.16835003e+01  2.50443657e-02 
 5.49540874e+05 -4.16834996e+01  2.56277235e-02 
 5.62341325e+05 -4.16834989e+01  2.62246694e-02 
 5.75439937e+05 -4.16834981e+01  2.68355199e-02 
 5.88843655e+05 -4.16834973e+01  2.74605990e-02 
 6.02559586e+05 -4.16834965e+01  2.81002379e-02 
 6.16595002e+05 -4.16834956e+01  2.87547759e-02 
 6.30957344e+05 -4.16834947e+01  2.94245601e-02 
 6.45654229e+05 -4.16834937e+01  3.01099454e-02 
 6.60693448e+05 -4.16834927e+01  3.08112954e-02 
 6.76082975e+05 -4.16834917e+01  3.15289819e-02 
 6.91830971e+05 -4.16834906e+01  3.22633854e-02 
 7.07945784e+05 -4.16834894e+01  3.30148953e-02 
 7.24435960e+05 -4.16834882e+01  3.37839100e-02 
 7.41310241e+05 -4.16834869e+01  3.45708373e-02 
 7.58577575e+05 -4.16834856e+01  3.53760944e-02 
 7.76247117e+05 -4.16834842e+01  3.62001083e-02 
 7.94328235e+05 -4.16834827e+01  3.70433159e-02 
 8.12830516e+05 -4.16834812e+01  3.79061642e-02 
 8.31763771e+05 -4.16834796e+01  3.87891107e-02 
 8.51138038e+05 -4.16834779e+01  3.96926236e-02 
 8.70963590e+05 -4.16834762e+01  4.06171819e-02 
 8.91250938e+05 -4.16834743e+01  4.15632758e-02 
 9.12010839e+05 -4.16834724e+01  4.25314069e-02 
 9.33254301e+05 -4.16834704e+01  4.35220885e-02 
 9.54992586e+05 -4.16834683e+01  4.45358460e-02 
 9.77237221e+05 -4.16834661e+01  4.55732167e-02 
 1.00000000e+06 -4.16834637e+01  4.66347507e-02 
 1.02329299e+06 -4.16834613e+01  4.77210109e-02 
 1.04712855e+06 -4.16834588e+01  4.88325731e-02 
 1.07151931e+06 -4.16834561e+01  4.99700267e-02 
 1.09647820e+06 -4.16834533e+01  5.11339747e-02 
 1.12201845e+06 -4.16834504e+01  5.23250344e-02 
 1.14815362e+06 -4.16834474e+01  5.35438371e-02 
 1.17489755e+06 -4.16834442e+01  5.47910292e-02 
 1.20226443e+06 -4.16834408e+01  5.60672718e-02 
 1.23026877e+06 -4.16834373e+01  5.73732415e-02 
 1.25892541e+06 -4.16834336e+01  5.87096309e-02 
 1.28824955e+06 -4.16834298e+01  6.00771484e-02 
 1.31825674e+06 -4.16834258e+01  6.14765191e-02 
 1.34896288e+06 -4.16834216e+01  6.29084849e-02 
 1.38038426e+06 -4.16834172e+01  6.43738050e-02 
 1.41253754e+06 -4.16834125e+01  6.58732563e-02 
 1.44543977e+06 -4.16834077e+01  6.74076338e-02 
 1.47910839e+06 -4.16834026e+01  6.89777511e-02 
 1.51356125e+06 -4.16833973e+01  7.05844404e-02 
 1.54881662e+06 -4.16833918e+01  7.22285537e-02 
 1.58489319e+06 -4.16833860e+01  7.39109627e-02 
 1.62181010e+06 -4.16833799e+01  7.56325592e-02 
 1.65958691e+06 -4.16833735e+01  7.73942562e-02 
 1.69824365e+06 -4.16833668e+01  7.91969874e-02 
 1.73780083e+06 -4.16833598e+01  8.10417088e-02 
 1.77827941e+06 -4.16833525e+01  8.29293983e-02 
 1.81970086e+06 -4.16833448e+01  8.48610567e-02 
 1.86208714e+06 -4.16833368e+01  8.68377082e-02 
 1.90546072e+06 -4.16833284e+01  8.88604005e-02 
 1.94984460e+06 -4.16833196e+01  9.09302062e-02 
 1.99526231e+06 -4.16833104e+01  9.30482224e-02 
 2.04173794e+06 -4.16833007e+01  9.52155722e-02 
 2.08929613e+06 -4.16832906e+01  9.74334044e-02 
 2.13796209e+06 -4.16832800e+01  9.97028949e-02 
 2.18776162e+06 -4.16832690e+01  1.02025247e-01 
 2.23872114e+06 -4.16832574e+01  1.04401691e-01 
 2.29086765e+06 -4.16832452e+01  1.06833488e-01 
 2.34422882e+06 -4.16832325e+01  1.09321927e-01 
 2.39883292e+06 -4.16832192e+01  1.11868327e-01 
 2.45470892e+06 -4.16832052e+01  1.14474037e-01 
 2.51188643e+06 -4.16831906e+01  1.17140439e-01 
 2.57039578e+06 -4.16831753e+01  1.19868947e-01 
 2.63026799e+06 -4.16831593e+01  1.22661007e-01 
 2.69153480e+06 -4.16831425e+01  1.25518099e-01 
 2.75422870e+06 -4.16831250e+01  1.28441737e-01 
 2.81838293e+06 -4.16831066e+01  1.31433473e-01 
 2.88403150e+06 -4.16830873e+01  1.34494890e-01 
 2.95120923e+06 -4.16830671e+01  1.37627613e-01 
 3.01995172e+06 -4.16830460e+01  1.40833301e-01 
 3.09029543e+06 -4.16830239e+01  1.44113655e-01 
 3.16227766e+06 -4.16830008e+01  1.47470412e-01 
 3.23593657e+06 -4.16829765e+01  1.50905352e-01 
 3.31131121e+06 -4.16829511e+01  1.54420297e-01 
 3.38844156e+06 -4.16829245e+01  1.58017108e-01 
 3.46736850e+06 -4.16828967e+01  1.61697692e-01 
 3.54813389e+06 -4.16828676e+01  1.65464001e-01 
 3.63078055e+06 -4.16828370e+01  1.69318030e-01 
 3.71535229e+06 -4.16828051e+01  1.73261823e-01 
 3.80189396e+06 -4.16827716e+01  1.77297468e-01 
 3.89045145e+06 -4.16827366e+01  1.81427106e-01 
 3.98107171e+06 -4.16826999e+01  1.85652925e-01 
 4.07380278e+06 -4.16826615e+01  1.89977164e-01 
 4.16869383e+06 -4.16826212e+01  1.94402115e-01 
 4.26579519e+06 -4.16825791e+01  1.98930124e-01 
 4.36515832e+06 -4.16825350e+01  2.03563588e-01 
 4.46683592e+06 -4.16824888e+01  2.08304965e-01 
 4.57088190e+06 -4.16824404e+01  2.13156767e-01 
 4.67735141e+06 -4.16823898e+01  2.18121564e-01 
 4.78630092e+06 -4.16823367e+01  2.23201987e-01 
 4.89778819e+06 -4.16822812e+01  2.28400729e-01 
 5.01187234e+06 -4.16822230e+01  2.33720543e-01 
 5.12861384e+06 -4.16821621e+01  2.39164249e-01 
 5.24807460e+06 -4.16820984e+01  2.44734730e-01 
 5.37031796e+06 -4.16820316e+01  2.50434937e-01 
 5.49540874e+06 -4.16819617e+01  2.56267892e-01 
 5.62341325e+06 -4.16818885e+01  2.62236683e-01 
 5.75439937e+06 -4.16818118e+01  2.68344472e-01 
 5.88843655e+06 -4.16817316e+01  2.74594495e-01 
 6.02559586e+06 -4.16816475e+01  2.80990063e-01 
 6.16595002e+06 -4.16815595e+01  2.87534562e-01 
 6.30957344e+06 -4.16814673e+01  2.94231460e-01 
 6.45654229e+06 -4.16813708e+01  3.01084302e-01 
 6.60693448e+06 -4.16812697e+01  3.08096718e-01 
 6.76082975e+06 -4.16811639e+01  3.15272422e-01 
 6.91830971e+06 -4.16810531e+01  3.22615212e-01 
 7.07945784e+06 -4.16809371e+01  3.30128978e-01 
 7.24435960e+06 -4.16808156e+01  3.37817697e-01 
 7.41310241e+06 -4.16806884e+01  3.45685439e-01 
 7.58577575e+06 -4.16805552e+01  3.53736371e-01 
 7.76247117e+06 -4.16804157e+01  3.61974752e-01 
 7.94328235e+06 -4.16802696e+01  3.70404945e-01 
 8.12830516e+06 -4.16801167e+01  3.79031410e-01 
 8.31763771e+06 -4.16799565e+01  3.87858713e-01 
 8.51138038e+06 -4.16797888e+01  3.96891525e-01 
 8.70963590e+06 -4.16796132e+01  4.06134626e-01 
 8.91250938e+06 -4.16794293e+01  4.15592905e-01 
 9.12010839e+06 -4.16792368e+01  4.25271366e-01 
 9.33254301e+06 -4.16790352e+01  4.35175128e-01 
 9.54992586e+06 -4.16788241e+01  4.45309431e-01 
 9.77237221e+06 -4.16786030e+01  4.55679632e-01 
 1.00000000e+07 -4.16783715e+01  4.66291215e-01 
 1.02329299e+07 -4.16781292e+01  4.77149791e-01 
 1.04712855e+07 -4.16778754e+01  4.88261099e-01 
 1.07151931e+07 -4.16776096e+01  4.99631013e-01 
 1.09647820e+07 -4.16773313e+01  5.11265542e-01 
 1.12201845e+07 -4.16770399e+01  5.23170832e-01 
 1.14815362e+07 -4.16767348e+01  5.35353173e-01 
 1.17489755e+07 -4.16764153e+01  5.47819001e-01 
 1.20226443e+07 -4.16760808e+01  5.60574898e-01 
 1.23026877e+07 -4.16757305e+01  5.73627601e-01 
 1.25892541e+07 -4.16753637e+01  5.86983999e-01 
 1.28824955e+07 -4.16749796e+01  6.00651143e-01 
 1.31825674e+07 -4.16745774e+01  6.14636244e-01 
 1.34896288e+07 -4.16741562e+01  6.28946682e-01 
 1.38038426e+07 -4.16737153e+01  6.43590003e-01 
 1.41253754e+07 -4.16732535e+01  6.58573930e-01 
 1.44543977e+07 -4.16727700e+01  6.73906362e-01 
 1.47910839e+07 -4.16722638e+01  6.89595379e-01 
 1.51356125e+07 -4.16717337e+01  7.05649249e-01 
 1.54881662e+07 -4.16711786e+01  7.22076428e-01 
 1.58489319e+07 -4.16705974e+01  7.38885565e-01 
 1.62181010e+07 -4.16699887e+01  7.56085510e-01 
 1.65958691e+07 -4.16693515e+01  7.73685312e-01 
 1.69824365e+07 -4.16686842e+01  7.91694231e-01 
 1.73780083e+07 -4.16679855e+01  8.10121736e-01 
 1.77827941e+07 -4.16672539e+01  8.28977513e-01 
 1.81970086e+07 -4.16664878e+01  8.48271470e-01 
 1.86208714e+07 -4.16656857e+01  8.68013739e-01 
 1.90546072e+07 -4.16648458e+01  8.88214685e-01 
 1.94984460e+07 -4.16639663e+01  9.08884906e-01 
 1.99526231e+07 -4.16630455e+01  9.30035244e-01 
 2.04173794e+07 -4.16620813e+01  9.51676785e-01 
 2.08929613e+07 -4.16610717e+01  9.73820866e-01 
 2.13796209e+07 -4.16600145e+01  9.96479083e-01 
 2.18776162e+07 -4.16589076e+01  1.01966329e+00 
 2.23872114e+07 -4.16577486e+01  1.04338562e+00 
 2.29086765e+07 -4.16565350e+01  1.06765846e+00 
 2.34422882e+07 -4.16552644e+01  1.09249449e+00 
 2.39883292e+07 -4.16539339e+01  1.11790667e+00 
 2.45470892e+07 -4.16525408e+01  1.14390826e+00 
 2.51188643e+07 -4.16510821e+01  1.17051280e+00 
 2.57039578e+07 -4.16495548e+01  1.19773415e+00 
 2.63026799e+07 -4.16479557e+01  1.22558647e+00 
 2.69153480e+07 -4.16462813e+01  1.25408422e+00 
 2.75422870e+07 -4.16445281e+01  1.28324222e+00 
 2.81838293e+07 -4.16426925e+01  1.31307558e+00 
 2.88403150e+07 -4.16407706e+01  1.34359976e+00 
 2.95120923e+07 -4.16387582e+01  1.37483057e+00 
 3.01995172e+07 -4.16366512e+01  1.40678415e+00 
 3.09029543e+07 -4.16344452e+01  1.43947700e+00 
 3.16227766e+07 -4.16321354e+01  1.47292598e+00 
 3.23593657e+07 -4.16297171e+01  1.50714832e+00 
 3.31131121e+07 -4.16271850e+01  1.54216163e+00 
 3.38844156e+07 -4.16245340e+01  1.57798389e+00 
 3.46736850e+07 -4.16217584e+01  1.61463347e+00 
 3.54813389e+07 -4.16188523e+01  1.65212913e+00 
 3.63078055e+07 -4.16158098e+01  1.69049004e+00 
 3.71535229e+07 -4.16126243e+01  1.72973578e+00 
 3.80189396e+07 -4.16092892e+01  1.76988633e+00 
 3.89045145e+07 -4.16057975e+01  1.81096211e+00 
 3.98107171e+07 -4.16021419e+01  1.85298396e+00 
 4.07380278e+07 -4.15983146e+01  1.89597314e+00 
 4.16869383e+07 -4.15943078e+01  1.93995138e+00 
 4.26579519e+07 -4.15901129e+01  1.98494084e+00 
 4.36515832e+07 -4.15857212e+01  2.03096413e+00 
 4.46683592e+07 -4.15811235e+01  2.07804433e+00 
 4.57088190e+07 -4.15763103e+01  2.12620499e+00 
 4.67735141e+07 -4.15712713e+01  2.17547012e+00 
 4.78630092e+07 -4.15659962e+01  2.22586422e+00 
 4.89778819e+07 -4.15604739e+01  2.27741227e+00 
 5.01187234e+07 -4.15546929e+01  2.33013972e+00 
 5.12861384e+07 -4.15486412e+01  2.38407255e+00 
 5.24807460e+07 -4.15423061e+01  2.43923720e+00 
 5.37031796e+07 -4.15356745e+01  2.49566064e+00 
 5.49540874e+07 -4.15287326e+01  2.55337033e+00 
 5.62341325e+07 -4.15214660e+01  2.61239424e+00 
 5.75439937e+07 -4.15138597e+01  2.67276086e+00 
 5.88843655e+07 -4.15058979e+01  2.73449919e+00 
 6.02559586e+07 -4.14975640e+01  2.79763874e+00 
 6.16595002e+07 -4.14888410e+01  2.86220954e+00 
 6.30957344e+07 -4.14797107e+01  2.92824214e+00 
 6.45654229e+07 -4.14701544e+01  2.99576759e+00 
 6.60693448e+07 -4.14601524e+01  3.06481747e+00 
 6.76082975e+07 -4.14496841e+01  3.13542386e+00 
 6.91830971e+07 -4.14387282e+01  3.20761937e+00 
 7.07945784e+07 -4.14272620e+01  3.28143708e+00 
 7.24435960e+07 -4.14152621e+01  3.35691059e+00 
 7.41310241e+07 -4.14027042e+01  3.43407397e+00 
 7.58577575e+07 -4.13895624e+01  3.51296181e+00 
 7.76247117e+07 -4.13758102e+01  3.59360912e+00 
 7.94328235e+07 -4.13614195e+01  3.67605140e+00 
 8.12830516e+07 -4.13463613e+01  3.76032459e+00 
 8.31763771e+07 -4.13306050e+01  3.84646506e+00 
 8.51138038e+07 -4.13141189e+01  3.93450958e+00 
 8.70963590e+07 -4.12968698e+01  4.02449534e+00 
 8.91250938e+07 -4.12788231e+01  4.11645986e+00 
 9.12010839e+07 -4.12599425e+01  4.21044104e+00 
 9.33254301e+07 -4.12401905e+01  4.30647708e+00 
 9.54992586e+07 -4.12195277e+01  4.40460646e+00 
 9.77237221e+07 -4.11979131e+01  4.50486795e+00 
 1.00000000e+08 -4.11753038e+01  4.60730048e+00 
 1.02329299e+08 -4.11516554e+01  4.71194321e+00 
 1.04712855e+08 -4.11269213e+01  4.81883541e+00 
 1.07151931e+08 -4.11010530e+01  4.92801641e+00 
 1.09647820e+08 -4.10740001e+01  5.03952562e+00 
 1.12201845e+08 -4.10457100e+01  5.15340239e+00 
 1.14815362e+08 -4.10161281e+01  5.26968599e+00 
 1.17489755e+08 -4.09851972e+01  5.38841554e+00 
 1.20226443e+08 -4.09528581e+01  5.50962993e+00 
 1.23026877e+08 -4.09190490e+01  5.63336775e+00 
 1.25892541e+08 -4.08837058e+01  5.75966721e+00 
 1.28824955e+08 -4.08467617e+01  5.88856601e+00 
 1.31825674e+08 -4.08081472e+01  6.02010132e+00 
 1.34896288e+08 -4.07677904e+01  6.15430960e+00 
 1.38038426e+08 -4.07256163e+01  6.29122652e+00 
 1.41253754e+08 -4.06815471e+01  6.43088686e+00 
 1.44543977e+08 -4.06355022e+01  6.57332435e+00 
 1.47910839e+08 -4.05873977e+01  6.71857154e+00 
 1.51356125e+08 -4.05371469e+01  6.86665969e+00 
 1.54881662e+08 -4.04846598e+01  7.01761856e+00 
 1.58489319e+08 -4.04298432e+01  7.17147630e+00 
 1.62181010e+08 -4.03726005e+01  7.32825925e+00 
 1.65958691e+08 -4.03128319e+01  7.48799174e+00 
 1.69824365e+08 -4.02504341e+01  7.65069595e+00 
 1.73780083e+08 -4.01853002e+01  7.81639164e+00 
 1.77827941e+08 -4.01173201e+01  7.98509599e+00 
 1.81970086e+08 -4.00463799e+01  8.15682335e+00 
 1.86208714e+08 -3.99723623e+01  8.33158497e+00 
 1.90546072e+08 -3.98951461e+01  8.50938882e+00 
 1.94984460e+08 -3.98146070e+01  8.69023926e+00 
 1.99526231e+08 -3.97306165e+01  8.87413680e+00 
 2.04173794e+08 -3.96430430e+01  9.06107780e+00 
 2.08929613e+08 -3.95517511e+01  9.25105421e+00 
 2.13796209e+08 -3.94566019e+01  9.44405318e+00 
 2.18776162e+08 -3.93574531e+01  9.64005682e+00 
 2.23872114e+08 -3.92541591e+01  9.83904182e+00 
 2.29086765e+08 -3.91465708e+01  1.00409791e+01 
 2.34422882e+08 -3.90345360e+01  1.02458336e+01 
 2.39883292e+08 -3.89178997e+01  1.04535636e+01 
 2.45470892e+08 -3.87965039e+01  1.06641207e+01 
 2.51188643e+08 -3.86701878e+01  1.08774493e+01 
 2.57039578e+08 -3.85387884e+01  1.10934860e+01 
 2.63026799e+08 -3.84021405e+01  1.13121596e+01 
 2.69153480e+08 -3.82600768e+01  1.15333906e+01 
 2.75422870e+08 -3.81124287e+01  1.17570907e+01 
 2.81838293e+08 -3.79590261e+01  1.19831622e+01 
 2.88403150e+08 -3.77996985e+01  1.22114982e+01 
 2.95120923e+08 -3.76342745e+01  1.24419817e+01 
 3.01995172e+08 -3.74625830e+01  1.26744856e+01 
 3.09029543e+08 -3.72844536e+01  1.29088720e+01 
 3.16227766e+08 -3.70997168e+01  1.31449921e+01 
 3.23593657e+08 -3.69082049e+01  1.33826860e+01 
 3.31131121e+08 -3.67097528e+01  1.36217818e+01 
 3.38844156e+08 -3.65041981e+01  1.38620963e+01 
 3.46736850e+08 -3.62913823e+01  1.41034338e+01 
 3.54813389e+08 -3.60711514e+01  1.43455867e+01 
 3.63078055e+08 -3.58433570e+01  1.45883348e+01 
 3.71535229e+08 -3.56078565e+01  1.48314454e+01 
 3.80189396e+08 -3.53645147e+01  1.50746733e+01 
 3.89045145e+08 -3.51132042e+01  1.53177610e+01 
 3.98107171e+08 -3.48538067e+01  1.55604381e+01 
 4.07380278e+08 -3.45862137e+01  1.58024223e+01 
 4.16869383e+08 -3.43103277e+01  1.60434192e+01 
 4.26579519e+08 -3.40260633e+01  1.62831224e+01 
 4.36515832e+08 -3.37333480e+01  1.65212143e+01 
 4.46683592e+08 -3.34321232e+01  1.67573664e+01 
 4.57088190e+08 -3.31223455e+01  1.69912398e+01 
 4.67735141e+08 -3.28039878e+01  1.72224861e+01 
 4.78630092e+08 -3.24770399e+01  1.74507477e+01 
 4.89778819e+08 -3.21415097e+01  1.76756594e+01 
 5.01187234e+08 -3.17974242e+01  1.78968485e+01 
 5.12861384e+08 -3.14448303e+01  1.81139366e+01 
 5.24807460e+08 -3.10837959e+01  1.83265403e+01 
 5.37031796e+08 -3.07144099e+01  1.85342728e+01 
 5.49540874e+08 -3.03367841e+01  1.87367448e+01 
 5.62341325e+08 -2.99510525e+01  1.89335666e+01 
 5.75439937e+08 -2.95573727e+01  1.91243490e+01 
 5.88843655e+08 -2.91559260e+01  1.93087051e+01 
 6.02559586e+08 -2.87469173e+01  1.94862522e+01 
 6.16595002e+08 -2.83305758e+01  1.96566134e+01 
 6.30957344e+08 -2.79071547e+01  1.98194189e+01 
 6.45654229e+08 -2.74769306e+01  1.99743087e+01 
 6.60693448e+08 -2.70402041e+01  2.01209336e+01 
 6.76082975e+08 -2.65972985e+01  2.02589573e+01 
 6.91830971e+08 -2.61485593e+01  2.03880582e+01 
 7.07945784e+08 -2.56943537e+01  2.05079313e+01 
 7.24435960e+08 -2.52350695e+01  2.06182895e+01 
 7.41310241e+08 -2.47711136e+01  2.07188659e+01 
 7.58577575e+08 -2.43029112e+01  2.08094144e+01 
 7.76247117e+08 -2.38309042e+01  2.08897123e+01 
 7.94328235e+08 -2.33555494e+01  2.09595606e+01 
 8.12830516e+08 -2.28773170e+01  2.10187861e+01 
 8.31763771e+08 -2.23966888e+01  2.10672417e+01 
 8.51138038e+08 -2.19141564e+01  2.11048078e+01 
 8.70963590e+08 -2.14302186e+01  2.11313930e+01 
 8.91250938e+08 -2.09453802e+01  2.11469346e+01 
 9.12010839e+08 -2.04601492e+01  2.11513989e+01 
 9.33254301e+08 -1.99750348e+01  2.11447814e+01 
 9.54992586e+08 -1.94905455e+01  2.11271072e+01 
 9.77237221e+08 -1.90071867e+01  2.10984302e+01 
 1.00000000e+09 -1.85254586e+01  2.10588333e+01 
 1.02329299e+09 -1.80458542e+01  2.10084275e+01 
 1.04712855e+09 -1.75688570e+01  2.09473513e+01 
 1.07151931e+09 -1.70949398e+01  2.08757698e+01 
 1.09647820e+09 -1.66245617e+01  2.07938737e+01 
 1.12201845e+09 -1.61581676e+01  2.07018780e+01 
 1.14815362e+09 -1.56961858e+01  2.06000206e+01 
 1.17489755e+09 -1.52390268e+01  2.04885613e+01 
 1.20226443e+09 -1.47870819e+01  2.03677795e+01 
 1.23026877e+09 -1.43407222e+01  2.02379732e+01 
 1.25892541e+09 -1.39002975e+01  2.00994572e+01 
 1.28824955e+09 -1.34661354e+01  1.99525610e+01 
 1.31825674e+09 -1.30385408e+01  1.97976272e+01 
 1.34896288e+09 -1.26177953e+01  1.96350100e+01 
 1.38038426e+09 -1.22041565e+01  1.94650727e+01 
 1.41253754e+09 -1.17978586e+01  1.92881868e+01 
 1.44543977e+09 -1.13991116e+01  1.91047293e+01 
 1.47910839e+09 -1.10081017e+01  1.89150816e+01 
 1.51356125e+09 -1.06249917e+01  1.87196276e+01 
 1.54881662e+09 -1.02499210e+01  1.85187523e+01 
 1.58489319e+09 -9.88300628e+00  1.83128398e+01 
 1.62181010e+09 -9.52434221e+00  1.81022723e+01 
 1.65958691e+09 -9.17400187e+00  1.78874285e+01 
 1.69824365e+09 -8.83203768e+00  1.76686825e+01 
 1.73780083e+09 -8.49848218e+00  1.74464024e+01 
 1.77827941e+09 -8.17334894e+00  1.72209495e+01 
 1.81970086e+09 -7.85663350e+00  1.69926769e+01 
 1.86208714e+09 -7.54831439e+00  1.67619292e+01 
 1.90546072e+09 -7.24835410e+00  1.65290412e+01 
 1.94984460e+09 -6.95670017e+00  1.62943376e+01 
 1.99526231e+09 -6.67328619e+00  1.60581324e+01 
 2.04173794e+09 -6.39803287e+00  1.58207281e+01 
 2.08929613e+09 -6.13084909e+00  1.55824158e+01 
 2.13796209e+09 -5.87163295e+00  1.53434743e+01 
 2.18776162e+09 -5.62027274e+00  1.51041706e+01 
 2.23872114e+09 -5.37664794e+00  1.48647593e+01 
 2.29086765e+09 -5.14063022e+00  1.46254824e+01 
 2.34422882e+09 -4.91208431e+00  1.43865699e+01 
 2.39883292e+09 -4.69086891e+00  1.41482393e+01 
 2.45470892e+09 -4.47683756e+00  1.39106958e+01 
 2.51188643e+09 -4.26983942e+00  1.36741329e+01 
 2.57039578e+09 -4.06972001e+00  1.34387320e+01 
 2.63026799e+09 -3.87632197e+00  1.32046630e+01 
 2.69153480e+09 -3.68948573e+00  1.29720846e+01 
 2.75422870e+09 -3.50905010e+00  1.27411444e+01 
 2.81838293e+09 -3.33485286e+00  1.25119795e+01 
 2.88403150e+09 -3.16673131e+00  1.22847166e+01 
 2.95120923e+09 -3.00452275e+00  1.20594725e+01 
 3.01995172e+09 -2.84806494e+00  1.18363544e+01 
 3.09029543e+09 -2.69719648e+00  1.16154605e+01 
 3.16227766e+09 -2.55175719e+00  1.13968800e+01 
 3.23593657e+09 -2.41158843e+00  1.11806940e+01 
 3.31131121e+09 -2.27653344e+00  1.09669753e+01 
 3.38844156e+09 -2.14643750e+00  1.07557894e+01 
 3.46736850e+09 -2.02114825e+00  1.05471943e+01 
 3.54813389e+09 -1.90051584e+00  1.03412415e+01 
 3.63078055e+09 -1.78439310e+00  1.01379758e+01 
 3.71535229e+09 -1.67263567e+00  9.93743599e+00 
 3.80189396e+09 -1.56510217e+00  9.73965502e+00 
 3.89045145e+09 -1.46165421e+00  9.54466052e+00 
 3.98107171e+09 -1.36215656e+00  9.35247499e+00 
 4.07380278e+09 -1.26647712e+00  9.16311615e+00 
 4.16869383e+09 -1.17448702e+00  8.97659725e+00 
 4.26579519e+09 -1.08606063e+00  8.79292735e+00 
 4.36515832e+09 -1.00107556e+00  8.61211158e+00 
 4.46683592e+09 -9.19412660e-01  8.43415144e+00 
 4.57088190e+09 -8.40956048e-01  8.25904498e+00 
 4.67735141e+09 -7.65593047e-01  8.08678712e+00 
 4.78630092e+09 -6.93214182e-01  7.91736981e+00 
 4.89778819e+09 -6.23713144e-01  7.75078227e+00 
 5.01187234e+09 -5.56986749e-01  7.58701116e+00 
 5.12861384e+09 -4.92934898e-01  7.42604083e+00 
 5.24807460e+09 -4.31460526e-01  7.26785342e+00 
 5.37031796e+09 -3.72469556e-01  7.11242909e+00 
 5.49540874e+09 -3.15870840e-01  6.95974617e+00 
 5.62341325e+09 -2.61576107e-01  6.80978126e+00 
 5.75439937e+09 -2.09499902e-01  6.66250943e+00 
 5.88843655e+09 -1.59559532e-01  6.51790434e+00 
 6.02559586e+09 -1.11675001e-01  6.37593832e+00 
 6.16595002e+09 -6.57689515e-02  6.23658256e+00 
 6.30957344e+09 -2.17666044e-02  6.09980715e+00 
 6.45654229e+09  2.04043036e-02  5.96558125e+00 
 6.60693448e+09  6.08135805e-02  5.83387314e+00 
 6.76082975e+09  9.95286399e-02  5.70465031e+00 
 6.91830971e+09  1.36614561e-01  5.57787960e+00 
 7.07945784e+09  1.72134151e-01  5.45352721e+00 
 7.24435960e+09  2.06147999e-01  5.33155885e+00 
 7.41310241e+09  2.38714541e-01  5.21193974e+00 
 7.58577575e+09  2.69890115e-01  5.09463474e+00 
 7.76247117e+09  2.99729018e-01  4.97960838e+00 
 7.94328235e+09  3.28283563e-01  4.86682491e+00 
 8.12830516e+09  3.55604133e-01  4.75624841e+00 
 8.31763771e+09  3.81739238e-01  4.64784277e+00 
 8.51138038e+09  4.06735567e-01  4.54157179e+00 
 8.70963590e+09  4.30638040e-01  4.43739922e+00 
 8.91250938e+09  4.53489862e-01  4.33528879e+00 
 9.12010839e+09  4.75332571e-01  4.23520425e+00 
 9.33254301e+09  4.96206088e-01  4.13710942e+00 
 9.54992586e+09  5.16148767e-01  4.04096823e+00 
 9.77237221e+09  5.35197440e-01  3.94674472e+00 
 1.00000000e+10  5.53387466e-01  3.85440312e+00 
 1.02329299e+10  5.70752773e-01  3.76390784e+00 
 1.04712855e+10  5.87325907e-01  3.67522351e+00 
 1.07151931e+10  6.03138068e-01  3.58831499e+00 
 1.09647820e+10  6.18219160e-01  3.50314743e+00 
 1.12201845e+10  6.32597825e-01  3.41968626e+00 
 1.14815362e+10  6.46301486e-01  3.33789720e+00 
 1.17489755e+10  6.59356386e-01  3.25774633e+00 
 1.20226443e+10  6.71787624e-01  3.17920003e+00 
 1.23026877e+10  6.83619192e-01  3.10222506e+00 
 1.25892541e+10  6.94874009e-01  3.02678855e+00 
 1.28824955e+10  7.05573960e-01  2.95285800e+00 
 1.31825674e+10  7.15739923e-01  2.88040131e+00 
 1.34896288e+10  7.25391803e-01  2.80938678e+00 
 1.38038426e+10  7.34548566e-01  2.73978312e+00 
 1.41253754e+10  7.43228265e-01  2.67155947e+00 
 1.44543977e+10  7.51448072e-01  2.60468539e+00 
 1.47910839e+10  7.59224301e-01  2.53913088e+00 
 1.51356125e+10  7.66572442e-01  2.47486638e+00 
 1.54881662e+10  7.73507179e-01  2.41186276e+00 
 1.58489319e+10  7.80042423e-01  2.35009136e+00 
 1.62181010e+10  7.86191327e-01  2.28952396e+00 
 1.65958691e+10  7.91966317e-01  2.23013282e+00 
 1.69824365e+10  7.97379108e-01  2.17189064e+00 
 1.73780083e+10  8.02440727e-01  2.11477059e+00 
 1.77827941e+10  8.07161537e-01  2.05874632e+00 
 1.81970086e+10  8.11551250e-01  2.00379192e+00 
 1.86208714e+10  8.15618948e-01  1.94988199e+00 
 1.90546072e+10  8.19373102e-01  1.89699158e+00 
 1.94984460e+10  8.22821590e-01  1.84509623e+00 
 1.99526231e+10  8.25971709e-01  1.79417193e+00 
 2.04173794e+10  8.28830192e-01  1.74419520e+00 
 2.08929613e+10  8.31403225e-01  1.69514301e+00 
 2.13796209e+10  8.33696460e-01  1.64699281e+00 
 2.18776162e+10  8.35715027e-01  1.59972255e+00 
 2.23872114e+10  8.37463550e-01  1.55331069e+00 
 2.29086765e+10  8.38946157e-01  1.50773616e+00 
 2.34422882e+10  8.40166492e-01  1.46297839e+00 
 2.39883292e+10  8.41127731e-01  1.41901731e+00 
 2.45470892e+10  8.41832586e-01  1.37583338e+00 
 2.51188643e+10  8.42283322e-01  1.33340754e+00 
 2.57039578e+10  8.42481766e-01  1.29172127e+00 
 2.63026799e+10  8.42429318e-01  1.25075655e+00 
 2.69153480e+10  8.42126958e-01  1.21049591e+00 
 2.75422870e+10  8.41575263e-01  1.17092240e+00 
 2.81838293e+10  8.40774412e-01  1.13201962e+00 
 2.88403150e+10  8.39724198e-01  1.09377172e+00 
 2.95120923e+10  8.38424039e-01  1.05616341e+00 
 3.01995172e+10  8.36872990e-01  1.01917997e+00 
 3.09029543e+10  8.35069755e-01  9.82807248e-01 
 3.16227766e+10  8.33012695e-01  9.47031705e-01 
 3.23593657e+10  8.30699845e-01  9.11840393e-01 
 3.31131121e+10  8.28128925e-01  8.77220981e-01 
 3.38844156e+10  8.25297354e-01  8.43161768e-01 
 3.46736850e+10  8.22202267e-01  8.09651697e-01 
 3.54813389e+10  8.18840528e-01  7.76680369e-01 
 3.63078055e+10  8.15208753e-01  7.44238061e-01 
 3.71535229e+10  8.11303321e-01  7.12315737e-01 
 3.80189396e+10  8.07120401e-01  6.80905073e-01 
 3.89045145e+10  8.02655971e-01  6.49998466e-01 
 3.98107171e+10  7.97905844e-01  6.19589057e-01 
 4.07380278e+10  7.92865690e-01  5.89670748e-01 
 4.16869383e+10  7.87531071e-01  5.60238218e-01 
 4.26579519e+10  7.81897465e-01  5.31286945e-01 
 4.36515832e+10  7.75960303e-01  5.02813223e-01 
 4.46683592e+10  7.69715006e-01  4.74814177e-01 
 4.57088190e+10  7.63157021e-01  4.47287783e-01 
 4.67735141e+10  7.56281865e-01  4.20232885e-01 
 4.78630092e+10  7.49085172e-01  3.93649208e-01 
 4.89778819e+10  7.41562739e-01  3.67537372e-01 
 5.01187234e+10  7.33710581e-01  3.41898906e-01 
 5.12861384e+10  7.25524985e-01  3.16736254e-01 
 5.24807460e+10  7.17002575e-01  2.92052786e-01 
 5.37031796e+10  7.08140369e-01  2.67852797e-01 
 5.49540874e+10  6.98935851e-01  2.44141510e-01 
 5.62341325e+10  6.89387045e-01  2.20925072e-01 
 5.75439937e+10  6.79492584e-01  1.98210541e-01 
 5.88843655e+10  6.69251794e-01  1.76005873e-01 
 6.02559586e+10  6.58664771e-01  1.54319900e-01 
 6.16595002e+10  6.47732473e-01  1.33162302e-01 
 6.30957344e+10  6.36456802e-01  1.12543566e-01 
 6.45654229e+10  6.24840693e-01  9.24749499e-02 
 6.60693448e+10  6.12888210e-01  7.29684179e-02 
 6.76082975e+10  6.00604631e-01  5.40365823e-02 
 6.91830971e+10  5.87996541e-01  3.56926256e-02 
 7.07945784e+10  5.75071923e-01  1.79502139e-02 
 7.24435960e+10  5.61840241e-01  8.23398087e-04 
 7.41310241e+10  5.48312522e-01 -1.56734980e-02 
 7.58577575e+10  5.34501432e-01 -3.15260017e-02 
 7.76247117e+10  5.20421347e-01 -4.67196288e-02 
 7.94328235e+10  5.06088407e-01 -6.12400346e-02 
 8.12830516e+10  4.91520564e-01 -7.50731759e-02 
 8.31763771e+10  4.76737620e-01 -8.82054871e-02 
 8.51138038e+10  4.61761237e-01 -1.00624066e-01 
 8.70963590e+10  4.46614941e-01 -1.12316872e-01 
 8.91250938e+10  4.31324101e-01 -1.23272927e-01 
 9.12010839e+10  4.15915884e-01 -1.33482531e-01 
 9.33254301e+10  4.00419188e-01 -1.42937475e-01 
 9.54992586e+10  3.84864549e-01 -1.51631259e-01 
 9.77237221e+10  3.69284016e-01 -1.59559304e-01 
 1.00000000e+11  3.53711009e-01 -1.66719162e-01 
 1.02329299e+11  3.38180131e-01 -1.73110713e-01 
 1.04712855e+11  3.22726968e-01 -1.78736352e-01 
 1.07151931e+11  3.07387847e-01 -1.83601153e-01 
 1.09647820e+11  2.92199579e-01 -1.87713011e-01 
 1.12201845e+11  2.77199169e-01 -1.91082757e-01 
 1.14815362e+11  2.62423507e-01 -1.93724242e-01 
 1.17489755e+11  2.47909044e-01 -1.95654384e-01 
 1.20226443e+11  2.33691454e-01 -1.96893170e-01 
 1.23026877e+11  2.19805286e-01 -1.97463627e-01 
 1.25892541e+11  2.06283618e-01 -1.97391736e-01 
 1.28824955e+11  1.93157718e-01 -1.96706310e-01 
 1.31825674e+11  1.80456710e-01 -1.95438819e-01 
 1.34896288e+11  1.68207266e-01 -1.93623176e-01 
 1.38038426e+11  1.56433326e-01 -1.91295479e-01 
 1.41253754e+11  1.45155840e-01 -1.88493711e-01 
 1.44543977e+11  1.34392560e-01 -1.85257413e-01 
 1.47910839e+11  1.24157874e-01 -1.81627328e-01 
 1.51356125e+11  1.14462678e-01 -1.77645015e-01 
 1.54881662e+11  1.05314317e-01 -1.73352464e-01 
 1.58489319e+11  9.67165608e-02 -1.68791694e-01 
 1.62181010e+11  8.86696459e-02 -1.64004358e-01 
 1.65958691e+11  8.11703619e-02 -1.59031361e-01 
 1.69824365e+11  7.42121904e-02 -1.53912491e-01 
 1.73780083e+11  6.77854886e-02 -1.48686082e-01 
 1.77827941e+11  6.18777131e-02 -1.43388702e-01 
 1.81970086e+11  5.64736789e-02 -1.38054885e-01 
 1.86208714e+11  5.15558457e-02 -1.32716896e-01 
 1.90546072e+11  4.71046256e-02 -1.27404553e-01 
 1.94984460e+11  4.30987041e-02 -1.22145078e-01 
 1.99526231e+11  3.95153674e-02 -1.16963008e-01 
 2.04173794e+11  3.63308296e-02 -1.11880142e-01 
 2.08929613e+11  3.35205526e-02 -1.06915535e-01 
 2.13796209e+11  3.10595531e-02 -1.02085532e-01 
 2.18776162e+11  2.89226922e-02 -9.74038318e-02 
 2.23872114e+11  2.70849427e-02 -9.28815934e-02 
 2.29086765e+11  2.55216320e-02 -8.85275582e-02 
 2.34422882e+11  2.42086571e-02 -8.43482012e-02 
 2.39883292e+11  2.31226712e-02 -8.03478964e-02 
 2.45470892e+11  2.22412413e-02 -7.65290953e-02 
 2.51188643e+11  2.15429762e-02 -7.28925129e-02 
 2.57039578e+11  2.10076274e-02 -6.94373164e-02 
 2.63026799e+11  2.06161627e-02 -6.61613148e-02 
 2.69153480e+11  2.03508149e-02 -6.30611435e-02 
 2.75422870e+11  2.01951081e-02 -6.01324434e-02 
 2.81838293e+11  2.01338642e-02 -5.73700308e-02 
 2.88403150e+11  2.01531908e-02 -5.47680566e-02 
 2.95120923e+11  2.02404541e-02 -5.23201543e-02 
 3.01995172e+11  2.03842399e-02 -5.00195745e-02 
 3.09029543e+11  2.05743033e-02 -4.78593066e-02 
 3.16227766e+11  2.08015104e-02 -4.58321876e-02 
 3.23593657e+11  2.10577750e-02 -4.39309970e-02 
 3.31131121e+11  2.13359900e-02 -4.21485392e-02 
 3.38844156e+11  2.16299569e-02 -4.04777141e-02 
 3.46736850e+11  2.19343147e-02 -3.89115760e-02 
 3.54813389e+11  2.22444683e-02 -3.74433813e-02 
 3.63078055e+11  2.25565185e-02 -3.60666276e-02 
 3.71535229e+11  2.28671947e-02 -3.47750832e-02 
 3.80189396e+11  2.31737894e-02 -3.35628091e-02 
 3.89045145e+11  2.34740968e-02 -3.24241737e-02 
 3.98107171e+11  2.37663548e-02 -3.13538621e-02 
 4.07380278e+11  2.40491907e-02 -3.03468794e-02 
 4.16869383e+11  2.43215714e-02 -2.93985503e-02 
 4.26579519e+11  2.45827574e-02 -2.85045148e-02 
 4.36515832e+11  2.48322609e-02 -2.76607204e-02 
 4.46683592e+11  2.50698075e-02 -2.68634131e-02 
 4.57088190e+11  2.52953026e-02 -2.61091249e-02 
 4.67735141e+11  2.55088006e-02 -2.53946615e-02 
 4.78630092e+11  2.57104775e-02 -2.47170878e-02 
 4.89778819e+11  2.59006075e-02 -2.40737135e-02 
 5.01187234e+11  2.60795418e-02 -2.34620783e-02 
 5.12861384e+11  2.62476905e-02 -2.28799365e-02 
 5.24807460e+11  2.64055065e-02 -2.23252422e-02 
 5.37031796e+11  2.65534727e-02 -2.17961352e-02 
 5.49540874e+11  2.66920899e-02 -2.12909263e-02 
 5.62341325e+11  2.68218677e-02 -2.08080837e-02 
 5.75439937e+11  2.69433162e-02 -2.03462206e-02 
 5.88843655e+11  2.70569397e-02 -1.99040825e-02 
 6.02559586e+11  2.71632311e-02 -1.94805358e-02 
 6.16595002e+11  2.72626679e-02 -1.90745567e-02 
 6.30957344e+11  2.73557089e-02 -1.86852218e-02 
 6.45654229e+11  2.74427919e-02 -1.83116980e-02 
 6.60693448e+11  2.75243314e-02 -1.79532343e-02 
 6.76082975e+11  2.76007183e-02 -1.76091538e-02 
 6.91830971e+11  2.76723182e-02 -1.72788464e-02 
 7.07945784e+11  2.77394719e-02 -1.69617623e-02 
 7.24435960e+11  2.78024951e-02 -1.66574058e-02 
 7.41310241e+11  2.78616785e-02 -1.63653297e-02 
 7.58577575e+11  2.79172887e-02 -1.60851308e-02 
 7.76247117e+11  2.79695684e-02 -1.58164452e-02 
 7.94328235e+11  2.80187374e-02 -1.55589439e-02 
 8.12830516e+11  2.80649934e-02 -1.53123298e-02 
 8.31763771e+11  2.81085127e-02 -1.50763340e-02 
 8.51138038e+11  2.81494511e-02 -1.48507132e-02 
 8.70963590e+11  2.81879448e-02 -1.46352466e-02 
 8.91250938e+11  2.82241113e-02 -1.44297342e-02 
 9.12010839e+11  2.82580502e-02 -1.42339941e-02 
 9.33254301e+11  2.82898438e-02 -1.40478609e-02 
 9.54992586e+11  2.83195580e-02 -1.38711839e-02 
 9.77237221e+11  2.83472430e-02 -1.37038254e-02 
 1.00000000e+12  2.83729338e-02 -1.35456596e-02 
