 frequency       ac1.vout1-ac1.vout2 ac1.vout1-ac1.vout2
 1.00000000e+01 -3.75393140e+01  1.52340409e-07 
 1.02329299e+01 -3.75393140e+01  1.55888873e-07 
 1.04712855e+01 -3.75393140e+01  1.59519992e-07 
 1.07151931e+01 -3.75393140e+01  1.63235689e-07 
 1.09647820e+01 -3.75393140e+01  1.67037937e-07 
 1.12201845e+01 -3.75393140e+01  1.70928751e-07 
 1.14815362e+01 -3.75393140e+01  1.74910193e-07 
 1.17489755e+01 -3.75393140e+01  1.78984374e-07 
 1.20226443e+01 -3.75393140e+01  1.83153456e-07 
 1.23026877e+01 -3.75393140e+01  1.87419648e-07 
 1.25892541e+01 -3.75393140e+01  1.91785212e-07 
 1.28824955e+01 -3.75393140e+01  1.96252464e-07 
 1.31825674e+01 -3.75393140e+01  2.00823771e-07 
 1.34896288e+01 -3.75393140e+01  2.05501558e-07 
 1.38038426e+01 -3.75393140e+01  2.10288304e-07 
 1.41253754e+01 -3.75393140e+01  2.15186548e-07 
 1.44543977e+01 -3.75393140e+01  2.20198886e-07 
 1.47910839e+01 -3.75393140e+01  2.25327977e-07 
 1.51356125e+01 -3.75393140e+01  2.30576540e-07 
 1.54881662e+01 -3.75393140e+01  2.35947358e-07 
 1.58489319e+01 -3.75393140e+01  2.41443278e-07 
 1.62181010e+01 -3.75393140e+01  2.47067214e-07 
 1.65958691e+01 -3.75393140e+01  2.52822149e-07 
 1.69824365e+01 -3.75393140e+01  2.58711133e-07 
 1.73780083e+01 -3.75393140e+01  2.64737289e-07 
 1.77827941e+01 -3.75393140e+01  2.70903813e-07 
 1.81970086e+01 -3.75393140e+01  2.77213974e-07 
 1.86208714e+01 -3.75393140e+01  2.83671116e-07 
 1.90546072e+01 -3.75393140e+01  2.90278666e-07 
 1.94984460e+01 -3.75393140e+01  2.97040124e-07 
 1.99526231e+01 -3.75393140e+01  3.03959078e-07 
 2.04173794e+01 -3.75393140e+01  3.11039194e-07 
 2.08929613e+01 -3.75393140e+01  3.18284228e-07 
 2.13796209e+01 -3.75393140e+01  3.25698020e-07 
 2.18776162e+01 -3.75393140e+01  3.33284501e-07 
 2.23872114e+01 -3.75393140e+01  3.41047694e-07 
 2.29086765e+01 -3.75393140e+01  3.48991716e-07 
 2.34422882e+01 -3.75393140e+01  3.57120777e-07 
 2.39883292e+01 -3.75393140e+01  3.65439189e-07 
 2.45470892e+01 -3.75393140e+01  3.73951361e-07 
 2.51188643e+01 -3.75393140e+01  3.82661807e-07 
 2.57039578e+01 -3.75393140e+01  3.91575146e-07 
 2.63026799e+01 -3.75393140e+01  4.00696102e-07 
 2.69153480e+01 -3.75393140e+01  4.10029514e-07 
 2.75422870e+01 -3.75393140e+01  4.19580328e-07 
 2.81838293e+01 -3.75393140e+01  4.29353609e-07 
 2.88403150e+01 -3.75393140e+01  4.39354540e-07 
 2.95120923e+01 -3.75393140e+01  4.49588421e-07 
 3.01995172e+01 -3.75393140e+01  4.60060681e-07 
 3.09029543e+01 -3.75393140e+01  4.70776871e-07 
 3.16227766e+01 -3.75393140e+01  4.81742673e-07 
 3.23593657e+01 -3.75393140e+01  4.92963901e-07 
 3.31131121e+01 -3.75393140e+01  5.04446506e-07 
 3.38844156e+01 -3.75393140e+01  5.16196574e-07 
 3.46736850e+01 -3.75393140e+01  5.28220337e-07 
 3.54813389e+01 -3.75393140e+01  5.40524169e-07 
 3.63078055e+01 -3.75393140e+01  5.53114595e-07 
 3.71535229e+01 -3.75393140e+01  5.65998289e-07 
 3.80189396e+01 -3.75393140e+01  5.79182082e-07 
 3.89045145e+01 -3.75393140e+01  5.92672966e-07 
 3.98107171e+01 -3.75393140e+01  6.06478093e-07 
 4.07380278e+01 -3.75393140e+01  6.20604782e-07 
 4.16869383e+01 -3.75393140e+01  6.35060525e-07 
 4.26579519e+01 -3.75393140e+01  6.49852985e-07 
 4.36515832e+01 -3.75393140e+01  6.64990005e-07 
 4.46683592e+01 -3.75393140e+01  6.80479612e-07 
 4.57088190e+01 -3.75393140e+01  6.96330019e-07 
 4.67735141e+01 -3.75393140e+01  7.12549629e-07 
 4.78630092e+01 -3.75393140e+01  7.29147042e-07 
 4.89778819e+01 -3.75393140e+01  7.46131058e-07 
 5.01187234e+01 -3.75393140e+01  7.63510683e-07 
 5.12861384e+01 -3.75393140e+01  7.81295131e-07 
 5.24807460e+01 -3.75393140e+01  7.99493833e-07 
 5.37031796e+01 -3.75393140e+01  8.18116436e-07 
 5.49540874e+01 -3.75393140e+01  8.37172816e-07 
 5.62341325e+01 -3.75393140e+01  8.56673076e-07 
 5.75439937e+01 -3.75393140e+01  8.76627556e-07 
 5.88843655e+01 -3.75393140e+01  8.97046834e-07 
 6.02559586e+01 -3.75393140e+01  9.17941739e-07 
 6.16595002e+01 -3.75393140e+01  9.39323349e-07 
 6.30957344e+01 -3.75393140e+01  9.61203001e-07 
 6.45654229e+01 -3.75393140e+01  9.83592295e-07 
 6.60693448e+01 -3.75393140e+01  1.00650310e-06 
 6.76082975e+01 -3.75393140e+01  1.02994757e-06 
 6.91830971e+01 -3.75393140e+01  1.05393813e-06 
 7.07945784e+01 -3.75393140e+01  1.07848751e-06 
 7.24435960e+01 -3.75393140e+01  1.10360871e-06 
 7.41310241e+01 -3.75393140e+01  1.12931506e-06 
 7.58577575e+01 -3.75393140e+01  1.15562018e-06 
 7.76247117e+01 -3.75393140e+01  1.18253803e-06 
 7.94328235e+01 -3.75393140e+01  1.21008288e-06 
 8.12830516e+01 -3.75393140e+01  1.23826933e-06 
 8.31763771e+01 -3.75393140e+01  1.26711233e-06 
 8.51138038e+01 -3.75393140e+01  1.29662717e-06 
 8.70963590e+01 -3.75393140e+01  1.32682950e-06 
 8.91250938e+01 -3.75393140e+01  1.35773533e-06 
 9.12010839e+01 -3.75393140e+01  1.38936105e-06 
 9.33254301e+01 -3.75393140e+01  1.42172342e-06 
 9.54992586e+01 -3.75393140e+01  1.45483961e-06 
 9.77237221e+01 -3.75393140e+01  1.48872718e-06 
 1.00000000e+02 -3.75393140e+01  1.52340409e-06 
 1.02329299e+02 -3.75393140e+01  1.55888873e-06 
 1.04712855e+02 -3.75393140e+01  1.59519992e-06 
 1.07151931e+02 -3.75393140e+01  1.63235689e-06 
 1.09647820e+02 -3.75393140e+01  1.67037937e-06 
 1.12201845e+02 -3.75393140e+01  1.70928751e-06 
 1.14815362e+02 -3.75393140e+01  1.74910193e-06 
 1.17489755e+02 -3.75393140e+01  1.78984374e-06 
 1.20226443e+02 -3.75393140e+01  1.83153456e-06 
 1.23026877e+02 -3.75393140e+01  1.87419648e-06 
 1.25892541e+02 -3.75393140e+01  1.91785212e-06 
 1.28824955e+02 -3.75393140e+01  1.96252464e-06 
 1.31825674e+02 -3.75393140e+01  2.00823771e-06 
 1.34896288e+02 -3.75393140e+01  2.05501558e-06 
 1.38038426e+02 -3.75393140e+01  2.10288304e-06 
 1.41253754e+02 -3.75393140e+01  2.15186548e-06 
 1.44543977e+02 -3.75393140e+01  2.20198886e-06 
 1.47910839e+02 -3.75393140e+01  2.25327977e-06 
 1.51356125e+02 -3.75393140e+01  2.30576540e-06 
 1.54881662e+02 -3.75393140e+01  2.35947358e-06 
 1.58489319e+02 -3.75393140e+01  2.41443278e-06 
 1.62181010e+02 -3.75393140e+01  2.47067214e-06 
 1.65958691e+02 -3.75393140e+01  2.52822149e-06 
 1.69824365e+02 -3.75393140e+01  2.58711133e-06 
 1.73780083e+02 -3.75393140e+01  2.64737289e-06 
 1.77827941e+02 -3.75393140e+01  2.70903813e-06 
 1.81970086e+02 -3.75393140e+01  2.77213974e-06 
 1.86208714e+02 -3.75393140e+01  2.83671116e-06 
 1.90546072e+02 -3.75393140e+01  2.90278666e-06 
 1.94984460e+02 -3.75393140e+01  2.97040124e-06 
 1.99526231e+02 -3.75393140e+01  3.03959078e-06 
 2.04173794e+02 -3.75393140e+01  3.11039194e-06 
 2.08929613e+02 -3.75393140e+01  3.18284228e-06 
 2.13796209e+02 -3.75393140e+01  3.25698020e-06 
 2.18776162e+02 -3.75393140e+01  3.33284501e-06 
 2.23872114e+02 -3.75393140e+01  3.41047694e-06 
 2.29086765e+02 -3.75393140e+01  3.48991716e-06 
 2.34422882e+02 -3.75393140e+01  3.57120777e-06 
 2.39883292e+02 -3.75393140e+01  3.65439189e-06 
 2.45470892e+02 -3.75393140e+01  3.73951361e-06 
 2.51188643e+02 -3.75393140e+01  3.82661807e-06 
 2.57039578e+02 -3.75393140e+01  3.91575146e-06 
 2.63026799e+02 -3.75393140e+01  4.00696102e-06 
 2.69153480e+02 -3.75393140e+01  4.10029514e-06 
 2.75422870e+02 -3.75393140e+01  4.19580328e-06 
 2.81838293e+02 -3.75393140e+01  4.29353609e-06 
 2.88403150e+02 -3.75393140e+01  4.39354540e-06 
 2.95120923e+02 -3.75393140e+01  4.49588421e-06 
 3.01995172e+02 -3.75393140e+01  4.60060681e-06 
 3.09029543e+02 -3.75393140e+01  4.70776871e-06 
 3.16227766e+02 -3.75393140e+01  4.81742673e-06 
 3.23593657e+02 -3.75393140e+01  4.92963901e-06 
 3.31131121e+02 -3.75393140e+01  5.04446506e-06 
 3.38844156e+02 -3.75393140e+01  5.16196574e-06 
 3.46736850e+02 -3.75393140e+01  5.28220337e-06 
 3.54813389e+02 -3.75393140e+01  5.40524169e-06 
 3.63078055e+02 -3.75393140e+01  5.53114595e-06 
 3.71535229e+02 -3.75393140e+01  5.65998289e-06 
 3.80189396e+02 -3.75393140e+01  5.79182082e-06 
 3.89045145e+02 -3.75393140e+01  5.92672966e-06 
 3.98107171e+02 -3.75393140e+01  6.06478093e-06 
 4.07380278e+02 -3.75393140e+01  6.20604782e-06 
 4.16869383e+02 -3.75393140e+01  6.35060525e-06 
 4.26579519e+02 -3.75393140e+01  6.49852985e-06 
 4.36515832e+02 -3.75393140e+01  6.64990005e-06 
 4.46683592e+02 -3.75393140e+01  6.80479612e-06 
 4.57088190e+02 -3.75393140e+01  6.96330019e-06 
 4.67735141e+02 -3.75393140e+01  7.12549629e-06 
 4.78630092e+02 -3.75393140e+01  7.29147042e-06 
 4.89778819e+02 -3.75393140e+01  7.46131058e-06 
 5.01187234e+02 -3.75393140e+01  7.63510683e-06 
 5.12861384e+02 -3.75393140e+01  7.81295131e-06 
 5.24807460e+02 -3.75393140e+01  7.99493833e-06 
 5.37031796e+02 -3.75393140e+01  8.18116436e-06 
 5.49540874e+02 -3.75393140e+01  8.37172816e-06 
 5.62341325e+02 -3.75393140e+01  8.56673076e-06 
 5.75439937e+02 -3.75393140e+01  8.76627556e-06 
 5.88843655e+02 -3.75393140e+01  8.97046834e-06 
 6.02559586e+02 -3.75393140e+01  9.17941739e-06 
 6.16595002e+02 -3.75393140e+01  9.39323349e-06 
 6.30957344e+02 -3.75393140e+01  9.61203001e-06 
 6.45654229e+02 -3.75393140e+01  9.83592295e-06 
 6.60693448e+02 -3.75393140e+01  1.00650310e-05 
 6.76082975e+02 -3.75393140e+01  1.02994757e-05 
 6.91830971e+02 -3.75393140e+01  1.05393813e-05 
 7.07945784e+02 -3.75393140e+01  1.07848751e-05 
 7.24435960e+02 -3.75393140e+01  1.10360871e-05 
 7.41310241e+02 -3.75393140e+01  1.12931506e-05 
 7.58577575e+02 -3.75393140e+01  1.15562018e-05 
 7.76247117e+02 -3.75393140e+01  1.18253803e-05 
 7.94328235e+02 -3.75393140e+01  1.21008288e-05 
 8.12830516e+02 -3.75393140e+01  1.23826933e-05 
 8.31763771e+02 -3.75393140e+01  1.26711233e-05 
 8.51138038e+02 -3.75393140e+01  1.29662717e-05 
 8.70963590e+02 -3.75393140e+01  1.32682950e-05 
 8.91250938e+02 -3.75393140e+01  1.35773533e-05 
 9.12010839e+02 -3.75393140e+01  1.38936105e-05 
 9.33254301e+02 -3.75393140e+01  1.42172342e-05 
 9.54992586e+02 -3.75393140e+01  1.45483961e-05 
 9.77237221e+02 -3.75393140e+01  1.48872718e-05 
 1.00000000e+03 -3.75393140e+01  1.52340409e-05 
 1.02329299e+03 -3.75393140e+01  1.55888873e-05 
 1.04712855e+03 -3.75393140e+01  1.59519992e-05 
 1.07151931e+03 -3.75393140e+01  1.63235689e-05 
 1.09647820e+03 -3.75393140e+01  1.67037937e-05 
 1.12201845e+03 -3.75393140e+01  1.70928751e-05 
 1.14815362e+03 -3.75393140e+01  1.74910193e-05 
 1.17489755e+03 -3.75393140e+01  1.78984374e-05 
 1.20226443e+03 -3.75393140e+01  1.83153456e-05 
 1.23026877e+03 -3.75393140e+01  1.87419648e-05 
 1.25892541e+03 -3.75393140e+01  1.91785212e-05 
 1.28824955e+03 -3.75393140e+01  1.96252464e-05 
 1.31825674e+03 -3.75393140e+01  2.00823771e-05 
 1.34896288e+03 -3.75393140e+01  2.05501558e-05 
 1.38038426e+03 -3.75393140e+01  2.10288304e-05 
 1.41253754e+03 -3.75393140e+01  2.15186548e-05 
 1.44543977e+03 -3.75393140e+01  2.20198886e-05 
 1.47910839e+03 -3.75393140e+01  2.25327977e-05 
 1.51356125e+03 -3.75393140e+01  2.30576540e-05 
 1.54881662e+03 -3.75393140e+01  2.35947358e-05 
 1.58489319e+03 -3.75393140e+01  2.41443278e-05 
 1.62181010e+03 -3.75393140e+01  2.47067214e-05 
 1.65958691e+03 -3.75393140e+01  2.52822149e-05 
 1.69824365e+03 -3.75393140e+01  2.58711133e-05 
 1.73780083e+03 -3.75393140e+01  2.64737289e-05 
 1.77827941e+03 -3.75393140e+01  2.70903813e-05 
 1.81970086e+03 -3.75393140e+01  2.77213974e-05 
 1.86208714e+03 -3.75393140e+01  2.83671116e-05 
 1.90546072e+03 -3.75393140e+01  2.90278666e-05 
 1.94984460e+03 -3.75393140e+01  2.97040124e-05 
 1.99526231e+03 -3.75393140e+01  3.03959078e-05 
 2.04173794e+03 -3.75393140e+01  3.11039194e-05 
 2.08929613e+03 -3.75393140e+01  3.18284228e-05 
 2.13796209e+03 -3.75393140e+01  3.25698020e-05 
 2.18776162e+03 -3.75393140e+01  3.33284501e-05 
 2.23872114e+03 -3.75393140e+01  3.41047694e-05 
 2.29086765e+03 -3.75393140e+01  3.48991716e-05 
 2.34422882e+03 -3.75393140e+01  3.57120777e-05 
 2.39883292e+03 -3.75393140e+01  3.65439189e-05 
 2.45470892e+03 -3.75393140e+01  3.73951361e-05 
 2.51188643e+03 -3.75393140e+01  3.82661807e-05 
 2.57039578e+03 -3.75393140e+01  3.91575146e-05 
 2.63026799e+03 -3.75393140e+01  4.00696102e-05 
 2.69153480e+03 -3.75393140e+01  4.10029514e-05 
 2.75422870e+03 -3.75393140e+01  4.19580328e-05 
 2.81838293e+03 -3.75393140e+01  4.29353609e-05 
 2.88403150e+03 -3.75393140e+01  4.39354540e-05 
 2.95120923e+03 -3.75393140e+01  4.49588421e-05 
 3.01995172e+03 -3.75393140e+01  4.60060681e-05 
 3.09029543e+03 -3.75393140e+01  4.70776871e-05 
 3.16227766e+03 -3.75393140e+01  4.81742673e-05 
 3.23593657e+03 -3.75393140e+01  4.92963901e-05 
 3.31131121e+03 -3.75393140e+01  5.04446506e-05 
 3.38844156e+03 -3.75393140e+01  5.16196574e-05 
 3.46736850e+03 -3.75393140e+01  5.28220337e-05 
 3.54813389e+03 -3.75393140e+01  5.40524169e-05 
 3.63078055e+03 -3.75393140e+01  5.53114595e-05 
 3.71535229e+03 -3.75393140e+01  5.65998289e-05 
 3.80189396e+03 -3.75393140e+01  5.79182082e-05 
 3.89045145e+03 -3.75393140e+01  5.92672966e-05 
 3.98107171e+03 -3.75393140e+01  6.06478093e-05 
 4.07380278e+03 -3.75393140e+01  6.20604782e-05 
 4.16869383e+03 -3.75393140e+01  6.35060525e-05 
 4.26579519e+03 -3.75393140e+01  6.49852985e-05 
 4.36515832e+03 -3.75393140e+01  6.64990005e-05 
 4.46683592e+03 -3.75393140e+01  6.80479612e-05 
 4.57088190e+03 -3.75393140e+01  6.96330019e-05 
 4.67735141e+03 -3.75393140e+01  7.12549629e-05 
 4.78630092e+03 -3.75393140e+01  7.29147042e-05 
 4.89778819e+03 -3.75393140e+01  7.46131058e-05 
 5.01187234e+03 -3.75393140e+01  7.63510683e-05 
 5.12861384e+03 -3.75393140e+01  7.81295131e-05 
 5.24807460e+03 -3.75393140e+01  7.99493833e-05 
 5.37031796e+03 -3.75393140e+01  8.18116436e-05 
 5.49540874e+03 -3.75393140e+01  8.37172816e-05 
 5.62341325e+03 -3.75393140e+01  8.56673076e-05 
 5.75439937e+03 -3.75393140e+01  8.76627556e-05 
 5.88843655e+03 -3.75393140e+01  8.97046834e-05 
 6.02559586e+03 -3.75393140e+01  9.17941739e-05 
 6.16595002e+03 -3.75393140e+01  9.39323349e-05 
 6.30957344e+03 -3.75393140e+01  9.61203001e-05 
 6.45654229e+03 -3.75393140e+01  9.83592295e-05 
 6.60693448e+03 -3.75393140e+01  1.00650310e-04 
 6.76082975e+03 -3.75393140e+01  1.02994757e-04 
 6.91830971e+03 -3.75393140e+01  1.05393813e-04 
 7.07945784e+03 -3.75393140e+01  1.07848751e-04 
 7.24435960e+03 -3.75393140e+01  1.10360871e-04 
 7.41310241e+03 -3.75393140e+01  1.12931506e-04 
 7.58577575e+03 -3.75393140e+01  1.15562018e-04 
 7.76247117e+03 -3.75393140e+01  1.18253803e-04 
 7.94328235e+03 -3.75393140e+01  1.21008288e-04 
 8.12830516e+03 -3.75393140e+01  1.23826933e-04 
 8.31763771e+03 -3.75393140e+01  1.26711233e-04 
 8.51138038e+03 -3.75393140e+01  1.29662717e-04 
 8.70963590e+03 -3.75393140e+01  1.32682950e-04 
 8.91250938e+03 -3.75393140e+01  1.35773533e-04 
 9.12010839e+03 -3.75393140e+01  1.38936105e-04 
 9.33254301e+03 -3.75393140e+01  1.42172342e-04 
 9.54992586e+03 -3.75393140e+01  1.45483961e-04 
 9.77237221e+03 -3.75393140e+01  1.48872718e-04 
 1.00000000e+04 -3.75393140e+01  1.52340409e-04 
 1.02329299e+04 -3.75393140e+01  1.55888873e-04 
 1.04712855e+04 -3.75393140e+01  1.59519992e-04 
 1.07151931e+04 -3.75393140e+01  1.63235689e-04 
 1.09647820e+04 -3.75393140e+01  1.67037937e-04 
 1.12201845e+04 -3.75393140e+01  1.70928751e-04 
 1.14815362e+04 -3.75393140e+01  1.74910193e-04 
 1.17489755e+04 -3.75393140e+01  1.78984374e-04 
 1.20226443e+04 -3.75393140e+01  1.83153456e-04 
 1.23026877e+04 -3.75393140e+01  1.87419648e-04 
 1.25892541e+04 -3.75393140e+01  1.91785212e-04 
 1.28824955e+04 -3.75393140e+01  1.96252464e-04 
 1.31825674e+04 -3.75393140e+01  2.00823771e-04 
 1.34896288e+04 -3.75393140e+01  2.05501558e-04 
 1.38038426e+04 -3.75393140e+01  2.10288304e-04 
 1.41253754e+04 -3.75393140e+01  2.15186548e-04 
 1.44543977e+04 -3.75393140e+01  2.20198886e-04 
 1.47910839e+04 -3.75393140e+01  2.25327977e-04 
 1.51356125e+04 -3.75393140e+01  2.30576540e-04 
 1.54881662e+04 -3.75393140e+01  2.35947358e-04 
 1.58489319e+04 -3.75393140e+01  2.41443278e-04 
 1.62181010e+04 -3.75393140e+01  2.47067214e-04 
 1.65958691e+04 -3.75393140e+01  2.52822149e-04 
 1.69824365e+04 -3.75393140e+01  2.58711133e-04 
 1.73780083e+04 -3.75393140e+01  2.64737289e-04 
 1.77827941e+04 -3.75393140e+01  2.70903813e-04 
 1.81970086e+04 -3.75393140e+01  2.77213974e-04 
 1.86208714e+04 -3.75393140e+01  2.83671116e-04 
 1.90546072e+04 -3.75393140e+01  2.90278666e-04 
 1.94984460e+04 -3.75393140e+01  2.97040124e-04 
 1.99526231e+04 -3.75393140e+01  3.03959078e-04 
 2.04173794e+04 -3.75393140e+01  3.11039194e-04 
 2.08929613e+04 -3.75393140e+01  3.18284228e-04 
 2.13796209e+04 -3.75393140e+01  3.25698020e-04 
 2.18776162e+04 -3.75393140e+01  3.33284501e-04 
 2.23872114e+04 -3.75393140e+01  3.41047694e-04 
 2.29086765e+04 -3.75393140e+01  3.48991716e-04 
 2.34422882e+04 -3.75393140e+01  3.57120777e-04 
 2.39883292e+04 -3.75393140e+01  3.65439189e-04 
 2.45470892e+04 -3.75393140e+01  3.73951361e-04 
 2.51188643e+04 -3.75393140e+01  3.82661807e-04 
 2.57039578e+04 -3.75393140e+01  3.91575145e-04 
 2.63026799e+04 -3.75393140e+01  4.00696102e-04 
 2.69153480e+04 -3.75393140e+01  4.10029514e-04 
 2.75422870e+04 -3.75393140e+01  4.19580328e-04 
 2.81838293e+04 -3.75393140e+01  4.29353609e-04 
 2.88403150e+04 -3.75393140e+01  4.39354539e-04 
 2.95120923e+04 -3.75393140e+01  4.49588421e-04 
 3.01995172e+04 -3.75393140e+01  4.60060681e-04 
 3.09029543e+04 -3.75393140e+01  4.70776871e-04 
 3.16227766e+04 -3.75393140e+01  4.81742673e-04 
 3.23593657e+04 -3.75393140e+01  4.92963901e-04 
 3.31131121e+04 -3.75393140e+01  5.04446506e-04 
 3.38844156e+04 -3.75393140e+01  5.16196574e-04 
 3.46736850e+04 -3.75393140e+01  5.28220337e-04 
 3.54813389e+04 -3.75393140e+01  5.40524169e-04 
 3.63078055e+04 -3.75393140e+01  5.53114594e-04 
 3.71535229e+04 -3.75393140e+01  5.65998288e-04 
 3.80189396e+04 -3.75393140e+01  5.79182082e-04 
 3.89045145e+04 -3.75393140e+01  5.92672966e-04 
 3.98107171e+04 -3.75393140e+01  6.06478093e-04 
 4.07380278e+04 -3.75393140e+01  6.20604782e-04 
 4.16869383e+04 -3.75393140e+01  6.35060525e-04 
 4.26579519e+04 -3.75393140e+01  6.49852985e-04 
 4.36515832e+04 -3.75393140e+01  6.64990005e-04 
 4.46683592e+04 -3.75393140e+01  6.80479612e-04 
 4.57088190e+04 -3.75393140e+01  6.96330019e-04 
 4.67735141e+04 -3.75393140e+01  7.12549628e-04 
 4.78630092e+04 -3.75393140e+01  7.29147041e-04 
 4.89778819e+04 -3.75393140e+01  7.46131058e-04 
 5.01187234e+04 -3.75393140e+01  7.63510683e-04 
 5.12861384e+04 -3.75393140e+01  7.81295131e-04 
 5.24807460e+04 -3.75393140e+01  7.99493832e-04 
 5.37031796e+04 -3.75393140e+01  8.18116436e-04 
 5.49540874e+04 -3.75393140e+01  8.37172816e-04 
 5.62341325e+04 -3.75393140e+01  8.56673076e-04 
 5.75439937e+04 -3.75393140e+01  8.76627555e-04 
 5.88843655e+04 -3.75393140e+01  8.97046834e-04 
 6.02559586e+04 -3.75393140e+01  9.17941739e-04 
 6.16595002e+04 -3.75393140e+01  9.39323349e-04 
 6.30957344e+04 -3.75393140e+01  9.61203000e-04 
 6.45654229e+04 -3.75393140e+01  9.83592294e-04 
 6.60693448e+04 -3.75393140e+01  1.00650310e-03 
 6.76082975e+04 -3.75393140e+01  1.02994757e-03 
 6.91830971e+04 -3.75393140e+01  1.05393813e-03 
 7.07945784e+04 -3.75393140e+01  1.07848750e-03 
 7.24435960e+04 -3.75393140e+01  1.10360871e-03 
 7.41310241e+04 -3.75393140e+01  1.12931505e-03 
 7.58577575e+04 -3.75393140e+01  1.15562018e-03 
 7.76247117e+04 -3.75393140e+01  1.18253803e-03 
 7.94328235e+04 -3.75393140e+01  1.21008288e-03 
 8.12830516e+04 -3.75393140e+01  1.23826933e-03 
 8.31763771e+04 -3.75393140e+01  1.26711233e-03 
 8.51138038e+04 -3.75393140e+01  1.29662717e-03 
 8.70963590e+04 -3.75393140e+01  1.32682950e-03 
 8.91250938e+04 -3.75393140e+01  1.35773532e-03 
 9.12010839e+04 -3.75393140e+01  1.38936104e-03 
 9.33254301e+04 -3.75393139e+01  1.42172342e-03 
 9.54992586e+04 -3.75393139e+01  1.45483961e-03 
 9.77237221e+04 -3.75393139e+01  1.48872718e-03 
 1.00000000e+05 -3.75393139e+01  1.52340409e-03 
 1.02329299e+05 -3.75393139e+01  1.55888873e-03 
 1.04712855e+05 -3.75393139e+01  1.59519991e-03 
 1.07151931e+05 -3.75393139e+01  1.63235689e-03 
 1.09647820e+05 -3.75393139e+01  1.67037937e-03 
 1.12201845e+05 -3.75393139e+01  1.70928750e-03 
 1.14815362e+05 -3.75393139e+01  1.74910192e-03 
 1.17489755e+05 -3.75393139e+01  1.78984374e-03 
 1.20226443e+05 -3.75393139e+01  1.83153456e-03 
 1.23026877e+05 -3.75393139e+01  1.87419648e-03 
 1.25892541e+05 -3.75393139e+01  1.91785212e-03 
 1.28824955e+05 -3.75393139e+01  1.96252463e-03 
 1.31825674e+05 -3.75393139e+01  2.00823770e-03 
 1.34896288e+05 -3.75393139e+01  2.05501557e-03 
 1.38038426e+05 -3.75393139e+01  2.10288303e-03 
 1.41253754e+05 -3.75393139e+01  2.15186547e-03 
 1.44543977e+05 -3.75393139e+01  2.20198885e-03 
 1.47910839e+05 -3.75393139e+01  2.25327976e-03 
 1.51356125e+05 -3.75393139e+01  2.30576539e-03 
 1.54881662e+05 -3.75393139e+01  2.35947357e-03 
 1.58489319e+05 -3.75393138e+01  2.41443277e-03 
 1.62181010e+05 -3.75393138e+01  2.47067213e-03 
 1.65958691e+05 -3.75393138e+01  2.52822148e-03 
 1.69824365e+05 -3.75393138e+01  2.58711132e-03 
 1.73780083e+05 -3.75393138e+01  2.64737288e-03 
 1.77827941e+05 -3.75393138e+01  2.70903812e-03 
 1.81970086e+05 -3.75393138e+01  2.77213972e-03 
 1.86208714e+05 -3.75393138e+01  2.83671115e-03 
 1.90546072e+05 -3.75393138e+01  2.90278664e-03 
 1.94984460e+05 -3.75393138e+01  2.97040122e-03 
 1.99526231e+05 -3.75393138e+01  3.03959076e-03 
 2.04173794e+05 -3.75393137e+01  3.11039192e-03 
 2.08929613e+05 -3.75393137e+01  3.18284225e-03 
 2.13796209e+05 -3.75393137e+01  3.25698017e-03 
 2.18776162e+05 -3.75393137e+01  3.33284499e-03 
 2.23872114e+05 -3.75393137e+01  3.41047692e-03 
 2.29086765e+05 -3.75393137e+01  3.48991713e-03 
 2.34422882e+05 -3.75393137e+01  3.57120774e-03 
 2.39883292e+05 -3.75393136e+01  3.65439185e-03 
 2.45470892e+05 -3.75393136e+01  3.73951357e-03 
 2.51188643e+05 -3.75393136e+01  3.82661803e-03 
 2.57039578e+05 -3.75393136e+01  3.91575141e-03 
 2.63026799e+05 -3.75393136e+01  4.00696098e-03 
 2.69153480e+05 -3.75393136e+01  4.10029509e-03 
 2.75422870e+05 -3.75393135e+01  4.19580323e-03 
 2.81838293e+05 -3.75393135e+01  4.29353604e-03 
 2.88403150e+05 -3.75393135e+01  4.39354533e-03 
 2.95120923e+05 -3.75393135e+01  4.49588415e-03 
 3.01995172e+05 -3.75393134e+01  4.60060674e-03 
 3.09029543e+05 -3.75393134e+01  4.70776864e-03 
 3.16227766e+05 -3.75393134e+01  4.81742665e-03 
 3.23593657e+05 -3.75393134e+01  4.92963893e-03 
 3.31131121e+05 -3.75393133e+01  5.04446497e-03 
 3.38844156e+05 -3.75393133e+01  5.16196564e-03 
 3.46736850e+05 -3.75393133e+01  5.28220327e-03 
 3.54813389e+05 -3.75393132e+01  5.40524158e-03 
 3.63078055e+05 -3.75393132e+01  5.53114583e-03 
 3.71535229e+05 -3.75393132e+01  5.65998276e-03 
 3.80189396e+05 -3.75393131e+01  5.79182069e-03 
 3.89045145e+05 -3.75393131e+01  5.92672951e-03 
 3.98107171e+05 -3.75393130e+01  6.06478077e-03 
 4.07380278e+05 -3.75393130e+01  6.20604766e-03 
 4.16869383e+05 -3.75393129e+01  6.35060507e-03 
 4.26579519e+05 -3.75393129e+01  6.49852965e-03 
 4.36515832e+05 -3.75393128e+01  6.64989984e-03 
 4.46683592e+05 -3.75393128e+01  6.80479590e-03 
 4.57088190e+05 -3.75393127e+01  6.96329995e-03 
 4.67735141e+05 -3.75393127e+01  7.12549603e-03 
 4.78630092e+05 -3.75393126e+01  7.29147014e-03 
 4.89778819e+05 -3.75393125e+01  7.46131028e-03 
 5.01187234e+05 -3.75393125e+01  7.63510651e-03 
 5.12861384e+05 -3.75393124e+01  7.81295097e-03 
 5.24807460e+05 -3.75393123e+01  7.99493797e-03 
 5.37031796e+05 -3.75393122e+01  8.18116398e-03 
 5.49540874e+05 -3.75393122e+01  8.37172775e-03 
 5.62341325e+05 -3.75393121e+01  8.56673032e-03 
 5.75439937e+05 -3.75393120e+01  8.76627508e-03 
 5.88843655e+05 -3.75393119e+01  8.97046783e-03 
 6.02559586e+05 -3.75393118e+01  9.17941685e-03 
 6.16595002e+05 -3.75393117e+01  9.39323291e-03 
 6.30957344e+05 -3.75393116e+01  9.61202938e-03 
 6.45654229e+05 -3.75393114e+01  9.83592227e-03 
 6.60693448e+05 -3.75393113e+01  1.00650303e-02 
 6.76082975e+05 -3.75393112e+01  1.02994749e-02 
 6.91830971e+05 -3.75393111e+01  1.05393805e-02 
 7.07945784e+05 -3.75393109e+01  1.07848742e-02 
 7.24435960e+05 -3.75393108e+01  1.10360861e-02 
 7.41310241e+05 -3.75393106e+01  1.12931495e-02 
 7.58577575e+05 -3.75393105e+01  1.15562007e-02 
 7.76247117e+05 -3.75393103e+01  1.18253792e-02 
 7.94328235e+05 -3.75393101e+01  1.21008276e-02 
 8.12830516e+05 -3.75393100e+01  1.23826920e-02 
 8.31763771e+05 -3.75393098e+01  1.26711219e-02 
 8.51138038e+05 -3.75393096e+01  1.29662702e-02 
 8.70963590e+05 -3.75393094e+01  1.32682933e-02 
 8.91250938e+05 -3.75393091e+01  1.35773515e-02 
 9.12010839e+05 -3.75393089e+01  1.38936085e-02 
 9.33254301e+05 -3.75393087e+01  1.42172322e-02 
 9.54992586e+05 -3.75393084e+01  1.45483940e-02 
 9.77237221e+05 -3.75393081e+01  1.48872695e-02 
 1.00000000e+06 -3.75393079e+01  1.52340384e-02 
 1.02329299e+06 -3.75393076e+01  1.55888846e-02 
 1.04712855e+06 -3.75393073e+01  1.59519963e-02 
 1.07151931e+06 -3.75393070e+01  1.63235659e-02 
 1.09647820e+06 -3.75393066e+01  1.67037904e-02 
 1.12201845e+06 -3.75393063e+01  1.70928715e-02 
 1.14815362e+06 -3.75393059e+01  1.74910155e-02 
 1.17489755e+06 -3.75393055e+01  1.78984334e-02 
 1.20226443e+06 -3.75393051e+01  1.83153412e-02 
 1.23026877e+06 -3.75393047e+01  1.87419601e-02 
 1.25892541e+06 -3.75393043e+01  1.91785162e-02 
 1.28824955e+06 -3.75393038e+01  1.96252410e-02 
 1.31825674e+06 -3.75393034e+01  2.00823714e-02 
 1.34896288e+06 -3.75393028e+01  2.05501496e-02 
 1.38038426e+06 -3.75393023e+01  2.10288238e-02 
 1.41253754e+06 -3.75393018e+01  2.15186477e-02 
 1.44543977e+06 -3.75393012e+01  2.20198810e-02 
 1.47910839e+06 -3.75393006e+01  2.25327896e-02 
 1.51356125e+06 -3.75393000e+01  2.30576453e-02 
 1.54881662e+06 -3.75392993e+01  2.35947264e-02 
 1.58489319e+06 -3.75392986e+01  2.41443178e-02 
 1.62181010e+06 -3.75392979e+01  2.47067107e-02 
 1.65958691e+06 -3.75392971e+01  2.52822034e-02 
 1.69824365e+06 -3.75392963e+01  2.58711010e-02 
 1.73780083e+06 -3.75392955e+01  2.64737158e-02 
 1.77827941e+06 -3.75392946e+01  2.70903672e-02 
 1.81970086e+06 -3.75392937e+01  2.77213822e-02 
 1.86208714e+06 -3.75392928e+01  2.83670954e-02 
 1.90546072e+06 -3.75392917e+01  2.90278492e-02 
 1.94984460e+06 -3.75392907e+01  2.97039938e-02 
 1.99526231e+06 -3.75392896e+01  3.03958878e-02 
 2.04173794e+06 -3.75392885e+01  3.11038981e-02 
 2.08929613e+06 -3.75392872e+01  3.18283999e-02 
 2.13796209e+06 -3.75392860e+01  3.25697775e-02 
 2.18776162e+06 -3.75392847e+01  3.33284238e-02 
 2.23872114e+06 -3.75392833e+01  3.41047413e-02 
 2.29086765e+06 -3.75392818e+01  3.48991414e-02 
 2.34422882e+06 -3.75392803e+01  3.57120454e-02 
 2.39883292e+06 -3.75392787e+01  3.65438842e-02 
 2.45470892e+06 -3.75392771e+01  3.73950990e-02 
 2.51188643e+06 -3.75392753e+01  3.82661409e-02 
 2.57039578e+06 -3.75392735e+01  3.91574719e-02 
 2.63026799e+06 -3.75392716e+01  4.00695646e-02 
 2.69153480e+06 -3.75392696e+01  4.10029024e-02 
 2.75422870e+06 -3.75392675e+01  4.19579804e-02 
 2.81838293e+06 -3.75392653e+01  4.29353048e-02 
 2.88403150e+06 -3.75392630e+01  4.39353938e-02 
 2.95120923e+06 -3.75392606e+01  4.49587777e-02 
 3.01995172e+06 -3.75392581e+01  4.60059990e-02 
 3.09029543e+06 -3.75392555e+01  4.70776131e-02 
 3.16227766e+06 -3.75392527e+01  4.81741880e-02 
 3.23593657e+06 -3.75392498e+01  4.92963051e-02 
 3.31131121e+06 -3.75392468e+01  5.04445595e-02 
 3.38844156e+06 -3.75392436e+01  5.16195598e-02 
 3.46736850e+06 -3.75392403e+01  5.28219291e-02 
 3.54813389e+06 -3.75392368e+01  5.40523049e-02 
 3.63078055e+06 -3.75392332e+01  5.53113394e-02 
 3.71535229e+06 -3.75392294e+01  5.65997002e-02 
 3.80189396e+06 -3.75392254e+01  5.79180704e-02 
 3.89045145e+06 -3.75392212e+01  5.92671489e-02 
 3.98107171e+06 -3.75392169e+01  6.06476510e-02 
 4.07380278e+06 -3.75392123e+01  6.20603086e-02 
 4.16869383e+06 -3.75392075e+01  6.35058707e-02 
 4.26579519e+06 -3.75392025e+01  6.49851037e-02 
 4.36515832e+06 -3.75391972e+01  6.64987919e-02 
 4.46683592e+06 -3.75391917e+01  6.80477376e-02 
 4.57088190e+06 -3.75391860e+01  6.96327623e-02 
 4.67735141e+06 -3.75391799e+01  7.12547061e-02 
 4.78630092e+06 -3.75391736e+01  7.29144291e-02 
 4.89778819e+06 -3.75391670e+01  7.46128110e-02 
 5.01187234e+06 -3.75391601e+01  7.63507524e-02 
 5.12861384e+06 -3.75391528e+01  7.81291747e-02 
 5.24807460e+06 -3.75391452e+01  7.99490206e-02 
 5.37031796e+06 -3.75391372e+01  8.18112551e-02 
 5.49540874e+06 -3.75391289e+01  8.37168653e-02 
 5.62341325e+06 -3.75391202e+01  8.56668615e-02 
 5.75439937e+06 -3.75391111e+01  8.76622775e-02 
 5.88843655e+06 -3.75391015e+01  8.97041712e-02 
 6.02559586e+06 -3.75390915e+01  9.17936251e-02 
 6.16595002e+06 -3.75390810e+01  9.39317468e-02 
 6.30957344e+06 -3.75390700e+01  9.61196699e-02 
 6.45654229e+06 -3.75390585e+01  9.83585542e-02 
 6.60693448e+06 -3.75390465e+01  1.00649587e-01 
 6.76082975e+06 -3.75390339e+01  1.02993982e-01 
 6.91830971e+06 -3.75390207e+01  1.05392982e-01 
 7.07945784e+06 -3.75390068e+01  1.07847860e-01 
 7.24435960e+06 -3.75389924e+01  1.10359917e-01 
 7.41310241e+06 -3.75389772e+01  1.12930483e-01 
 7.58577575e+06 -3.75389613e+01  1.15560923e-01 
 7.76247117e+06 -3.75389447e+01  1.18252630e-01 
 7.94328235e+06 -3.75389273e+01  1.21007031e-01 
 8.12830516e+06 -3.75389091e+01  1.23825586e-01 
 8.31763771e+06 -3.75388900e+01  1.26709790e-01 
 8.51138038e+06 -3.75388700e+01  1.29661170e-01 
 8.70963590e+06 -3.75388491e+01  1.32681292e-01 
 8.91250938e+06 -3.75388272e+01  1.35771757e-01 
 9.12010839e+06 -3.75388042e+01  1.38934201e-01 
 9.33254301e+06 -3.75387802e+01  1.42170303e-01 
 9.54992586e+06 -3.75387550e+01  1.45481776e-01 
 9.77237221e+06 -3.75387287e+01  1.48870377e-01 
 1.00000000e+07 -3.75387011e+01  1.52337900e-01 
 1.02329299e+07 -3.75386722e+01  1.55886185e-01 
 1.04712855e+07 -3.75386420e+01  1.59517111e-01 
 1.07151931e+07 -3.75386103e+01  1.63232603e-01 
 1.09647820e+07 -3.75385772e+01  1.67034630e-01 
 1.12201845e+07 -3.75385424e+01  1.70925207e-01 
 1.14815362e+07 -3.75385061e+01  1.74906395e-01 
 1.17489755e+07 -3.75384680e+01  1.78980305e-01 
 1.20226443e+07 -3.75384281e+01  1.83149096e-01 
 1.23026877e+07 -3.75383864e+01  1.87414976e-01 
 1.25892541e+07 -3.75383427e+01  1.91780207e-01 
 1.28824955e+07 -3.75382969e+01  1.96247100e-01 
 1.31825674e+07 -3.75382490e+01  2.00818024e-01 
 1.34896288e+07 -3.75381988e+01  2.05495399e-01 
 1.38038426e+07 -3.75381462e+01  2.10281705e-01 
 1.41253754e+07 -3.75380912e+01  2.15179477e-01 
 1.44543977e+07 -3.75380335e+01  2.20191310e-01 
 1.47910839e+07 -3.75379732e+01  2.25319859e-01 
 1.51356125e+07 -3.75379100e+01  2.30567841e-01 
 1.54881662e+07 -3.75378438e+01  2.35938037e-01 
 1.58489319e+07 -3.75377746e+01  2.41433290e-01 
 1.62181010e+07 -3.75377020e+01  2.47056512e-01 
 1.65958691e+07 -3.75376260e+01  2.52810681e-01 
 1.69824365e+07 -3.75375465e+01  2.58698846e-01 
 1.73780083e+07 -3.75374632e+01  2.64724123e-01 
 1.77827941e+07 -3.75373760e+01  2.70889705e-01 
 1.81970086e+07 -3.75372846e+01  2.77198857e-01 
 1.86208714e+07 -3.75371890e+01  2.83654919e-01 
 1.90546072e+07 -3.75370889e+01  2.90261309e-01 
 1.94984460e+07 -3.75369840e+01  2.97021527e-01 
 1.99526231e+07 -3.75368742e+01  3.03939150e-01 
 2.04173794e+07 -3.75367592e+01  3.11017841e-01 
 2.08929613e+07 -3.75366388e+01  3.18261348e-01 
 2.13796209e+07 -3.75365128e+01  3.25673504e-01 
 2.18776162e+07 -3.75363808e+01  3.33258232e-01 
 2.23872114e+07 -3.75362425e+01  3.41019547e-01 
 2.29086765e+07 -3.75360978e+01  3.48961555e-01 
 2.34422882e+07 -3.75359462e+01  3.57088459e-01 
 2.39883292e+07 -3.75357875e+01  3.65404560e-01 
 2.45470892e+07 -3.75356214e+01  3.73914255e-01 
 2.51188643e+07 -3.75354473e+01  3.82622048e-01 
 2.57039578e+07 -3.75352651e+01  3.91532543e-01 
 2.63026799e+07 -3.75350743e+01  4.00650453e-01 
 2.69153480e+07 -3.75348746e+01  4.09980600e-01 
 2.75422870e+07 -3.75346654e+01  4.19527916e-01 
 2.81838293e+07 -3.75344463e+01  4.29297449e-01 
 2.88403150e+07 -3.75342169e+01  4.39294364e-01 
 2.95120923e+07 -3.75339767e+01  4.49523942e-01 
 3.01995172e+07 -3.75337253e+01  4.59991591e-01 
 3.09029543e+07 -3.75334619e+01  4.70702840e-01 
 3.16227766e+07 -3.75331862e+01  4.81663348e-01 
 3.23593657e+07 -3.75328974e+01  4.92878904e-01 
 3.31131121e+07 -3.75325951e+01  5.04355430e-01 
 3.38844156e+07 -3.75322785e+01  5.16098986e-01 
 3.46736850e+07 -3.75319470e+01  5.28115770e-01 
 3.54813389e+07 -3.75315998e+01  5.40412125e-01 
 3.63078055e+07 -3.75312364e+01  5.52994538e-01 
 3.71535229e+07 -3.75308558e+01  5.65869647e-01 
 3.80189396e+07 -3.75304572e+01  5.79044242e-01 
 3.89045145e+07 -3.75300399e+01  5.92525269e-01 
 3.98107171e+07 -3.75296030e+01  6.06319835e-01 
 4.07380278e+07 -3.75291454e+01  6.20435208e-01 
 4.16869383e+07 -3.75286664e+01  6.34878825e-01 
 4.26579519e+07 -3.75281647e+01  6.49658293e-01 
 4.36515832e+07 -3.75276394e+01  6.64781392e-01 
 4.46683592e+07 -3.75270894e+01  6.80256083e-01 
 4.57088190e+07 -3.75265135e+01  6.96090506e-01 
 4.67735141e+07 -3.75259104e+01  7.12292991e-01 
 4.78630092e+07 -3.75252790e+01  7.28872054e-01 
 4.89778819e+07 -3.75246178e+01  7.45836409e-01 
 5.01187234e+07 -3.75239255e+01  7.63194967e-01 
 5.12861384e+07 -3.75232006e+01  7.80956843e-01 
 5.24807460e+07 -3.75224415e+01  7.99131358e-01 
 5.37031796e+07 -3.75216467e+01  8.17728046e-01 
 5.49540874e+07 -3.75208145e+01  8.36756659e-01 
 5.62341325e+07 -3.75199431e+01  8.56227166e-01 
 5.75439937e+07 -3.75190307e+01  8.76149767e-01 
 5.88843655e+07 -3.75180754e+01  8.96534888e-01 
 6.02559586e+07 -3.75170750e+01  9.17393195e-01 
 6.16595002e+07 -3.75160276e+01  9.38735591e-01 
 6.30957344e+07 -3.75149309e+01  9.60573226e-01 
 6.45654229e+07 -3.75137826e+01  9.82917500e-01 
 6.60693448e+07 -3.75125802e+01  1.00578007e+00 
 6.76082975e+07 -3.75113213e+01  1.02917286e+00 
 6.91830971e+07 -3.75100031e+01  1.05310804e+00 
 7.07945784e+07 -3.75086229e+01  1.07759808e+00 
 7.24435960e+07 -3.75071777e+01  1.10265571e+00 
 7.41310241e+07 -3.75056646e+01  1.12829395e+00 
 7.58577575e+07 -3.75040803e+01  1.15452609e+00 
 7.76247117e+07 -3.75024215e+01  1.18136575e+00 
 7.94328235e+07 -3.75006847e+01  1.20882682e+00 
 8.12830516e+07 -3.74988662e+01  1.23692351e+00 
 8.31763771e+07 -3.74969621e+01  1.26567033e+00 
 8.51138038e+07 -3.74949686e+01  1.29508213e+00 
 8.70963590e+07 -3.74928814e+01  1.32517405e+00 
 8.91250938e+07 -3.74906960e+01  1.35596159e+00 
 9.12010839e+07 -3.74884079e+01  1.38746058e+00 
 9.33254301e+07 -3.74860123e+01  1.41968717e+00 
 9.54992586e+07 -3.74835042e+01  1.45265789e+00 
 9.77237221e+07 -3.74808782e+01  1.48638960e+00 
 1.00000000e+08 -3.74781289e+01  1.52089952e+00 
 1.02329299e+08 -3.74752504e+01  1.55620525e+00 
 1.04712855e+08 -3.74722368e+01  1.59232476e+00 
 1.07151931e+08 -3.74690817e+01  1.62927639e+00 
 1.09647820e+08 -3.74657785e+01  1.66707886e+00 
 1.12201845e+08 -3.74623203e+01  1.70575129e+00 
 1.14815362e+08 -3.74586998e+01  1.74531319e+00 
 1.17489755e+08 -3.74549094e+01  1.78578447e+00 
 1.20226443e+08 -3.74509413e+01  1.82718546e+00 
 1.23026877e+08 -3.74467870e+01  1.86953688e+00 
 1.25892541e+08 -3.74424381e+01  1.91285989e+00 
 1.28824955e+08 -3.74378853e+01  1.95717606e+00 
 1.31825674e+08 -3.74331191e+01  2.00250737e+00 
 1.34896288e+08 -3.74281297e+01  2.04887628e+00 
 1.38038426e+08 -3.74229066e+01  2.09630564e+00 
 1.41253754e+08 -3.74174390e+01  2.14481875e+00 
 1.44543977e+08 -3.74117155e+01  2.19443939e+00 
 1.47910839e+08 -3.74057242e+01  2.24519174e+00 
 1.51356125e+08 -3.73994527e+01  2.29710046e+00 
 1.54881662e+08 -3.73928879e+01  2.35019065e+00 
 1.58489319e+08 -3.73860164e+01  2.40448788e+00 
 1.62181010e+08 -3.73788238e+01  2.46001817e+00 
 1.65958691e+08 -3.73712953e+01  2.51680799e+00 
 1.69824365e+08 -3.73634153e+01  2.57488428e+00 
 1.73780083e+08 -3.73551677e+01  2.63427444e+00 
 1.77827941e+08 -3.73465354e+01  2.69500632e+00 
 1.81970086e+08 -3.73375008e+01  2.75710824e+00 
 1.86208714e+08 -3.73280452e+01  2.82060895e+00 
 1.90546072e+08 -3.73181494e+01  2.88553767e+00 
 1.94984460e+08 -3.73077930e+01  2.95192406e+00 
 1.99526231e+08 -3.72969549e+01  3.01979822e+00 
 2.04173794e+08 -3.72856130e+01  3.08919067e+00 
 2.08929613e+08 -3.72737443e+01  3.16013238e+00 
 2.13796209e+08 -3.72613246e+01  3.23265470e+00 
 2.18776162e+08 -3.72483289e+01  3.30678941e+00 
 2.23872114e+08 -3.72347307e+01  3.38256867e+00 
 2.29086765e+08 -3.72205027e+01  3.46002502e+00 
 2.34422882e+08 -3.72056163e+01  3.53919135e+00 
 2.39883292e+08 -3.71900415e+01  3.62010090e+00 
 2.45470892e+08 -3.71737473e+01  3.70278722e+00 
 2.51188643e+08 -3.71567010e+01  3.78728417e+00 
 2.57039578e+08 -3.71388687e+01  3.87362586e+00 
 2.63026799e+08 -3.71202150e+01  3.96184667e+00 
 2.69153480e+08 -3.71007031e+01  4.05198118e+00 
 2.75422870e+08 -3.70802944e+01  4.14406413e+00 
 2.81838293e+08 -3.70589488e+01  4.23813043e+00 
 2.88403150e+08 -3.70366246e+01  4.33421507e+00 
 2.95120923e+08 -3.70132782e+01  4.43235311e+00 
 3.01995172e+08 -3.69888642e+01  4.53257960e+00 
 3.09029543e+08 -3.69633354e+01  4.63492957e+00 
 3.16227766e+08 -3.69366427e+01  4.73943793e+00 
 3.23593657e+08 -3.69087348e+01  4.84613943e+00 
 3.31131121e+08 -3.68795585e+01  4.95506861e+00 
 3.38844156e+08 -3.68490585e+01  5.06625969e+00 
 3.46736850e+08 -3.68171771e+01  5.17974653e+00 
 3.54813389e+08 -3.67838544e+01  5.29556252e+00 
 3.63078055e+08 -3.67490284e+01  5.41374051e+00 
 3.71535229e+08 -3.67126342e+01  5.53431273e+00 
 3.80189396e+08 -3.66746050e+01  5.65731065e+00 
 3.89045145e+08 -3.66348709e+01  5.78276489e+00 
 3.98107171e+08 -3.65933599e+01  5.91070512e+00 
 4.07380278e+08 -3.65499969e+01  6.04115992e+00 
 4.16869383e+08 -3.65047044e+01  6.17415666e+00 
 4.26579519e+08 -3.64574019e+01  6.30972135e+00 
 4.36515832e+08 -3.64080061e+01  6.44787852e+00 
 4.46683592e+08 -3.63564309e+01  6.58865102e+00 
 4.57088190e+08 -3.63025872e+01  6.73205991e+00 
 4.67735141e+08 -3.62463828e+01  6.87812423e+00 
 4.78630092e+08 -3.61877225e+01  7.02686087e+00 
 4.89778819e+08 -3.61265081e+01  7.17828435e+00 
 5.01187234e+08 -3.60626384e+01  7.33240662e+00 
 5.12861384e+08 -3.59960089e+01  7.48923685e+00 
 5.24807460e+08 -3.59265121e+01  7.64878122e+00 
 5.37031796e+08 -3.58540372e+01  7.81104267e+00 
 5.49540874e+08 -3.57784705e+01  7.97602065e+00 
 5.62341325e+08 -3.56996952e+01  8.14371092e+00 
 5.75439937e+08 -3.56175913e+01  8.31410523e+00 
 5.88843655e+08 -3.55320358e+01  8.48719108e+00 
 6.02559586e+08 -3.54429030e+01  8.66295143e+00 
 6.16595002e+08 -3.53500640e+01  8.84136441e+00 
 6.30957344e+08 -3.52533873e+01  9.02240305e+00 
 6.45654229e+08 -3.51527389e+01  9.20603492e+00 
 6.60693448e+08 -3.50479820e+01  9.39222187e+00 
 6.76082975e+08 -3.49389776e+01  9.58091971e+00 
 6.91830971e+08 -3.48255846e+01  9.77207784e+00 
 7.07945784e+08 -3.47076598e+01  9.96563900e+00 
 7.24435960e+08 -3.45850584e+01  1.01615389e+01 
 7.41310241e+08 -3.44576340e+01  1.03597058e+01 
 7.58577575e+08 -3.43252392e+01  1.05600604e+01 
 7.76247117e+08 -3.41877255e+01  1.07625155e+01 
 7.94328235e+08 -3.40449443e+01  1.09669752e+01 
 8.12830516e+08 -3.38967466e+01  1.11733354e+01 
 8.31763771e+08 -3.37429837e+01  1.13814829e+01 
 8.51138038e+08 -3.35835077e+01  1.15912952e+01 
 8.70963590e+08 -3.34181721e+01  1.18026406e+01 
 8.91250938e+08 -3.32468320e+01  1.20153774e+01 
 9.12010839e+08 -3.30693450e+01  1.22293542e+01 
 9.33254301e+08 -3.28855713e+01  1.24444093e+01 
 9.54992586e+08 -3.26953751e+01  1.26603709e+01 
 9.77237221e+08 -3.24986245e+01  1.28770566e+01 
 1.00000000e+09 -3.22951926e+01  1.30942736e+01 
 1.02329299e+09 -3.20849581e+01  1.33118185e+01 
 1.04712855e+09 -3.18678061e+01  1.35294774e+01 
 1.07151931e+09 -3.16436288e+01  1.37470259e+01 
 1.09647820e+09 -3.14123265e+01  1.39642293e+01 
 1.12201845e+09 -3.11738080e+01  1.41808426e+01 
 1.14815362e+09 -3.09279921e+01  1.43966108e+01 
 1.17489755e+09 -3.06748076e+01  1.46112694e+01 
 1.20226443e+09 -3.04141948e+01  1.48245443e+01 
 1.23026877e+09 -3.01461061e+01  1.50361529e+01 
 1.25892541e+09 -2.98705069e+01  1.52458040e+01 
 1.28824955e+09 -2.95873762e+01  1.54531988e+01 
 1.31825674e+09 -2.92967076e+01  1.56580314e+01 
 1.34896288e+09 -2.89985102e+01  1.58599895e+01 
 1.38038426e+09 -2.86928089e+01  1.60587555e+01 
 1.41253754e+09 -2.83796455e+01  1.62540071e+01 
 1.44543977e+09 -2.80590790e+01  1.64454184e+01 
 1.47910839e+09 -2.77311864e+01  1.66326610e+01 
 1.51356125e+09 -2.73960632e+01  1.68154052e+01 
 1.54881662e+09 -2.70538234e+01  1.69933207e+01 
 1.58489319e+09 -2.67046003e+01  1.71660786e+01 
 1.62181010e+09 -2.63485467e+01  1.73333521e+01 
 1.65958691e+09 -2.59858346e+01  1.74948180e+01 
 1.69824365e+09 -2.56166558e+01  1.76501582e+01 
 1.73780083e+09 -2.52412213e+01  1.77990608e+01 
 1.77827941e+09 -2.48597614e+01  1.79412218e+01 
 1.81970086e+09 -2.44725252e+01  1.80763464e+01 
 1.86208714e+09 -2.40797805e+01  1.82041501e+01 
 1.90546072e+09 -2.36818127e+01  1.83243606e+01 
 1.94984460e+09 -2.32789247e+01  1.84367186e+01 
 1.99526231e+09 -2.28714355e+01  1.85409796e+01 
 2.04173794e+09 -2.24596798e+01  1.86369147e+01 
 2.08929613e+09 -2.20440069e+01  1.87243119e+01 
 2.13796209e+09 -2.16247793e+01  1.88029774e+01 
 2.18776162e+09 -2.12023716e+01  1.88727360e+01 
 2.23872114e+09 -2.07771694e+01  1.89334330e+01 
 2.29086765e+09 -2.03495678e+01  1.89849338e+01 
 2.34422882e+09 -1.99199699e+01  1.90271254e+01 
 2.39883292e+09 -1.94887853e+01  1.90599169e+01 
 2.45470892e+09 -1.90564287e+01  1.90832394e+01 
 2.51188643e+09 -1.86233181e+01  1.90970467e+01 
 2.57039578e+09 -1.81898737e+01  1.91013155e+01 
 2.63026799e+09 -1.77565157e+01  1.90960454e+01 
 2.69153480e+09 -1.73236630e+01  1.90812584e+01 
 2.75422870e+09 -1.68917319e+01  1.90569993e+01 
 2.81838293e+09 -1.64611341e+01  1.90233350e+01 
 2.88403150e+09 -1.60322756e+01  1.89803541e+01 
 2.95120923e+09 -1.56055551e+01  1.89281663e+01 
 3.01995172e+09 -1.51813626e+01  1.88669017e+01 
 3.09029543e+09 -1.47600783e+01  1.87967102e+01 
 3.16227766e+09 -1.43420713e+01  1.87177603e+01 
 3.23593657e+09 -1.39276982e+01  1.86302386e+01 
 3.31131121e+09 -1.35173026e+01  1.85343483e+01 
 3.38844156e+09 -1.31112139e+01  1.84303083e+01 
 3.46736850e+09 -1.27097463e+01  1.83183523e+01 
 3.54813389e+09 -1.23131983e+01  1.81987272e+01 
 3.63078055e+09 -1.19218521e+01  1.80716923e+01 
 3.71535229e+09 -1.15359728e+01  1.79375177e+01 
 3.80189396e+09 -1.11558083e+01  1.77964834e+01 
 3.89045145e+09 -1.07815887e+01  1.76488776e+01 
 3.98107171e+09 -1.04135265e+01  1.74949961e+01 
 4.07380278e+09 -1.00518158e+01  1.73351405e+01 
 4.16869383e+09 -9.69663283e+00  1.71696171e+01 
 4.26579519e+09 -9.34813589e+00  1.69987359e+01 
 4.36515832e+09 -9.00646526e+00  1.68228093e+01 
 4.46683592e+09 -8.67174362e+00  1.66421512e+01 
 4.57088190e+09 -8.34407625e+00  1.64570754e+01 
 4.67735141e+09 -8.02355140e+00  1.62678953e+01 
 4.78630092e+09 -7.71024068e+00  1.60749224e+01 
 4.89778819e+09 -7.40419956e+00  1.58784653e+01 
 5.01187234e+09 -7.10546784e+00  1.56788293e+01 
 5.12861384e+09 -6.81407023e+00  1.54763155e+01 
 5.24807460e+09 -6.53001698e+00  1.52712194e+01 
 5.37031796e+09 -6.25330442e+00  1.50638313e+01 
 5.49540874e+09 -5.98391572e+00  1.48544346e+01 
 5.62341325e+09 -5.72182149e+00  1.46433061e+01 
 5.75439937e+09 -5.46698050e+00  1.44307148e+01 
 5.88843655e+09 -5.21934039e+00  1.42169220e+01 
 6.02559586e+09 -4.97883837e+00  1.40021805e+01 
 6.16595002e+09 -4.74540195e+00  1.37867347e+01 
 6.30957344e+09 -4.51894963e+00  1.35708198e+01 
 6.45654229e+09 -4.29939161e+00  1.33546620e+01 
 6.60693448e+09 -4.08663052e+00  1.31384783e+01 
 6.76082975e+09 -3.88056205e+00  1.29224760e+01 
 6.91830971e+09 -3.68107570e+00  1.27068529e+01 
 7.07945784e+09 -3.48805533e+00  1.24917975e+01 
 7.24435960e+09 -3.30137989e+00  1.22774885e+01 
 7.41310241e+09 -3.12092397e+00  1.20640953e+01 
 7.58577575e+09 -2.94655843e+00  1.18517775e+01 
 7.76247117e+09 -2.77815094e+00  1.16406857e+01 
 7.94328235e+09 -2.61556652e+00  1.14309613e+01 
 8.12830516e+09 -2.45866804e+00  1.12227363e+01 
 8.31763771e+09 -2.30731675e+00  1.10161344e+01 
 8.51138038e+09 -2.16137270e+00  1.08112702e+01 
 8.70963590e+09 -2.02069516e+00  1.06082500e+01 
 8.91250938e+09 -1.88514306e+00  1.04071720e+01 
 9.12010839e+09 -1.75457533e+00  1.02081264e+01 
 9.33254301e+09 -1.62885126e+00  1.00111957e+01 
 9.54992586e+09 -1.50783083e+00  9.81645507e+00 
 9.77237221e+09 -1.39137499e+00  9.62397238e+00 
 1.00000000e+10 -1.27934593e+00  9.43380880e+00 
 1.02329299e+10 -1.17160735e+00  9.24601885e+00 
 1.04712855e+10 -1.06802463e+00  9.06065080e+00 
 1.07151931e+10 -9.68465073e-01  8.87774689e+00 
 1.09647820e+10 -8.72798083e-01  8.69734365e+00 
 1.12201845e+10 -7.80895290e-01  8.51947216e+00 
 1.14815362e+10 -6.92630712e-01  8.34415834e+00 
 1.17489755e+10 -6.07880863e-01  8.17142321e+00 
 1.20226443e+10 -5.26524863e-01  8.00128317e+00 
 1.23026877e+10 -4.48444516e-01  7.83375025e+00 
 1.25892541e+10 -3.73524383e-01  7.66883238e+00 
 1.28824955e+10 -3.01651840e-01  7.50653360e+00 
 1.31825674e+10 -2.32717118e-01  7.34685435e+00 
 1.34896288e+10 -1.66613336e-01  7.18979167e+00 
 1.38038426e+10 -1.03236521e-01  7.03533942e+00 
 1.41253754e+10 -4.24856164e-02  6.88348851e+00 
 1.44543977e+10  1.57375159e-02  6.73422710e+00 
 1.47910839e+10  7.15281050e-02  6.58754081e+00 
 1.51356125e+10  1.24978485e-01  6.44341289e+00 
 1.54881662e+10  1.76178120e-01  6.30182440e+00 
 1.58489319e+10  2.25213628e-01  6.16275441e+00 
 1.62181010e+10  2.72168820e-01  6.02618015e+00 
 1.65958691e+10  3.17124737e-01  5.89207715e+00 
 1.69824365e+10  3.60159692e-01  5.76041940e+00 
 1.73780083e+10  4.01349316e-01  5.63117951e+00 
 1.77827941e+10  4.40766612e-01  5.50432882e+00 
 1.81970086e+10  4.78482004e-01  5.37983751e+00 
 1.86208714e+10  5.14563391e-01  5.25767477e+00 
 1.90546072e+10  5.49076207e-01  5.13780886e+00 
 1.94984460e+10  5.82083476e-01  5.02020723e+00 
 1.99526231e+10  6.13645871e-01  4.90483664e+00 
 2.04173794e+10  6.43821778e-01  4.79166323e+00 
 2.08929613e+10  6.72667349e-01  4.68065260e+00 
 2.13796209e+10  7.00236567e-01  4.57176991e+00 
 2.18776162e+10  7.26581308e-01  4.46497994e+00 
 2.23872114e+10  7.51751396e-01  4.36024716e+00 
 2.29086765e+10  7.75794665e-01  4.25753582e+00 
 2.34422882e+10  7.98757021e-01  4.15680997e+00 
 2.39883292e+10  8.20682495e-01  4.05803354e+00 
 2.45470892e+10  8.41613304e-01  3.96117039e+00 
 2.51188643e+10  8.61589905e-01  3.86618436e+00 
 2.57039578e+10  8.80651052e-01  3.77303928e+00 
 2.63026799e+10  8.98833849e-01  3.68169906e+00 
 2.69153480e+10  9.16173802e-01  3.59212771e+00 
 2.75422870e+10  9.32704873e-01  3.50428935e+00 
 2.81838293e+10  9.48459524e-01  3.41814825e+00 
 2.88403150e+10  9.63468772e-01  3.33366889e+00 
 2.95120923e+10  9.77762229e-01  3.25081594e+00 
 3.01995172e+10  9.91368154e-01  3.16955429e+00 
 3.09029543e+10  1.00431349e+00  3.08984912e+00 
 3.16227766e+10  1.01662391e+00  3.01166583e+00 
 3.23593657e+10  1.02832385e+00  2.93497013e+00 
 3.31131121e+10  1.03943655e+00  2.85972803e+00 
 3.38844156e+10  1.04998412e+00  2.78590584e+00 
 3.46736850e+10  1.05998751e+00  2.71347019e+00 
 3.54813389e+10  1.06946660e+00  2.64238804e+00 
 3.63078055e+10  1.07844021e+00  2.57262668e+00 
 3.71535229e+10  1.08692612e+00  2.50415374e+00 
 3.80189396e+10  1.09494114e+00  2.43693720e+00 
 3.89045145e+10  1.10250105e+00  2.37094538e+00 
 3.98107171e+10  1.10962073e+00  2.30614695e+00 
 4.07380278e+10  1.11631409e+00  2.24251096e+00 
 4.16869383e+10  1.12259415e+00  2.18000677e+00 
 4.26579519e+10  1.12847302e+00  2.11860412e+00 
 4.36515832e+10  1.13396194e+00  2.05827310e+00 
 4.46683592e+10  1.13907129e+00  1.99898413e+00 
 4.57088190e+10  1.14381057e+00  1.94070801e+00 
 4.67735141e+10  1.14818846e+00  1.88341587e+00 
 4.78630092e+10  1.15221279e+00  1.82707918e+00 
 4.89778819e+10  1.15589054e+00  1.77166978e+00 
 5.01187234e+10  1.15922788e+00  1.71715983e+00 
 5.12861384e+10  1.16223012e+00  1.66352184e+00 
 5.24807460e+10  1.16490174e+00  1.61072866e+00 
 5.37031796e+10  1.16724639e+00  1.55875348e+00 
 5.49540874e+10  1.16926682e+00  1.50756982e+00 
 5.62341325e+10  1.17096496e+00  1.45715157e+00 
 5.75439937e+10  1.17234181e+00  1.40747295e+00 
 5.88843655e+10  1.17339750e+00  1.35850853e+00 
 6.02559586e+10  1.17413121e+00  1.31023324e+00 
 6.16595002e+10  1.17454117e+00  1.26262240e+00 
 6.30957344e+10  1.17462463e+00  1.21565168e+00 
 6.45654229e+10  1.17437779e+00  1.16929717e+00 
 6.60693448e+10  1.17379583e+00  1.12353538e+00 
 6.76082975e+10  1.17287279e+00  1.07834325e+00 
 6.91830971e+10  1.17160158e+00  1.03369822e+00 
 7.07945784e+10  1.16997390e+00  9.89578221e-01 
 7.24435960e+10  1.16798017e+00  9.45961764e-01 
 7.41310241e+10  1.16560951e+00  9.02827962e-01 
 7.58577575e+10  1.16284963e+00  8.60156611e-01 
 7.76247117e+10  1.15968679e+00  8.17928262e-01 
 7.94328235e+10  1.15610571e+00  7.76124309e-01 
 8.12830516e+10  1.15208949e+00  7.34727095e-01 
 8.31763771e+10  1.14761955e+00  6.93720035e-01 
 8.51138038e+10  1.14267552e+00  6.53087755e-01 
 8.70963590e+10  1.13723520e+00  6.12816255e-01 
 8.91250938e+10  1.13127445e+00  5.72893099e-01 
 9.12010839e+10  1.12476712e+00  5.33307630e-01 
 9.33254301e+10  1.11768500e+00  4.94051216e-01 
 9.54992586e+10  1.10999777e+00  4.55117529e-01 
 9.77237221e+10  1.10167295e+00  4.16502863e-01 
 1.00000000e+11  1.09267590e+00  3.78206489e-01 
 1.02329299e+11  1.08296986e+00  3.40231055e-01 
 1.04712855e+11  1.07251598e+00  3.02583028e-01 
 1.07151931e+11  1.06127348e+00  2.65273179e-01 
 1.09647820e+11  1.04919976e+00  2.28317118e-01 
 1.12201845e+11  1.03625075e+00  1.91735868e-01 
 1.14815362e+11  1.02238117e+00  1.55556474e-01 
 1.17489755e+11  1.00754506e+00  1.19812649e-01 
 1.20226443e+11  9.91696329e-01  8.45454290e-02 
 1.23026877e+11  9.74789530e-01  4.98038324e-02 
 1.25892541e+11  9.56780766e-01  1.56454949e-02 
 1.28824955e+11  9.37628788e-01 -1.78627503e-02 
 1.31825674e+11  9.17296314e-01 -5.06443851e-02 
 1.34896288e+11  8.95751546e-01 -8.26128592e-02 
 1.38038426e+11  8.72969911e-01 -1.13671439e-01 
 1.41253754e+11  8.48936003e-01 -1.43713317e-01 
 1.44543977e+11  8.23645704e-01 -1.72622050e-01 
 1.47910839e+11  7.97108441e-01 -2.00272407e-01 
 1.51356125e+11  7.69349503e-01 -2.26531681e-01 
 1.54881662e+11  7.40412335e-01 -2.51261559e-01 
 1.58489319e+11  7.10360672e-01 -2.74320563e-01 
 1.62181010e+11  6.79280383e-01 -2.95567113e-01 
 1.65958691e+11  6.47280845e-01 -3.14863180e-01 
 1.69824365e+11  6.14495670e-01 -3.32078474e-01 
 1.73780083e+11  5.81082618e-01 -3.47095049e-01 
 1.77827941e+11  5.47222515e-01 -3.59812144e-01 
 1.81970086e+11  5.13117089e-01 -3.70151042e-01 
 1.86208714e+11  4.78985637e-01 -3.78059643e-01 
 1.90546072e+11  4.45060574e-01 -3.83516466e-01 
 1.94984460e+11  4.11581967e-01 -3.86533739e-01 
 1.99526231e+11  3.78791268e-01 -3.87159323e-01 
 2.04173794e+11  3.46924567e-01 -3.85477216e-01 
 2.08929613e+11  3.16205722e-01 -3.81606525e-01 
 2.13796209e+11  2.86839786e-01 -3.75698885e-01 
 2.18776162e+11  2.59007127e-01 -3.67934432e-01 
 2.23872114e+11  2.32858609e-01 -3.58516551e-01 
 2.29086765e+11  2.08512108e-01 -3.47665734e-01 
 2.34422882e+11  1.86050521e-01 -3.35612918e-01 
 2.39883292e+11  1.65521329e-01 -3.22592731e-01 
 2.45470892e+11  1.46937616e-01 -3.08837010e-01 
 2.51188643e+11  1.30280390e-01 -2.94568961e-01 
 2.57039578e+11  1.15501930e-01 -2.79998189e-01 
 2.63026799e+11  1.02529882e-01 -2.65316784e-01 
 2.69153480e+11  9.12717819e-02 -2.50696513e-01 
 2.75422870e+11  8.16197176e-02 -2.36287119e-01 
 2.81838293e+11  7.34548913e-02 -2.22215632e-01 
 2.88403150e+11  6.66518665e-02 -2.08586563e-01 
 2.95120923e+11  6.10823677e-02 -1.95482811e-01 
 3.01995172e+11  5.66185415e-02 -1.82967121e-01 
 3.09029543e+11  5.31356420e-02 -1.71083914e-01 
 3.16227766e+11  5.05141439e-02 -1.59861350e-01 
 3.23593657e+11  4.86413127e-02 -1.49313483e-01 
 3.31131121e+11  4.74122884e-02 -1.39442408e-01 
 3.38844156e+11  4.67307439e-02 -1.30240329e-01 
 3.46736850e+11  4.65091888e-02 -1.21691474e-01 
 3.54813389e+11  4.66689866e-02 -1.13773838e-01 
 3.63078055e+11  4.71401484e-02 -1.06460736e-01 
 3.71535229e+11  4.78609618e-02 -9.97221406e-02 
 3.80189396e+11  4.87775030e-02 -9.35258312e-02 
 3.89045145e+11  4.98430743e-02 -8.78383565e-02 
 3.98107171e+11  5.10176000e-02 -8.26258210e-02 
 4.07380278e+11  5.22670083e-02 -7.78545203e-02 
 4.16869383e+11  5.35626171e-02 -7.34914401e-02 
 4.26579519e+11  5.48805411e-02 -6.95046377e-02 
 4.36515832e+11  5.62011286e-02 -6.58635238e-02 
 4.46683592e+11  5.75084352e-02 -6.25390599e-02 
 4.57088190e+11  5.87897386e-02 -5.95038866e-02 
 4.67735141e+11  6.00350966e-02 -5.67323960e-02 
 4.78630092e+11  6.12369469e-02 -5.42007574e-02 
 4.89778819e+11  6.23897491e-02 -5.18869084e-02 
 5.01187234e+11  6.34896663e-02 -4.97705182e-02 
 5.12861384e+11  6.45342843e-02 -4.78329300e-02 
 5.24807460e+11  6.55223648e-02 -4.60570885e-02 
 5.37031796e+11  6.64536306e-02 -4.44274572e-02 
 5.49540874e+11  6.73285798e-02 -4.29299288e-02 
 5.62341325e+11  6.81483253e-02 -4.15517326e-02 
 5.75439937e+11  6.89144580e-02 -4.02813403e-02 
 5.88843655e+11  6.96289301e-02 -3.91083728e-02 
 6.02559586e+11  7.02939567e-02 -3.80235088e-02 
 6.16595002e+11  7.09119338e-02 -3.70183972e-02 
 6.30957344e+11  7.14853691e-02 -3.60855731e-02 
 6.45654229e+11  7.20168266e-02 -3.52183780e-02 
 6.60693448e+11  7.25088797e-02 -3.44108855e-02 
 6.76082975e+11  7.29640750e-02 -3.36578312e-02 
 6.91830971e+11  7.33849026e-02 -3.29545483e-02 
 7.07945784e+11  7.37737736e-02 -3.22969075e-02 
 7.24435960e+11  7.41330031e-02 -3.16812621e-02 
 7.41310241e+11  7.44647973e-02 -3.11043981e-02 
 7.58577575e+11  7.47712449e-02 -3.05634874e-02 
 7.76247117e+11  7.50543121e-02 -3.00560470e-02 
 7.94328235e+11  7.53158387e-02 -2.95799006e-02 
 8.12830516e+11  7.55575384e-02 -2.91331446e-02 
 8.31763771e+11  7.57809987e-02 -2.87141175e-02 
 8.51138038e+11  7.59876837e-02 -2.83213720e-02 
 8.70963590e+11  7.61789368e-02 -2.79536505e-02 
 8.91250938e+11  7.63559851e-02 -2.76098627e-02 
 9.12010839e+11  7.65199430e-02 -2.72890661e-02 
 9.33254301e+11  7.66718175e-02 -2.69904479e-02 
 9.54992586e+11  7.68125131e-02 -2.67133097e-02 
 9.77237221e+11  7.69428363e-02 -2.64570534e-02 
 1.00000000e+12  7.70635009e-02 -2.62211686e-02 
