 frequency       ac1.vout1-ac1.vout2 ac1.vout1-ac1.vout2
 1.00000000e+01 -4.47633376e+01  3.55060418e-06 
 1.02329299e+01 -4.47633376e+01  3.63330838e-06 
 1.04712855e+01 -4.47633376e+01  3.71793900e-06 
 1.07151931e+01 -4.47633376e+01  3.80454093e-06 
 1.09647820e+01 -4.47633376e+01  3.89316007e-06 
 1.12201845e+01 -4.47633376e+01  3.98384342e-06 
 1.14815362e+01 -4.47633376e+01  4.07663905e-06 
 1.17489755e+01 -4.47633376e+01  4.17159617e-06 
 1.20226443e+01 -4.47633376e+01  4.26876513e-06 
 1.23026877e+01 -4.47633376e+01  4.36819744e-06 
 1.25892541e+01 -4.47633376e+01  4.46994583e-06 
 1.28824955e+01 -4.47633376e+01  4.57406425e-06 
 1.31825674e+01 -4.47633376e+01  4.68060789e-06 
 1.34896288e+01 -4.47633376e+01  4.78963325e-06 
 1.38038426e+01 -4.47633376e+01  4.90119814e-06 
 1.41253754e+01 -4.47633376e+01  5.01536171e-06 
 1.44543977e+01 -4.47633376e+01  5.13218449e-06 
 1.47910839e+01 -4.47633376e+01  5.25172843e-06 
 1.51356125e+01 -4.47633376e+01  5.37405690e-06 
 1.54881662e+01 -4.47633376e+01  5.49923476e-06 
 1.58489319e+01 -4.47633376e+01  5.62732840e-06 
 1.62181010e+01 -4.47633376e+01  5.75840571e-06 
 1.65958691e+01 -4.47633376e+01  5.89253621e-06 
 1.69824365e+01 -4.47633376e+01  6.02979101e-06 
 1.73780083e+01 -4.47633376e+01  6.17024289e-06 
 1.77827941e+01 -4.47633376e+01  6.31396631e-06 
 1.81970086e+01 -4.47633376e+01  6.46103748e-06 
 1.86208714e+01 -4.47633376e+01  6.61153437e-06 
 1.90546072e+01 -4.47633376e+01  6.76553679e-06 
 1.94984460e+01 -4.47633376e+01  6.92312639e-06 
 1.99526231e+01 -4.47633376e+01  7.08438672e-06 
 2.04173794e+01 -4.47633376e+01  7.24940328e-06 
 2.08929613e+01 -4.47633376e+01  7.41826358e-06 
 2.13796209e+01 -4.47633376e+01  7.59105713e-06 
 2.18776162e+01 -4.47633376e+01  7.76787557e-06 
 2.23872114e+01 -4.47633376e+01  7.94881264e-06 
 2.29086765e+01 -4.47633376e+01  8.13396427e-06 
 2.34422882e+01 -4.47633376e+01  8.32342863e-06 
 2.39883292e+01 -4.47633376e+01  8.51730619e-06 
 2.45470892e+01 -4.47633376e+01  8.71569974e-06 
 2.51188643e+01 -4.47633376e+01  8.91871447e-06 
 2.57039578e+01 -4.47633376e+01  9.12645801e-06 
 2.63026799e+01 -4.47633376e+01  9.33904053e-06 
 2.69153480e+01 -4.47633376e+01  9.55657473e-06 
 2.75422870e+01 -4.47633376e+01  9.77917595e-06 
 2.81838293e+01 -4.47633376e+01  1.00069622e-05 
 2.88403150e+01 -4.47633376e+01  1.02400543e-05 
 2.95120923e+01 -4.47633376e+01  1.04785758e-05 
 3.01995172e+01 -4.47633376e+01  1.07226532e-05 
 3.09029543e+01 -4.47633376e+01  1.09724159e-05 
 3.16227766e+01 -4.47633376e+01  1.12279963e-05 
 3.23593657e+01 -4.47633376e+01  1.14895299e-05 
 3.31131121e+01 -4.47633376e+01  1.17571554e-05 
 3.38844156e+01 -4.47633376e+01  1.20310148e-05 
 3.46736850e+01 -4.47633376e+01  1.23112531e-05 
 3.54813389e+01 -4.47633376e+01  1.25980190e-05 
 3.63078055e+01 -4.47633376e+01  1.28914646e-05 
 3.71535229e+01 -4.47633376e+01  1.31917454e-05 
 3.80189396e+01 -4.47633376e+01  1.34990206e-05 
 3.89045145e+01 -4.47633376e+01  1.38134532e-05 
 3.98107171e+01 -4.47633376e+01  1.41352098e-05 
 4.07380278e+01 -4.47633376e+01  1.44644612e-05 
 4.16869383e+01 -4.47633376e+01  1.48013818e-05 
 4.26579519e+01 -4.47633376e+01  1.51461502e-05 
 4.36515832e+01 -4.47633376e+01  1.54989494e-05 
 4.46683592e+01 -4.47633376e+01  1.58599663e-05 
 4.57088190e+01 -4.47633376e+01  1.62293924e-05 
 4.67735141e+01 -4.47633376e+01  1.66074235e-05 
 4.78630092e+01 -4.47633376e+01  1.69942601e-05 
 4.89778819e+01 -4.47633376e+01  1.73901072e-05 
 5.01187234e+01 -4.47633376e+01  1.77951749e-05 
 5.12861384e+01 -4.47633376e+01  1.82096777e-05 
 5.24807460e+01 -4.47633376e+01  1.86338356e-05 
 5.37031796e+01 -4.47633376e+01  1.90678734e-05 
 5.49540874e+01 -4.47633376e+01  1.95120212e-05 
 5.62341325e+01 -4.47633376e+01  1.99665146e-05 
 5.75439937e+01 -4.47633376e+01  2.04315945e-05 
 5.88843655e+01 -4.47633376e+01  2.09075074e-05 
 6.02559586e+01 -4.47633376e+01  2.13945059e-05 
 6.16595002e+01 -4.47633376e+01  2.18928479e-05 
 6.30957344e+01 -4.47633376e+01  2.24027979e-05 
 6.45654229e+01 -4.47633376e+01  2.29246261e-05 
 6.60693448e+01 -4.47633376e+01  2.34586092e-05 
 6.76082975e+01 -4.47633376e+01  2.40050304e-05 
 6.91830971e+01 -4.47633376e+01  2.45641794e-05 
 7.07945784e+01 -4.47633376e+01  2.51363526e-05 
 7.24435960e+01 -4.47633376e+01  2.57218535e-05 
 7.41310241e+01 -4.47633376e+01  2.63209924e-05 
 7.58577575e+01 -4.47633376e+01  2.69340871e-05 
 7.76247117e+01 -4.47633376e+01  2.75614626e-05 
 7.94328235e+01 -4.47633376e+01  2.82034515e-05 
 8.12830516e+01 -4.47633376e+01  2.88603943e-05 
 8.31763771e+01 -4.47633376e+01  2.95326392e-05 
 8.51138038e+01 -4.47633376e+01  3.02205428e-05 
 8.70963590e+01 -4.47633376e+01  3.09244696e-05 
 8.91250938e+01 -4.47633376e+01  3.16447931e-05 
 9.12010839e+01 -4.47633376e+01  3.23818950e-05 
 9.33254301e+01 -4.47633376e+01  3.31361662e-05 
 9.54992586e+01 -4.47633376e+01  3.39080067e-05 
 9.77237221e+01 -4.47633376e+01  3.46978256e-05 
 1.00000000e+02 -4.47633376e+01  3.55060418e-05 
 1.02329299e+02 -4.47633376e+01  3.63330838e-05 
 1.04712855e+02 -4.47633376e+01  3.71793900e-05 
 1.07151931e+02 -4.47633376e+01  3.80454093e-05 
 1.09647820e+02 -4.47633376e+01  3.89316007e-05 
 1.12201845e+02 -4.47633376e+01  3.98384342e-05 
 1.14815362e+02 -4.47633376e+01  4.07663905e-05 
 1.17489755e+02 -4.47633376e+01  4.17159617e-05 
 1.20226443e+02 -4.47633376e+01  4.26876513e-05 
 1.23026877e+02 -4.47633376e+01  4.36819744e-05 
 1.25892541e+02 -4.47633376e+01  4.46994583e-05 
 1.28824955e+02 -4.47633376e+01  4.57406425e-05 
 1.31825674e+02 -4.47633376e+01  4.68060789e-05 
 1.34896288e+02 -4.47633376e+01  4.78963325e-05 
 1.38038426e+02 -4.47633376e+01  4.90119814e-05 
 1.41253754e+02 -4.47633376e+01  5.01536171e-05 
 1.44543977e+02 -4.47633376e+01  5.13218449e-05 
 1.47910839e+02 -4.47633376e+01  5.25172843e-05 
 1.51356125e+02 -4.47633376e+01  5.37405690e-05 
 1.54881662e+02 -4.47633376e+01  5.49923476e-05 
 1.58489319e+02 -4.47633376e+01  5.62732840e-05 
 1.62181010e+02 -4.47633376e+01  5.75840571e-05 
 1.65958691e+02 -4.47633376e+01  5.89253621e-05 
 1.69824365e+02 -4.47633376e+01  6.02979101e-05 
 1.73780083e+02 -4.47633376e+01  6.17024289e-05 
 1.77827941e+02 -4.47633376e+01  6.31396631e-05 
 1.81970086e+02 -4.47633376e+01  6.46103748e-05 
 1.86208714e+02 -4.47633376e+01  6.61153437e-05 
 1.90546072e+02 -4.47633376e+01  6.76553679e-05 
 1.94984460e+02 -4.47633376e+01  6.92312639e-05 
 1.99526231e+02 -4.47633376e+01  7.08438672e-05 
 2.04173794e+02 -4.47633376e+01  7.24940328e-05 
 2.08929613e+02 -4.47633376e+01  7.41826358e-05 
 2.13796209e+02 -4.47633376e+01  7.59105713e-05 
 2.18776162e+02 -4.47633376e+01  7.76787557e-05 
 2.23872114e+02 -4.47633376e+01  7.94881264e-05 
 2.29086765e+02 -4.47633376e+01  8.13396427e-05 
 2.34422882e+02 -4.47633376e+01  8.32342863e-05 
 2.39883292e+02 -4.47633376e+01  8.51730619e-05 
 2.45470892e+02 -4.47633376e+01  8.71569974e-05 
 2.51188643e+02 -4.47633376e+01  8.91871447e-05 
 2.57039578e+02 -4.47633376e+01  9.12645801e-05 
 2.63026799e+02 -4.47633376e+01  9.33904053e-05 
 2.69153480e+02 -4.47633376e+01  9.55657473e-05 
 2.75422870e+02 -4.47633376e+01  9.77917595e-05 
 2.81838293e+02 -4.47633376e+01  1.00069622e-04 
 2.88403150e+02 -4.47633376e+01  1.02400543e-04 
 2.95120923e+02 -4.47633376e+01  1.04785758e-04 
 3.01995172e+02 -4.47633376e+01  1.07226532e-04 
 3.09029543e+02 -4.47633376e+01  1.09724159e-04 
 3.16227766e+02 -4.47633376e+01  1.12279963e-04 
 3.23593657e+02 -4.47633376e+01  1.14895299e-04 
 3.31131121e+02 -4.47633376e+01  1.17571554e-04 
 3.38844156e+02 -4.47633376e+01  1.20310148e-04 
 3.46736850e+02 -4.47633376e+01  1.23112531e-04 
 3.54813389e+02 -4.47633376e+01  1.25980190e-04 
 3.63078055e+02 -4.47633376e+01  1.28914646e-04 
 3.71535229e+02 -4.47633376e+01  1.31917454e-04 
 3.80189396e+02 -4.47633376e+01  1.34990206e-04 
 3.89045145e+02 -4.47633376e+01  1.38134532e-04 
 3.98107171e+02 -4.47633376e+01  1.41352098e-04 
 4.07380278e+02 -4.47633376e+01  1.44644612e-04 
 4.16869383e+02 -4.47633376e+01  1.48013818e-04 
 4.26579519e+02 -4.47633376e+01  1.51461502e-04 
 4.36515832e+02 -4.47633376e+01  1.54989494e-04 
 4.46683592e+02 -4.47633376e+01  1.58599663e-04 
 4.57088190e+02 -4.47633376e+01  1.62293924e-04 
 4.67735141e+02 -4.47633376e+01  1.66074235e-04 
 4.78630092e+02 -4.47633376e+01  1.69942601e-04 
 4.89778819e+02 -4.47633376e+01  1.73901072e-04 
 5.01187234e+02 -4.47633376e+01  1.77951749e-04 
 5.12861384e+02 -4.47633376e+01  1.82096777e-04 
 5.24807460e+02 -4.47633376e+01  1.86338356e-04 
 5.37031796e+02 -4.47633376e+01  1.90678734e-04 
 5.49540874e+02 -4.47633376e+01  1.95120212e-04 
 5.62341325e+02 -4.47633376e+01  1.99665146e-04 
 5.75439937e+02 -4.47633376e+01  2.04315945e-04 
 5.88843655e+02 -4.47633376e+01  2.09075074e-04 
 6.02559586e+02 -4.47633376e+01  2.13945059e-04 
 6.16595002e+02 -4.47633376e+01  2.18928479e-04 
 6.30957344e+02 -4.47633376e+01  2.24027979e-04 
 6.45654229e+02 -4.47633376e+01  2.29246261e-04 
 6.60693448e+02 -4.47633376e+01  2.34586092e-04 
 6.76082975e+02 -4.47633376e+01  2.40050304e-04 
 6.91830971e+02 -4.47633376e+01  2.45641794e-04 
 7.07945784e+02 -4.47633376e+01  2.51363526e-04 
 7.24435960e+02 -4.47633376e+01  2.57218535e-04 
 7.41310241e+02 -4.47633376e+01  2.63209924e-04 
 7.58577575e+02 -4.47633376e+01  2.69340871e-04 
 7.76247117e+02 -4.47633376e+01  2.75614626e-04 
 7.94328235e+02 -4.47633376e+01  2.82034515e-04 
 8.12830516e+02 -4.47633376e+01  2.88603943e-04 
 8.31763771e+02 -4.47633376e+01  2.95326392e-04 
 8.51138038e+02 -4.47633376e+01  3.02205428e-04 
 8.70963590e+02 -4.47633376e+01  3.09244696e-04 
 8.91250938e+02 -4.47633376e+01  3.16447931e-04 
 9.12010839e+02 -4.47633376e+01  3.23818950e-04 
 9.33254301e+02 -4.47633376e+01  3.31361662e-04 
 9.54992586e+02 -4.47633376e+01  3.39080067e-04 
 9.77237221e+02 -4.47633376e+01  3.46978256e-04 
 1.00000000e+03 -4.47633376e+01  3.55060418e-04 
 1.02329299e+03 -4.47633376e+01  3.63330838e-04 
 1.04712855e+03 -4.47633376e+01  3.71793900e-04 
 1.07151931e+03 -4.47633376e+01  3.80454093e-04 
 1.09647820e+03 -4.47633376e+01  3.89316007e-04 
 1.12201845e+03 -4.47633376e+01  3.98384342e-04 
 1.14815362e+03 -4.47633376e+01  4.07663905e-04 
 1.17489755e+03 -4.47633376e+01  4.17159617e-04 
 1.20226443e+03 -4.47633376e+01  4.26876513e-04 
 1.23026877e+03 -4.47633376e+01  4.36819744e-04 
 1.25892541e+03 -4.47633376e+01  4.46994583e-04 
 1.28824955e+03 -4.47633376e+01  4.57406424e-04 
 1.31825674e+03 -4.47633376e+01  4.68060789e-04 
 1.34896288e+03 -4.47633376e+01  4.78963325e-04 
 1.38038426e+03 -4.47633376e+01  4.90119814e-04 
 1.41253754e+03 -4.47633376e+01  5.01536171e-04 
 1.44543977e+03 -4.47633376e+01  5.13218449e-04 
 1.47910839e+03 -4.47633376e+01  5.25172843e-04 
 1.51356125e+03 -4.47633376e+01  5.37405690e-04 
 1.54881662e+03 -4.47633376e+01  5.49923476e-04 
 1.58489319e+03 -4.47633376e+01  5.62732840e-04 
 1.62181010e+03 -4.47633376e+01  5.75840571e-04 
 1.65958691e+03 -4.47633376e+01  5.89253621e-04 
 1.69824365e+03 -4.47633376e+01  6.02979101e-04 
 1.73780083e+03 -4.47633376e+01  6.17024289e-04 
 1.77827941e+03 -4.47633376e+01  6.31396631e-04 
 1.81970086e+03 -4.47633376e+01  6.46103748e-04 
 1.86208714e+03 -4.47633376e+01  6.61153437e-04 
 1.90546072e+03 -4.47633376e+01  6.76553679e-04 
 1.94984460e+03 -4.47633375e+01  6.92312639e-04 
 1.99526231e+03 -4.47633375e+01  7.08438672e-04 
 2.04173794e+03 -4.47633375e+01  7.24940328e-04 
 2.08929613e+03 -4.47633375e+01  7.41826358e-04 
 2.13796209e+03 -4.47633375e+01  7.59105713e-04 
 2.18776162e+03 -4.47633375e+01  7.76787557e-04 
 2.23872114e+03 -4.47633375e+01  7.94881263e-04 
 2.29086765e+03 -4.47633375e+01  8.13396426e-04 
 2.34422882e+03 -4.47633375e+01  8.32342863e-04 
 2.39883292e+03 -4.47633375e+01  8.51730619e-04 
 2.45470892e+03 -4.47633375e+01  8.71569974e-04 
 2.51188643e+03 -4.47633375e+01  8.91871446e-04 
 2.57039578e+03 -4.47633375e+01  9.12645801e-04 
 2.63026799e+03 -4.47633375e+01  9.33904053e-04 
 2.69153480e+03 -4.47633375e+01  9.55657473e-04 
 2.75422870e+03 -4.47633375e+01  9.77917595e-04 
 2.81838293e+03 -4.47633375e+01  1.00069622e-03 
 2.88403150e+03 -4.47633375e+01  1.02400543e-03 
 2.95120923e+03 -4.47633375e+01  1.04785758e-03 
 3.01995172e+03 -4.47633375e+01  1.07226532e-03 
 3.09029543e+03 -4.47633375e+01  1.09724159e-03 
 3.16227766e+03 -4.47633375e+01  1.12279963e-03 
 3.23593657e+03 -4.47633375e+01  1.14895299e-03 
 3.31131121e+03 -4.47633375e+01  1.17571554e-03 
 3.38844156e+03 -4.47633375e+01  1.20310148e-03 
 3.46736850e+03 -4.47633375e+01  1.23112531e-03 
 3.54813389e+03 -4.47633375e+01  1.25980190e-03 
 3.63078055e+03 -4.47633375e+01  1.28914646e-03 
 3.71535229e+03 -4.47633375e+01  1.31917454e-03 
 3.80189396e+03 -4.47633375e+01  1.34990206e-03 
 3.89045145e+03 -4.47633375e+01  1.38134532e-03 
 3.98107171e+03 -4.47633375e+01  1.41352098e-03 
 4.07380278e+03 -4.47633375e+01  1.44644612e-03 
 4.16869383e+03 -4.47633375e+01  1.48013817e-03 
 4.26579519e+03 -4.47633375e+01  1.51461502e-03 
 4.36515832e+03 -4.47633375e+01  1.54989494e-03 
 4.46683592e+03 -4.47633375e+01  1.58599663e-03 
 4.57088190e+03 -4.47633375e+01  1.62293924e-03 
 4.67735141e+03 -4.47633375e+01  1.66074235e-03 
 4.78630092e+03 -4.47633375e+01  1.69942600e-03 
 4.89778819e+03 -4.47633375e+01  1.73901072e-03 
 5.01187234e+03 -4.47633375e+01  1.77951748e-03 
 5.12861384e+03 -4.47633375e+01  1.82096777e-03 
 5.24807460e+03 -4.47633375e+01  1.86338356e-03 
 5.37031796e+03 -4.47633375e+01  1.90678734e-03 
 5.49540874e+03 -4.47633375e+01  1.95120212e-03 
 5.62341325e+03 -4.47633375e+01  1.99665146e-03 
 5.75439937e+03 -4.47633375e+01  2.04315944e-03 
 5.88843655e+03 -4.47633375e+01  2.09075074e-03 
 6.02559586e+03 -4.47633375e+01  2.13945058e-03 
 6.16595002e+03 -4.47633375e+01  2.18928479e-03 
 6.30957344e+03 -4.47633375e+01  2.24027978e-03 
 6.45654229e+03 -4.47633374e+01  2.29246260e-03 
 6.60693448e+03 -4.47633374e+01  2.34586091e-03 
 6.76082975e+03 -4.47633374e+01  2.40050303e-03 
 6.91830971e+03 -4.47633374e+01  2.45641793e-03 
 7.07945784e+03 -4.47633374e+01  2.51363525e-03 
 7.24435960e+03 -4.47633374e+01  2.57218534e-03 
 7.41310241e+03 -4.47633374e+01  2.63209923e-03 
 7.58577575e+03 -4.47633374e+01  2.69340870e-03 
 7.76247117e+03 -4.47633374e+01  2.75614625e-03 
 7.94328235e+03 -4.47633374e+01  2.82034514e-03 
 8.12830516e+03 -4.47633374e+01  2.88603942e-03 
 8.31763771e+03 -4.47633374e+01  2.95326391e-03 
 8.51138038e+03 -4.47633374e+01  3.02205426e-03 
 8.70963590e+03 -4.47633374e+01  3.09244695e-03 
 8.91250938e+03 -4.47633373e+01  3.16447929e-03 
 9.12010839e+03 -4.47633373e+01  3.23818948e-03 
 9.33254301e+03 -4.47633373e+01  3.31361661e-03 
 9.54992586e+03 -4.47633373e+01  3.39080065e-03 
 9.77237221e+03 -4.47633373e+01  3.46978254e-03 
 1.00000000e+04 -4.47633373e+01  3.55060416e-03 
 1.02329299e+04 -4.47633373e+01  3.63330835e-03 
 1.04712855e+04 -4.47633373e+01  3.71793898e-03 
 1.07151931e+04 -4.47633372e+01  3.80454090e-03 
 1.09647820e+04 -4.47633372e+01  3.89316004e-03 
 1.12201845e+04 -4.47633372e+01  3.98384338e-03 
 1.14815362e+04 -4.47633372e+01  4.07663902e-03 
 1.17489755e+04 -4.47633372e+01  4.17159614e-03 
 1.20226443e+04 -4.47633372e+01  4.26876509e-03 
 1.23026877e+04 -4.47633371e+01  4.36819740e-03 
 1.25892541e+04 -4.47633371e+01  4.46994579e-03 
 1.28824955e+04 -4.47633371e+01  4.57406420e-03 
 1.31825674e+04 -4.47633371e+01  4.68060784e-03 
 1.34896288e+04 -4.47633371e+01  4.78963320e-03 
 1.38038426e+04 -4.47633370e+01  4.90119808e-03 
 1.41253754e+04 -4.47633370e+01  5.01536165e-03 
 1.44543977e+04 -4.47633370e+01  5.13218443e-03 
 1.47910839e+04 -4.47633370e+01  5.25172836e-03 
 1.51356125e+04 -4.47633369e+01  5.37405682e-03 
 1.54881662e+04 -4.47633369e+01  5.49923468e-03 
 1.58489319e+04 -4.47633369e+01  5.62732831e-03 
 1.62181010e+04 -4.47633368e+01  5.75840562e-03 
 1.65958691e+04 -4.47633368e+01  5.89253611e-03 
 1.69824365e+04 -4.47633368e+01  6.02979091e-03 
 1.73780083e+04 -4.47633367e+01  6.17024278e-03 
 1.77827941e+04 -4.47633367e+01  6.31396619e-03 
 1.81970086e+04 -4.47633366e+01  6.46103735e-03 
 1.86208714e+04 -4.47633366e+01  6.61153423e-03 
 1.90546072e+04 -4.47633366e+01  6.76553664e-03 
 1.94984460e+04 -4.47633365e+01  6.92312623e-03 
 1.99526231e+04 -4.47633365e+01  7.08438655e-03 
 2.04173794e+04 -4.47633364e+01  7.24940310e-03 
 2.08929613e+04 -4.47633363e+01  7.41826338e-03 
 2.13796209e+04 -4.47633363e+01  7.59105692e-03 
 2.18776162e+04 -4.47633362e+01  7.76787534e-03 
 2.23872114e+04 -4.47633362e+01  7.94881239e-03 
 2.29086765e+04 -4.47633361e+01  8.13396401e-03 
 2.34422882e+04 -4.47633360e+01  8.32342835e-03 
 2.39883292e+04 -4.47633360e+01  8.51730589e-03 
 2.45470892e+04 -4.47633359e+01  8.71569942e-03 
 2.51188643e+04 -4.47633358e+01  8.91871412e-03 
 2.57039578e+04 -4.47633357e+01  9.12645765e-03 
 2.63026799e+04 -4.47633356e+01  9.33904014e-03 
 2.69153480e+04 -4.47633356e+01  9.55657431e-03 
 2.75422870e+04 -4.47633355e+01  9.77917550e-03 
 2.81838293e+04 -4.47633354e+01  1.00069617e-02 
 2.88403150e+04 -4.47633353e+01  1.02400538e-02 
 2.95120923e+04 -4.47633351e+01  1.04785753e-02 
 3.01995172e+04 -4.47633350e+01  1.07226526e-02 
 3.09029543e+04 -4.47633349e+01  1.09724152e-02 
 3.16227766e+04 -4.47633348e+01  1.12279956e-02 
 3.23593657e+04 -4.47633347e+01  1.14895292e-02 
 3.31131121e+04 -4.47633345e+01  1.17571547e-02 
 3.38844156e+04 -4.47633344e+01  1.20310139e-02 
 3.46736850e+04 -4.47633342e+01  1.23112522e-02 
 3.54813389e+04 -4.47633341e+01  1.25980181e-02 
 3.63078055e+04 -4.47633339e+01  1.28914636e-02 
 3.71535229e+04 -4.47633337e+01  1.31917443e-02 
 3.80189396e+04 -4.47633335e+01  1.34990194e-02 
 3.89045145e+04 -4.47633334e+01  1.38134519e-02 
 3.98107171e+04 -4.47633332e+01  1.41352085e-02 
 4.07380278e+04 -4.47633330e+01  1.44644597e-02 
 4.16869383e+04 -4.47633327e+01  1.48013802e-02 
 4.26579519e+04 -4.47633325e+01  1.51461485e-02 
 4.36515832e+04 -4.47633323e+01  1.54989476e-02 
 4.46683592e+04 -4.47633320e+01  1.58599644e-02 
 4.57088190e+04 -4.47633318e+01  1.62293903e-02 
 4.67735141e+04 -4.47633315e+01  1.66074213e-02 
 4.78630092e+04 -4.47633312e+01  1.69942577e-02 
 4.89778819e+04 -4.47633309e+01  1.73901047e-02 
 5.01187234e+04 -4.47633306e+01  1.77951721e-02 
 5.12861384e+04 -4.47633303e+01  1.82096748e-02 
 5.24807460e+04 -4.47633299e+01  1.86338325e-02 
 5.37031796e+04 -4.47633296e+01  1.90678701e-02 
 5.49540874e+04 -4.47633292e+01  1.95120176e-02 
 5.62341325e+04 -4.47633288e+01  1.99665108e-02 
 5.75439937e+04 -4.47633284e+01  2.04315903e-02 
 5.88843655e+04 -4.47633279e+01  2.09075030e-02 
 6.02559586e+04 -4.47633275e+01  2.13945011e-02 
 6.16595002e+04 -4.47633270e+01  2.18928428e-02 
 6.30957344e+04 -4.47633265e+01  2.24027924e-02 
 6.45654229e+04 -4.47633260e+01  2.29246202e-02 
 6.60693448e+04 -4.47633254e+01  2.34586029e-02 
 6.76082975e+04 -4.47633249e+01  2.40050237e-02 
 6.91830971e+04 -4.47633243e+01  2.45641722e-02 
 7.07945784e+04 -4.47633237e+01  2.51363449e-02 
 7.24435960e+04 -4.47633230e+01  2.57218452e-02 
 7.41310241e+04 -4.47633223e+01  2.63209836e-02 
 7.58577575e+04 -4.47633216e+01  2.69340776e-02 
 7.76247117e+04 -4.47633208e+01  2.75614524e-02 
 7.94328235e+04 -4.47633201e+01  2.82034406e-02 
 8.12830516e+04 -4.47633192e+01  2.88603827e-02 
 8.31763771e+04 -4.47633184e+01  2.95326268e-02 
 8.51138038e+04 -4.47633175e+01  3.02205294e-02 
 8.70963590e+04 -4.47633165e+01  3.09244553e-02 
 8.91250938e+04 -4.47633155e+01  3.16447777e-02 
 9.12010839e+04 -4.47633145e+01  3.23818785e-02 
 9.33254301e+04 -4.47633134e+01  3.31361486e-02 
 9.54992586e+04 -4.47633123e+01  3.39079878e-02 
 9.77237221e+04 -4.47633111e+01  3.46978054e-02 
 1.00000000e+05 -4.47633098e+01  3.55060201e-02 
 1.02329299e+05 -4.47633085e+01  3.63330605e-02 
 1.04712855e+05 -4.47633071e+01  3.71793651e-02 
 1.07151931e+05 -4.47633057e+01  3.80453826e-02 
 1.09647820e+05 -4.47633042e+01  3.89315721e-02 
 1.12201845e+05 -4.47633026e+01  3.98384035e-02 
 1.14815362e+05 -4.47633010e+01  4.07663577e-02 
 1.17489755e+05 -4.47632993e+01  4.17159265e-02 
 1.20226443e+05 -4.47632975e+01  4.26876136e-02 
 1.23026877e+05 -4.47632956e+01  4.36819340e-02 
 1.25892541e+05 -4.47632936e+01  4.46994150e-02 
 1.28824955e+05 -4.47632915e+01  4.57405961e-02 
 1.31825674e+05 -4.47632893e+01  4.68060292e-02 
 1.34896288e+05 -4.47632871e+01  4.78962793e-02 
 1.38038426e+05 -4.47632847e+01  4.90119244e-02 
 1.41253754e+05 -4.47632822e+01  5.01535560e-02 
 1.44543977e+05 -4.47632796e+01  5.13217795e-02 
 1.47910839e+05 -4.47632769e+01  5.25172141e-02 
 1.51356125e+05 -4.47632740e+01  5.37404938e-02 
 1.54881662e+05 -4.47632710e+01  5.49922671e-02 
 1.58489319e+05 -4.47632679e+01  5.62731976e-02 
 1.62181010e+05 -4.47632646e+01  5.75839646e-02 
 1.65958691e+05 -4.47632611e+01  5.89252630e-02 
 1.69824365e+05 -4.47632575e+01  6.02978039e-02 
 1.73780083e+05 -4.47632538e+01  6.17023151e-02 
 1.77827941e+05 -4.47632498e+01  6.31395412e-02 
 1.81970086e+05 -4.47632457e+01  6.46102441e-02 
 1.86208714e+05 -4.47632413e+01  6.61152037e-02 
 1.90546072e+05 -4.47632368e+01  6.76552179e-02 
 1.94984460e+05 -4.47632321e+01  6.92311032e-02 
 1.99526231e+05 -4.47632271e+01  7.08436950e-02 
 2.04173794e+05 -4.47632219e+01  7.24938483e-02 
 2.08929613e+05 -4.47632164e+01  7.41824380e-02 
 2.13796209e+05 -4.47632107e+01  7.59103595e-02 
 2.18776162e+05 -4.47632047e+01  7.76785287e-02 
 2.23872114e+05 -4.47631985e+01  7.94878831e-02 
 2.29086765e+05 -4.47631919e+01  8.13393820e-02 
 2.34422882e+05 -4.47631851e+01  8.32340070e-02 
 2.39883292e+05 -4.47631779e+01  8.51727626e-02 
 2.45470892e+05 -4.47631704e+01  8.71566767e-02 
 2.51188643e+05 -4.47631625e+01  8.91868010e-02 
 2.57039578e+05 -4.47631542e+01  9.12642119e-02 
 2.63026799e+05 -4.47631456e+01  9.33900107e-02 
 2.69153480e+05 -4.47631365e+01  9.55653245e-02 
 2.75422870e+05 -4.47631271e+01  9.77913065e-02 
 2.81838293e+05 -4.47631171e+01  1.00069137e-01 
 2.88403150e+05 -4.47631068e+01  1.02400023e-01 
 2.95120923e+05 -4.47630959e+01  1.04785201e-01 
 3.01995172e+05 -4.47630845e+01  1.07225935e-01 
 3.09029543e+05 -4.47630726e+01  1.09723519e-01 
 3.16227766e+05 -4.47630601e+01  1.12279277e-01 
 3.23593657e+05 -4.47630470e+01  1.14894564e-01 
 3.31131121e+05 -4.47630333e+01  1.17570767e-01 
 3.38844156e+05 -4.47630190e+01  1.20309304e-01 
 3.46736850e+05 -4.47630039e+01  1.23111627e-01 
 3.54813389e+05 -4.47629882e+01  1.25979222e-01 
 3.63078055e+05 -4.47629718e+01  1.28913608e-01 
 3.71535229e+05 -4.47629545e+01  1.31916342e-01 
 3.80189396e+05 -4.47629365e+01  1.34989014e-01 
 3.89045145e+05 -4.47629176e+01  1.38133255e-01 
 3.98107171e+05 -4.47628978e+01  1.41350730e-01 
 4.07380278e+05 -4.47628770e+01  1.44643146e-01 
 4.16869383e+05 -4.47628553e+01  1.48012247e-01 
 4.26579519e+05 -4.47628326e+01  1.51459819e-01 
 4.36515832e+05 -4.47628088e+01  1.54987690e-01 
 4.46683592e+05 -4.47627839e+01  1.58597731e-01 
 4.57088190e+05 -4.47627578e+01  1.62291853e-01 
 4.67735141e+05 -4.47627305e+01  1.66072016e-01 
 4.78630092e+05 -4.47627019e+01  1.69940223e-01 
 4.89778819e+05 -4.47626719e+01  1.73898525e-01 
 5.01187234e+05 -4.47626406e+01  1.77949019e-01 
 5.12861384e+05 -4.47626077e+01  1.82093853e-01 
 5.24807460e+05 -4.47625733e+01  1.86335222e-01 
 5.37031796e+05 -4.47625373e+01  1.90675376e-01 
 5.49540874e+05 -4.47624996e+01  1.95116614e-01 
 5.62341325e+05 -4.47624601e+01  1.99661290e-01 
 5.75439937e+05 -4.47624187e+01  2.04311813e-01 
 5.88843655e+05 -4.47623754e+01  2.09070648e-01 
 6.02559586e+05 -4.47623301e+01  2.13940315e-01 
 6.16595002e+05 -4.47622826e+01  2.18923396e-01 
 6.30957344e+05 -4.47622329e+01  2.24022532e-01 
 6.45654229e+05 -4.47621808e+01  2.29240425e-01 
 6.60693448e+05 -4.47621263e+01  2.34579839e-01 
 6.76082975e+05 -4.47620692e+01  2.40043603e-01 
 6.91830971e+05 -4.47620095e+01  2.45634614e-01 
 7.07945784e+05 -4.47619469e+01  2.51355833e-01 
 7.24435960e+05 -4.47618813e+01  2.57210292e-01 
 7.41310241e+05 -4.47618127e+01  2.63201091e-01 
 7.58577575e+05 -4.47617408e+01  2.69331406e-01 
 7.76247117e+05 -4.47616656e+01  2.75604484e-01 
 7.94328235e+05 -4.47615868e+01  2.82023648e-01 
 8.12830516e+05 -4.47615043e+01  2.88592299e-01 
 8.31763771e+05 -4.47614179e+01  2.95313916e-01 
 8.51138038e+05 -4.47613274e+01  3.02192059e-01 
 8.70963590e+05 -4.47612327e+01  3.09230371e-01 
 8.91250938e+05 -4.47611335e+01  3.16432581e-01 
 9.12010839e+05 -4.47610296e+01  3.23802503e-01 
 9.33254301e+05 -4.47609209e+01  3.31344039e-01 
 9.54992586e+05 -4.47608070e+01  3.39061183e-01 
 9.77237221e+05 -4.47606877e+01  3.46958022e-01 
 1.00000000e+06 -4.47605628e+01  3.55038737e-01 
 1.02329299e+06 -4.47604321e+01  3.63307606e-01 
 1.04712855e+06 -4.47602952e+01  3.71769007e-01 
 1.07151931e+06 -4.47601518e+01  3.80427419e-01 
 1.09647820e+06 -4.47600017e+01  3.89287425e-01 
 1.12201845e+06 -4.47598445e+01  3.98353716e-01 
 1.14815362e+06 -4.47596798e+01  4.07631089e-01 
 1.17489755e+06 -4.47595075e+01  4.17124455e-01 
 1.20226443e+06 -4.47593270e+01  4.26838836e-01 
 1.23026877e+06 -4.47591380e+01  4.36779373e-01 
 1.25892541e+06 -4.47589401e+01  4.46951324e-01 
 1.28824955e+06 -4.47587329e+01  4.57360072e-01 
 1.31825674e+06 -4.47585159e+01  4.68011122e-01 
 1.34896288e+06 -4.47582887e+01  4.78910106e-01 
 1.38038426e+06 -4.47580507e+01  4.90062789e-01 
 1.41253754e+06 -4.47578016e+01  5.01475068e-01 
 1.44543977e+06 -4.47575408e+01  5.13152977e-01 
 1.47910839e+06 -4.47572676e+01  5.25102688e-01 
 1.51356125e+06 -4.47569816e+01  5.37330518e-01 
 1.54881662e+06 -4.47566821e+01  5.49842929e-01 
 1.58489319e+06 -4.47563684e+01  5.62646532e-01 
 1.62181010e+06 -4.47560401e+01  5.75748092e-01 
 1.65958691e+06 -4.47556962e+01  5.89154528e-01 
 1.69824365e+06 -4.47553361e+01  6.02872922e-01 
 1.73780083e+06 -4.47549591e+01  6.16910517e-01 
 1.77827941e+06 -4.47545643e+01  6.31274723e-01 
 1.81970086e+06 -4.47541509e+01  6.45973122e-01 
 1.86208714e+06 -4.47537181e+01  6.61013471e-01 
 1.90546072e+06 -4.47532648e+01  6.76403704e-01 
 1.94984460e+06 -4.47527902e+01  6.92151939e-01 
 1.99526231e+06 -4.47522932e+01  7.08266481e-01 
 2.04173794e+06 -4.47517729e+01  7.24755824e-01 
 2.08929613e+06 -4.47512280e+01  7.41628660e-01 
 2.13796209e+06 -4.47506574e+01  7.58893880e-01 
 2.18776162e+06 -4.47500600e+01  7.76560576e-01 
 2.23872114e+06 -4.47494345e+01  7.94638052e-01 
 2.29086765e+06 -4.47487794e+01  8.13135825e-01 
 2.34422882e+06 -4.47480936e+01  8.32063628e-01 
 2.39883292e+06 -4.47473754e+01  8.51431418e-01 
 2.45470892e+06 -4.47466234e+01  8.71249379e-01 
 2.51188643e+06 -4.47458360e+01  8.91527929e-01 
 2.57039578e+06 -4.47450115e+01  9.12277722e-01 
 2.63026799e+06 -4.47441482e+01  9.33509656e-01 
 2.69153480e+06 -4.47432442e+01  9.55234878e-01 
 2.75422870e+06 -4.47422977e+01  9.77464786e-01 
 2.81838293e+06 -4.47413066e+01  1.00021104e+00 
 2.88403150e+06 -4.47402688e+01  1.02348556e+00 
 2.95120923e+06 -4.47391822e+01  1.04730054e+00 
 3.01995172e+06 -4.47380444e+01  1.07166846e+00 
 3.09029543e+06 -4.47368531e+01  1.09660205e+00 
 3.16227766e+06 -4.47356057e+01  1.12211437e+00 
 3.23593657e+06 -4.47342996e+01  1.14821875e+00 
 3.31131121e+06 -4.47329320e+01  1.17492881e+00 
 3.38844156e+06 -4.47315000e+01  1.20225851e+00 
 3.46736850e+06 -4.47300006e+01  1.23022208e+00 
 3.54813389e+06 -4.47284307e+01  1.25883411e+00 
 3.63078055e+06 -4.47267869e+01  1.28810949e+00 
 3.71535229e+06 -4.47250658e+01  1.31806344e+00 
 3.80189396e+06 -4.47232637e+01  1.34871155e+00 
 3.89045145e+06 -4.47213768e+01  1.38006972e+00 
 3.98107171e+06 -4.47194012e+01  1.41215421e+00 
 4.07380278e+06 -4.47173326e+01  1.44498166e+00 
 4.16869383e+06 -4.47151668e+01  1.47856906e+00 
 4.26579519e+06 -4.47128991e+01  1.51293377e+00 
 4.36515832e+06 -4.47105247e+01  1.54809353e+00 
 4.46683592e+06 -4.47080388e+01  1.58406649e+00 
 4.57088190e+06 -4.47054359e+01  1.62087118e+00 
 4.67735141e+06 -4.47027108e+01  1.65852652e+00 
 4.78630092e+06 -4.46998575e+01  1.69705185e+00 
 4.89778819e+06 -4.46968702e+01  1.73646694e+00 
 5.01187234e+06 -4.46937424e+01  1.77679196e+00 
 5.12861384e+06 -4.46904678e+01  1.81804753e+00 
 5.24807460e+06 -4.46870393e+01  1.86025470e+00 
 5.37031796e+06 -4.46834498e+01  1.90343497e+00 
 5.49540874e+06 -4.46796917e+01  1.94761029e+00 
 5.62341325e+06 -4.46757572e+01  1.99280307e+00 
 5.75439937e+06 -4.46716380e+01  2.03903620e+00 
 5.88843655e+06 -4.46673255e+01  2.08633303e+00 
 6.02559586e+06 -4.46628106e+01  2.13471739e+00 
 6.16595002e+06 -4.46580839e+01  2.18421360e+00 
 6.30957344e+06 -4.46531354e+01  2.23484650e+00 
 6.45654229e+06 -4.46479550e+01  2.28664140e+00 
 6.60693448e+06 -4.46425316e+01  2.33962414e+00 
 6.76082975e+06 -4.46368540e+01  2.39382104e+00 
 6.91830971e+06 -4.46309104e+01  2.44925899e+00 
 7.07945784e+06 -4.46246884e+01  2.50596536e+00 
 7.24435960e+06 -4.46181749e+01  2.56396809e+00 
 7.41310241e+06 -4.46113565e+01  2.62329561e+00 
 7.58577575e+06 -4.46042189e+01  2.68397694e+00 
 7.76247117e+06 -4.45967474e+01  2.74604160e+00 
 7.94328235e+06 -4.45889263e+01  2.80951968e+00 
 8.12830516e+06 -4.45807396e+01  2.87444183e+00 
 8.31763771e+06 -4.45721702e+01  2.94083922e+00 
 8.51138038e+06 -4.45632005e+01  3.00874361e+00 
 8.70963590e+06 -4.45538118e+01  3.07818729e+00 
 8.91250938e+06 -4.45439848e+01  3.14920311e+00 
 9.12010839e+06 -4.45336993e+01  3.22182448e+00 
 9.33254301e+06 -4.45229340e+01  3.29608536e+00 
 9.54992586e+06 -4.45116669e+01  3.37202027e+00 
 9.77237221e+06 -4.44998748e+01  3.44966425e+00 
 1.00000000e+07 -4.44875335e+01  3.52905291e+00 
 1.02329299e+07 -4.44746178e+01  3.61022237e+00 
 1.04712855e+07 -4.44611014e+01  3.69320931e+00 
 1.07151931e+07 -4.44469566e+01  3.77805088e+00 
 1.09647820e+07 -4.44321547e+01  3.86478479e+00 
 1.12201845e+07 -4.44166656e+01  3.95344919e+00 
 1.14815362e+07 -4.44004579e+01  4.04408276e+00 
 1.17489755e+07 -4.43834988e+01  4.13672460e+00 
 1.20226443e+07 -4.43657542e+01  4.23141428e+00 
 1.23026877e+07 -4.43471882e+01  4.32819178e+00 
 1.25892541e+07 -4.43277637e+01  4.42709748e+00 
 1.28824955e+07 -4.43074416e+01  4.52817214e+00 
 1.31825674e+07 -4.42861815e+01  4.63145685e+00 
 1.34896288e+07 -4.42639409e+01  4.73699301e+00 
 1.38038426e+07 -4.42406758e+01  4.84482230e+00 
 1.41253754e+07 -4.42163400e+01  4.95498663e+00 
 1.44543977e+07 -4.41908855e+01  5.06752811e+00 
 1.47910839e+07 -4.41642623e+01  5.18248896e+00 
 1.51356125e+07 -4.41364182e+01  5.29991154e+00 
 1.54881662e+07 -4.41072989e+01  5.41983820e+00 
 1.58489319e+07 -4.40768478e+01  5.54231128e+00 
 1.62181010e+07 -4.40450059e+01  5.66737304e+00 
 1.65958691e+07 -4.40117119e+01  5.79506555e+00 
 1.69824365e+07 -4.39769018e+01  5.92543066e+00 
 1.73780083e+07 -4.39405093e+01  6.05850988e+00 
 1.77827941e+07 -4.39024652e+01  6.19434430e+00 
 1.81970086e+07 -4.38626976e+01  6.33297451e+00 
 1.86208714e+07 -4.38211317e+01  6.47444048e+00 
 1.90546072e+07 -4.37776900e+01  6.61878143e+00 
 1.94984460e+07 -4.37322917e+01  6.76603575e+00 
 1.99526231e+07 -4.36848531e+01  6.91624085e+00 
 2.04173794e+07 -4.36352873e+01  7.06943301e+00 
 2.08929613e+07 -4.35835041e+01  7.22564728e+00 
 2.13796209e+07 -4.35294100e+01  7.38491727e+00 
 2.18776162e+07 -4.34729080e+01  7.54727500e+00 
 2.23872114e+07 -4.34138977e+01  7.71275076e+00 
 2.29086765e+07 -4.33522752e+01  7.88137288e+00 
 2.34422882e+07 -4.32879328e+01  8.05316756e+00 
 2.39883292e+07 -4.32207593e+01  8.22815863e+00 
 2.45470892e+07 -4.31506396e+01  8.40636737e+00 
 2.51188643e+07 -4.30774549e+01  8.58781226e+00 
 2.57039578e+07 -4.30010827e+01  8.77250871e+00 
 2.63026799e+07 -4.29213962e+01  8.96046884e+00 
 2.69153480e+07 -4.28382653e+01  9.15170121e+00 
 2.75422870e+07 -4.27515556e+01  9.34621049e+00 
 2.81838293e+07 -4.26611290e+01  9.54399723e+00 
 2.88403150e+07 -4.25668433e+01  9.74505748e+00 
 2.95120923e+07 -4.24685528e+01  9.94938255e+00 
 3.01995172e+07 -4.23661076e+01  1.01569586e+01 
 3.09029543e+07 -4.22593545e+01  1.03677663e+01 
 3.16227766e+07 -4.21481361e+01  1.05817806e+01 
 3.23593657e+07 -4.20322921e+01  1.07989701e+01 
 3.31131121e+07 -4.19116582e+01  1.10192970e+01 
 3.38844156e+07 -4.17860671e+01  1.12427163e+01 
 3.46736850e+07 -4.16553485e+01  1.14691760e+01 
 3.54813389e+07 -4.15193290e+01  1.16986159e+01 
 3.63078055e+07 -4.13778326e+01  1.19309680e+01 
 3.71535229e+07 -4.12306812e+01  1.21661554e+01 
 3.80189396e+07 -4.10776942e+01  1.24040922e+01 
 3.89045145e+07 -4.09186896e+01  1.26446834e+01 
 3.98107171e+07 -4.07534840e+01  1.28878237e+01 
 4.07380278e+07 -4.05818930e+01  1.31333977e+01 
 4.16869383e+07 -4.04037317e+01  1.33812794e+01 
 4.26579519e+07 -4.02188154e+01  1.36313316e+01 
 4.36515832e+07 -4.00269599e+01  1.38834055e+01 
 4.46683592e+07 -3.98279822e+01  1.41373408e+01 
 4.57088190e+07 -3.96217011e+01  1.43929648e+01 
 4.67735141e+07 -3.94079378e+01  1.46500922e+01 
 4.78630092e+07 -3.91865171e+01  1.49085251e+01 
 4.89778819e+07 -3.89572675e+01  1.51680526e+01 
 5.01187234e+07 -3.87200224e+01  1.54284503e+01 
 5.12861384e+07 -3.84746210e+01  1.56894807e+01 
 5.24807460e+07 -3.82209092e+01  1.59508925e+01 
 5.37031796e+07 -3.79587403e+01  1.62124210e+01 
 5.49540874e+07 -3.76879765e+01  1.64737879e+01 
 5.62341325e+07 -3.74084892e+01  1.67347015e+01 
 5.75439937e+07 -3.71201609e+01  1.69948564e+01 
 5.88843655e+07 -3.68228856e+01  1.72539346e+01 
 6.02559586e+07 -3.65165703e+01  1.75116051e+01 
 6.16595002e+07 -3.62011360e+01  1.77675244e+01 
 6.30957344e+07 -3.58765189e+01  1.80213374e+01 
 6.45654229e+07 -3.55426713e+01  1.82726776e+01 
 6.60693448e+07 -3.51995629e+01  1.85211679e+01 
 6.76082975e+07 -3.48471821e+01  1.87664218e+01 
 6.91830971e+07 -3.44855365e+01  1.90080437e+01 
 7.07945784e+07 -3.41146545e+01  1.92456302e+01 
 7.24435960e+07 -3.37345860e+01  1.94787717e+01 
 7.41310241e+07 -3.33454033e+01  1.97070528e+01 
 7.58577575e+07 -3.29472021e+01  1.99300543e+01 
 7.76247117e+07 -3.25401020e+01  2.01473545e+01 
 7.94328235e+07 -3.21242474e+01  2.03585307e+01 
 8.12830516e+07 -3.16998077e+01  2.05631608e+01 
 8.31763771e+07 -3.12669784e+01  2.07608251e+01 
 8.51138038e+07 -3.08259805e+01  2.09511082e+01 
 8.70963590e+07 -3.03770611e+01  2.11336005e+01 
 8.91250938e+07 -2.99204936e+01  2.13079008e+01 
 9.12010839e+07 -2.94565771e+01  2.14736174e+01 
 9.33254301e+07 -2.89856362e+01  2.16303706e+01 
 9.54992586e+07 -2.85080205e+01  2.17777945e+01 
 9.77237221e+07 -2.80241041e+01  2.19155390e+01 
 1.00000000e+08 -2.75342844e+01  2.20432717e+01 
 1.02329299e+08 -2.70389812e+01  2.21606797e+01 
 1.04712855e+08 -2.65386355e+01  2.22674714e+01 
 1.07151931e+08 -2.60337083e+01  2.23633783e+01 
 1.09647820e+08 -2.55246786e+01  2.24481565e+01 
 1.12201845e+08 -2.50120423e+01  2.25215884e+01 
 1.14815362e+08 -2.44963096e+01  2.25834835e+01 
 1.17489755e+08 -2.39780039e+01  2.26336804e+01 
 1.20226443e+08 -2.34576592e+01  2.26720468e+01 
 1.23026877e+08 -2.29358178e+01  2.26984815e+01 
 1.25892541e+08 -2.24130287e+01  2.27129141e+01 
 1.28824955e+08 -2.18898445e+01  2.27153058e+01 
 1.31825674e+08 -2.13668199e+01  2.27056497e+01 
 1.34896288e+08 -2.08445086e+01  2.26839709e+01 
 1.38038426e+08 -2.03234614e+01  2.26503261e+01 
 1.41253754e+08 -1.98042238e+01  2.26048034e+01 
 1.44543977e+08 -1.92873336e+01  2.25475217e+01 
 1.47910839e+08 -1.87733189e+01  2.24786299e+01 
 1.51356125e+08 -1.82626958e+01  2.23983062e+01 
 1.54881662e+08 -1.77559666e+01  2.23067564e+01 
 1.58489319e+08 -1.72536177e+01  2.22042134e+01 
 1.62181010e+08 -1.67561179e+01  2.20909353e+01 
 1.65958691e+08 -1.62639170e+01  2.19672036e+01 
 1.69824365e+08 -1.57774438e+01  2.18333224e+01 
 1.73780083e+08 -1.52971057e+01  2.16896156e+01 
 1.77827941e+08 -1.48232867e+01  2.15364261e+01 
 1.81970086e+08 -1.43563468e+01  2.13741129e+01 
 1.86208714e+08 -1.38966216e+01  2.12030500e+01 
 1.90546072e+08 -1.34444209e+01  2.10236239e+01 
 1.94984460e+08 -1.30000293e+01  2.08362319e+01 
 1.99526231e+08 -1.25637049e+01  2.06412800e+01 
 2.04173794e+08 -1.21356801e+01  2.04391813e+01 
 2.08929613e+08 -1.17161610e+01  2.02303535e+01 
 2.13796209e+08 -1.13053282e+01  2.00152179e+01 
 2.18776162e+08 -1.09033367e+01  1.97941967e+01 
 2.23872114e+08 -1.05103167e+01  1.95677122e+01 
 2.29086765e+08 -1.01263740e+01  1.93361847e+01 
 2.34422882e+08 -9.75159068e+00  1.91000310e+01 
 2.39883292e+08 -9.38602622e+00  1.88596632e+01 
 2.45470892e+08 -9.02971802e+00  1.86154874e+01 
 2.51188643e+08 -8.68268253e+00  1.83679022e+01 
 2.57039578e+08 -8.34491621e+00  1.81172980e+01 
 2.63026799e+08 -8.01639659e+00  1.78640558e+01 
 2.69153480e+08 -7.69708337e+00  1.76085464e+01 
 2.75422870e+08 -7.38691950e+00  1.73511298e+01 
 2.81838293e+08 -7.08583232e+00  1.70921541e+01 
 2.88403150e+08 -6.79373470e+00  1.68319555e+01 
 2.95120923e+08 -6.51052613e+00  1.65708574e+01 
 3.01995172e+08 -6.23609389e+00  1.63091703e+01 
 3.09029543e+08 -5.97031410e+00  1.60471916e+01 
 3.16227766e+08 -5.71305279e+00  1.57852049e+01 
 3.23593657e+08 -5.46416701e+00  1.55234806e+01 
 3.31131121e+08 -5.22350574e+00  1.52622755e+01 
 3.38844156e+08 -4.99091096e+00  1.50018325e+01 
 3.46736850e+08 -4.76621853e+00  1.47423816e+01 
 3.54813389e+08 -4.54925910e+00  1.44841389e+01 
 3.63078055e+08 -4.33985893e+00  1.42273077e+01 
 3.71535229e+08 -4.13784073e+00  1.39720784e+01 
 3.80189396e+08 -3.94302440e+00  1.37186286e+01 
 3.89045145e+08 -3.75522771e+00  1.34671237e+01 
 3.98107171e+08 -3.57426702e+00  1.32177170e+01 
 4.07380278e+08 -3.39995782e+00  1.29705504e+01 
 4.16869383e+08 -3.23211534e+00  1.27257542e+01 
 4.26579519e+08 -3.07055509e+00  1.24834482e+01 
 4.36515832e+08 -2.91509329e+00  1.22437414e+01 
 4.46683592e+08 -2.76554735e+00  1.20067331e+01 
 4.57088190e+08 -2.62173625e+00  1.17725126e+01 
 4.67735141e+08 -2.48348089e+00  1.15411602e+01 
 4.78630092e+08 -2.35060443e+00  1.13127475e+01 
 4.89778819e+08 -2.22293255e+00  1.10873376e+01 
 5.01187234e+08 -2.10029375e+00  1.08649855e+01 
 5.12861384e+08 -1.98251951e+00  1.06457391e+01 
 5.24807460e+08 -1.86944451e+00  1.04296387e+01 
 5.37031796e+08 -1.76090683e+00  1.02167180e+01 
 5.49540874e+08 -1.65674801e+00  1.00070046e+01 
 5.62341325e+08 -1.55681324e+00  9.80051978e+00 
 5.75439937e+08 -1.46095141e+00  9.59727933e+00 
 5.88843655e+08 -1.36901521e+00  9.39729378e+00 
 6.02559586e+08 -1.28086114e+00  9.20056873e+00 
 6.16595002e+08 -1.19634960e+00  9.00710516e+00 
 6.30957344e+08 -1.11534487e+00  8.81689978e+00 
 6.45654229e+08 -1.03771514e+00  8.62994531e+00 
 6.60693448e+08 -9.63332494e-01  8.44623077e+00 
 6.76082975e+08 -8.92072905e-01  8.26574178e+00 
 6.91830971e+08 -8.23816186e-01  8.08846076e+00 
 7.07945784e+08 -7.58445970e-01  7.91436727e+00 
 7.24435960e+08 -6.95849657e-01  7.74343817e+00 
 7.41310241e+08 -6.35918368e-01  7.57564788e+00 
 7.58577575e+08 -5.78546881e-01  7.41096861e+00 
 7.76247117e+08 -5.23633569e-01  7.24937053e+00 
 7.94328235e+08 -4.71080332e-01  7.09082196e+00 
 8.12830516e+08 -4.20792525e-01  6.93528958e+00 
 8.31763771e+08 -3.72678882e-01  6.78273859e+00 
 8.51138038e+08 -3.26651434e-01  6.63313284e+00 
 8.70963590e+08 -2.82625436e-01  6.48643504e+00 
 8.91250938e+08 -2.40519276e-01  6.34260682e+00 
 9.12010839e+08 -2.00254400e-01  6.20160895e+00 
 9.33254301e+08 -1.61755222e-01  6.06340138e+00 
 9.54992586e+08 -1.24949041e-01  5.92794344e+00 
 9.77237221e+08 -8.97659598e-02  5.79519385e+00 
 1.00000000e+09 -5.61387956e-02  5.66511092e+00 
 1.02329299e+09 -2.40029992e-02  5.53765258e+00 
 1.04712855e+09  6.70342876e-03  5.41277647e+00 
 1.07151931e+09  3.60400201e-02  5.29044004e+00 
 1.09647820e+09  6.40639204e-02  5.17060064e+00 
 1.12201845e+09  9.08299684e-02  5.05321554e+00 
 1.14815362e+09  1.16390775e-01  4.93824202e+00 
 1.17489755e+09  1.40796800e-01  4.82563745e+00 
 1.20226443e+09  1.64096427e-01  4.71535929e+00 
 1.23026877e+09  1.86336039e-01  4.60736521e+00 
 1.25892541e+09  2.07560086e-01  4.50161306e+00 
 1.28824955e+09  2.27811161e-01  4.39806096e+00 
 1.31825674e+09  2.47130065e-01  4.29666734e+00 
 1.34896288e+09  2.65555871e-01  4.19739094e+00 
 1.38038426e+09  2.83125994e-01  4.10019087e+00 
 1.41253754e+09  2.99876249e-01  4.00502660e+00 
 1.44543977e+09  3.15840915e-01  3.91185806e+00 
 1.47910839e+09  3.31052789e-01  3.82064557e+00 
 1.51356125e+09  3.45543250e-01  3.73134992e+00 
 1.54881662e+09  3.59342306e-01  3.64393237e+00 
 1.58489319e+09  3.72478652e-01  3.55835467e+00 
 1.62181010e+09  3.84979720e-01  3.47457906e+00 
 1.65958691e+09  3.96871725e-01  3.39256831e+00 
 1.69824365e+09  4.08179719e-01  3.31228568e+00 
 1.73780083e+09  4.18927629e-01  3.23369498e+00 
 1.77827941e+09  4.29138306e-01  3.15676056e+00 
 1.81970086e+09  4.38833566e-01  3.08144729e+00 
 1.86208714e+09  4.48034228e-01  3.00772060e+00 
 1.90546072e+09  4.56760155e-01  2.93554646e+00 
 1.94984460e+09  4.65030290e-01  2.86489141e+00 
 1.99526231e+09  4.72862692e-01  2.79572253e+00 
 2.04173794e+09  4.80274568e-01  2.72800744e+00 
 2.08929613e+09  4.87282310e-01  2.66171434e+00 
 2.13796209e+09  4.93901521e-01  2.59681197e+00 
 2.18776162e+09  5.00147047e-01  2.53326961e+00 
 2.23872114e+09  5.06033006e-01  2.47105710e+00 
 2.29086765e+09  5.11572812e-01  2.41014485e+00 
 2.34422882e+09  5.16779205e-01  2.35050379e+00 
 2.39883292e+09  5.21664273e-01  2.29210539e+00 
 2.45470892e+09  5.26239475e-01  2.23492169e+00 
 2.51188643e+09  5.30515668e-01  2.17892526e+00 
 2.57039578e+09  5.34503121e-01  2.12408918e+00 
 2.63026799e+09  5.38211544e-01  2.07038710e+00 
 2.69153480e+09  5.41650101e-01  2.01779319e+00 
 2.75422870e+09  5.44827435e-01  1.96628214e+00 
 2.81838293e+09  5.47751681e-01  1.91582918e+00 
 2.88403150e+09  5.50430486e-01  1.86641006e+00 
 2.95120923e+09  5.52871029e-01  1.81800104e+00 
 3.01995172e+09  5.55080031e-01  1.77057893e+00 
 3.09029543e+09  5.57063778e-01  1.72412103e+00 
 3.16227766e+09  5.58828130e-01  1.67860518e+00 
 3.23593657e+09  5.60378542e-01  1.63400972e+00 
 3.31131121e+09  5.61720077e-01  1.59031350e+00 
 3.38844156e+09  5.62857417e-01  1.54749591e+00 
 3.46736850e+09  5.63794885e-01  1.50553682e+00 
 3.54813389e+09  5.64536453e-01  1.46441664e+00 
 3.63078055e+09  5.65085758e-01  1.42411627e+00 
 3.71535229e+09  5.65446117e-01  1.38461714e+00 
 3.80189396e+09  5.65620542e-01  1.34590118e+00 
 3.89045145e+09  5.65611751e-01  1.30795083e+00 
 3.98107171e+09  5.65422187e-01  1.27074905e+00 
 4.07380278e+09  5.65054029e-01  1.23427930e+00 
 4.16869383e+09  5.64509206e-01  1.19852556e+00 
 4.26579519e+09  5.63789418e-01  1.16347232e+00 
 4.36515832e+09  5.62896141e-01  1.12910457e+00 
 4.46683592e+09  5.61830654e-01  1.09540783e+00 
 4.57088190e+09  5.60594046e-01  1.06236812e+00 
 4.67735141e+09  5.59187235e-01  1.02997196e+00 
 4.78630092e+09  5.57610986e-01  9.98206413e-01 
 4.89778819e+09  5.55865928e-01  9.67059016e-01 
 5.01187234e+09  5.53952566e-01  9.36517831e-01 
 5.12861384e+09  5.51871306e-01  9.06571424e-01 
 5.24807460e+09  5.49622470e-01  8.77208865e-01 
 5.37031796e+09  5.47206312e-01  8.48419723e-01 
 5.49540874e+09  5.44623041e-01  8.20194066e-01 
 5.62341325e+09  5.41872839e-01  7.92522456e-01 
 5.75439937e+09  5.38955879e-01  7.65395942e-01 
 5.88843655e+09  5.35872349e-01  7.38806056e-01 
 6.02559586e+09  5.32622466e-01  7.12744807e-01 
 6.16595002e+09  5.29206504e-01  6.87204670e-01 
 6.30957344e+09  5.25624810e-01  6.62178581e-01 
 6.45654229e+09  5.21877823e-01  6.37659921e-01 
 6.60693448e+09  5.17966102e-01  6.13642513e-01 
 6.76082975e+09  5.13890338e-01  5.90120599e-01 
 6.91830971e+09  5.09651381e-01  5.67088836e-01 
 7.07945784e+09  5.05250258e-01  5.44542273e-01 
 7.24435960e+09  5.00688190e-01  5.22476337e-01 
 7.41310241e+09  4.95966614e-01  5.00886813e-01 
 7.58577575e+09  4.91087203e-01  4.79769825e-01 
 7.76247117e+09  4.86051876e-01  4.59121815e-01 
 7.94328235e+09  4.80862824e-01  4.38939518e-01 
 8.12830516e+09  4.75522515e-01  4.19219939e-01 
 8.31763771e+09  4.70033717e-01  3.99960326e-01 
 8.51138038e+09  4.64399502e-01  3.81158143e-01 
 8.70963590e+09  4.58623261e-01  3.62811042e-01 
 8.91250938e+09  4.52708712e-01  3.44916833e-01 
 9.12010839e+09  4.46659903e-01  3.27473455e-01 
 9.33254301e+09  4.40481219e-01  3.10478941e-01 
 9.54992586e+09  4.34177383e-01  2.93931392e-01 
 9.77237221e+09  4.27753455e-01  2.77828939e-01 
 1.00000000e+10  4.21214829e-01  2.62169713e-01 
 1.02329299e+10  4.14567227e-01  2.46951814e-01 
 1.04712855e+10  4.07816691e-01  2.32173276e-01 
 1.07151931e+10  4.00969569e-01  2.17832040e-01 
 1.09647820e+10  3.94032506e-01  2.03925919e-01 
 1.12201845e+10  3.87012426e-01  1.90452569e-01 
 1.14815362e+10  3.79916510e-01  1.77409463e-01 
 1.17489755e+10  3.72752180e-01  1.64793865e-01 
 1.20226443e+10  3.65527070e-01  1.52602801e-01 
 1.23026877e+10  3.58249006e-01  1.40833042e-01 
 1.25892541e+10  3.50925976e-01  1.29481079e-01 
 1.28824955e+10  3.43566098e-01  1.18543108e-01 
 1.31825674e+10  3.36177597e-01  1.08015015e-01 
 1.34896288e+10  3.28768766e-01  9.78923625e-02 
 1.38038426e+10  3.21347939e-01  8.81703799e-02 
 1.41253754e+10  3.13923452e-01  7.88439593e-02 
 1.44543977e+10  3.06503618e-01  6.99076504e-02 
 1.47910839e+10  2.99096689e-01  6.13556610e-02 
 1.51356125e+10  2.91710820e-01  5.31818597e-02 
 1.54881662e+10  2.84354045e-01  4.53797814e-02 
 1.58489319e+10  2.77034240e-01  3.79426361e-02 
 1.62181010e+10  2.69759096e-01  3.08633203e-02 
 1.65958691e+10  2.62536087e-01  2.41344305e-02 
 1.69824365e+10  2.55372448e-01  1.77482794e-02 
 1.73780083e+10  2.48275149e-01  1.16969146e-02 
 1.77827941e+10  2.41250869e-01  5.97213858e-03 
 1.81970086e+10  2.34305980e-01  5.65530600e-04 
 1.86208714e+10  2.27446527e-01 -4.53152991e-03 
 1.90546072e+10  2.20678211e-01 -9.32783887e-03 
 1.94984460e+10  2.14006381e-01 -1.38323422e-02 
 1.99526231e+10  2.07436017e-01 -1.80541099e-02 
 2.04173794e+10  2.00971727e-01 -2.20023096e-02 
 2.08929613e+10  1.94617739e-01 -2.56861804e-02 
 2.13796209e+10  1.88377899e-01 -2.91150061e-02 
 2.18776162e+10  1.82255669e-01 -3.22980899e-02 
 2.23872114e+10  1.76254131e-01 -3.52447285e-02 
 2.29086765e+10  1.70375988e-01 -3.79641880e-02 
 2.34422882e+10  1.64623572e-01 -4.04656799e-02 
 2.39883292e+10  1.58998847e-01 -4.27583387e-02 
 2.45470892e+10  1.53503426e-01 -4.48512005e-02 
 2.51188643e+10  1.48138573e-01 -4.67531830e-02 
 2.57039578e+10  1.42905219e-01 -4.84730671e-02 
 2.63026799e+10  1.37803978e-01 -5.00194792e-02 
 2.69153480e+10  1.32835154e-01 -5.14008765e-02 
 2.75422870e+10  1.27998760e-01 -5.26255318e-02 
 2.81838293e+10  1.23294536e-01 -5.37015219e-02 
 2.88403150e+10  1.18721959e-01 -5.46367160e-02 
 2.95120923e+10  1.14280261e-01 -5.54387667e-02 
 3.01995172e+10  1.09968451e-01 -5.61151016e-02 
 3.09029543e+10  1.05785323e-01 -5.66729170e-02 
 3.16227766e+10  1.01729477e-01 -5.71191725e-02 
 3.23593657e+10  9.77993375e-02 -5.74605875e-02 
 3.31131121e+10  9.39931630e-02 -5.77036381e-02 
 3.38844156e+10  9.03090673e-02 -5.78545561e-02 
 3.46736850e+10  8.67450324e-02 -5.79193282e-02 
 3.54813389e+10  8.32989233e-02 -5.79036971e-02 
 3.63078055e+10  7.99685024e-02 -5.78131627e-02 
 3.71535229e+10  7.67514433e-02 -5.76529846e-02 
 3.80189396e+10  7.36453433e-02 -5.74281853e-02 
 3.89045145e+10  7.06477358e-02 -5.71435540e-02 
 3.98107171e+10  6.77561023e-02 -5.68036512e-02 
 4.07380278e+10  6.49678829e-02 -5.64128134e-02 
 4.16869383e+10  6.22804871e-02 -5.59751585e-02 
 4.26579519e+10  5.96913026e-02 -5.54945920e-02 
 4.36515832e+10  5.71977051e-02 -5.49748126e-02 
 4.46683592e+10  5.47970659e-02 -5.44193189e-02 
 4.57088190e+10  5.24867600e-02 -5.38314159e-02 
 4.67735141e+10  5.02641726e-02 -5.32142217e-02 
 4.78630092e+10  4.81267059e-02 -5.25706743e-02 
 4.89778819e+10  4.60717845e-02 -5.19035386e-02 
 5.01187234e+10  4.40968609e-02 -5.12154131e-02 
 5.12861384e+10  4.21994201e-02 -5.05087371e-02 
 5.24807460e+10  4.03769837e-02 -4.97857975e-02 
 5.37031796e+10  3.86271139e-02 -4.90487351e-02 
 5.49540874e+10  3.69474161e-02 -4.82995522e-02 
 5.62341325e+10  3.53355425e-02 -4.75401183e-02 
 5.75439937e+10  3.37891939e-02 -4.67721769e-02 
 5.88843655e+10  3.23061220e-02 -4.59973519e-02 
 6.02559586e+10  3.08841312e-02 -4.52171537e-02 
 6.16595002e+10  2.95210799e-02 -4.44329850e-02 
 6.30957344e+10  2.82148812e-02 -4.36461464e-02 
 6.45654229e+10  2.69635046e-02 -4.28578425e-02 
 6.60693448e+10  2.57649755e-02 -4.20691871e-02 
 6.76082975e+10  2.46173766e-02 -4.12812082e-02 
 6.91830971e+10  2.35188469e-02 -4.04948531e-02 
 7.07945784e+10  2.24675827e-02 -3.97109936e-02 
 7.24435960e+10  2.14618368e-02 -3.89304299e-02 
 7.41310241e+10  2.04999181e-02 -3.81538958e-02 
 7.58577575e+10  1.95801912e-02 -3.73820625e-02 
 7.76247117e+10  1.87010758e-02 -3.66155429e-02 
 7.94328235e+10  1.78610459e-02 -3.58548951e-02 
 8.12830516e+10  1.70586289e-02 -3.51006268e-02 
 8.31763771e+10  1.62924045e-02 -3.43531983e-02 
 8.51138038e+10  1.55610040e-02 -3.36130259e-02 
 8.70963590e+10  1.48631089e-02 -3.28804855e-02 
 8.91250938e+10  1.41974500e-02 -3.21559152e-02 
 9.12010839e+10  1.35628057e-02 -3.14396188e-02 
 9.33254301e+10  1.29580012e-02 -3.07318680e-02 
 9.54992586e+10  1.23819072e-02 -3.00329052e-02 
 9.77237221e+10  1.18334380e-02 -2.93429464e-02 
 1.00000000e+11  1.13115507e-02 -2.86621829e-02 
 1.02329299e+11  1.08152432e-02 -2.79907842e-02 
 1.04712855e+11  1.03435533e-02 -2.73288995e-02 
 1.07151931e+11  9.89555694e-03 -2.66766602e-02 
 1.09647820e+11  9.47036645e-03 -2.60341815e-02 
 1.12201845e+11  9.06712939e-03 -2.54015641e-02 
 1.14815362e+11  8.68502678e-03 -2.47788962e-02 
 1.17489755e+11  8.32327154e-03 -2.41662545e-02 
 1.20226443e+11  7.98110691e-03 -2.35637059e-02 
 1.23026877e+11  7.65780481e-03 -2.29713088e-02 
 1.25892541e+11  7.35266425e-03 -2.23891140e-02 
 1.28824955e+11  7.06500966e-03 -2.18171659e-02 
 1.31825674e+11  6.79418926e-03 -2.12555034e-02 
 1.34896288e+11  6.53957348e-03 -2.07041607e-02 
 1.38038426e+11  6.30055327e-03 -2.01631676e-02 
 1.41253754e+11  6.07653859e-03 -1.96325505e-02 
 1.44543977e+11  5.86695679e-03 -1.91123322e-02 
 1.47910839e+11  5.67125111e-03 -1.86025328e-02 
 1.51356125e+11  5.48887919e-03 -1.81031690e-02 
 1.54881662e+11  5.31931172e-03 -1.76142547e-02 
 1.58489319e+11  5.16203103e-03 -1.71358005e-02 
 1.62181010e+11  5.01652996e-03 -1.66678134e-02 
 1.65958691e+11  4.88231064e-03 -1.62102966e-02 
 1.69824365e+11  4.75888354e-03 -1.57632486e-02 
 1.73780083e+11  4.64576658e-03 -1.53266629e-02 
 1.77827941e+11  4.54248443e-03 -1.49005269e-02 
 1.81970086e+11  4.44856791e-03 -1.44848218e-02 
 1.86208714e+11  4.36355362e-03 -1.40795211e-02 
 1.90546072e+11  4.28698371e-03 -1.36845899e-02 
 1.94984460e+11  4.21840583e-03 -1.32999845e-02 
 1.99526231e+11  4.15737325e-03 -1.29256510e-02 
 2.04173794e+11  4.10344516e-03 -1.25615249e-02 
 2.08929613e+11  4.05618714e-03 -1.22075304e-02 
 2.13796209e+11  4.01517175e-03 -1.18635797e-02 
 2.18776162e+11  3.97997927e-03 -1.15295726e-02 
 2.23872114e+11  3.95019854e-03 -1.12053960e-02 
 2.29086765e+11  3.92542794e-03 -1.08909242e-02 
 2.34422882e+11  3.90527631e-03 -1.05860183e-02 
 2.39883292e+11  3.88936404e-03 -1.02905271e-02 
 2.45470892e+11  3.87732408e-03 -1.00042867e-02 
 2.51188643e+11  3.86880291e-03 -9.72712148e-03 
 2.57039578e+11  3.86346156e-03 -9.45884479e-03 
 2.63026799e+11  3.86097640e-03 -9.19925968e-03 
 2.69153480e+11  3.86103995e-03 -8.94815994e-03 
 2.75422870e+11  3.86336151e-03 -8.70533121e-03 
 2.81838293e+11  3.86766766e-03 -8.47055217e-03 
 2.88403150e+11  3.87370259e-03 -8.24359584e-03 
 2.95120923e+11  3.88122834e-03 -8.02423088e-03 
 3.01995172e+11  3.89002478e-03 -7.81222291e-03 
 3.09029543e+11  3.89988952e-03 -7.60733587e-03 
 3.16227766e+11  3.91063761e-03 -7.40933327e-03 
 3.23593657e+11  3.92210114e-03 -7.21797950e-03 
 3.31131121e+11  3.93412868e-03 -7.03304093e-03 
 3.38844156e+11  3.94658466e-03 -6.85428703e-03 
 3.46736850e+11  3.95934854e-03 -6.68149138e-03 
 3.54813389e+11  3.97231408e-03 -6.51443251e-03 
 3.63078055e+11  3.98538833e-03 -6.35289468e-03 
 3.71535229e+11  3.99849081e-03 -6.19666852e-03 
 3.80189396e+11  4.01155247e-03 -6.04555159e-03 
 3.89045145e+11  4.02451473e-03 -5.89934876e-03 
 3.98107171e+11  4.03732857e-03 -5.75787256e-03 
 4.07380278e+11  4.04995350e-03 -5.62094335e-03 
 4.16869383e+11  4.06235672e-03 -5.48838947e-03 
 4.26579519e+11  4.07451220e-03 -5.36004724e-03 
 4.36515832e+11  4.08639985e-03 -5.23576093e-03 
 4.46683592e+11  4.09800474e-03 -5.11538262e-03 
 4.57088190e+11  4.10931639e-03 -4.99877209e-03 
 4.67735141e+11  4.12032808e-03 -4.88579654e-03 
 4.78630092e+11  4.13103625e-03 -4.77633036e-03 
 4.89778819e+11  4.14143995e-03 -4.67025487e-03 
 5.01187234e+11  4.15154033e-03 -4.56745796e-03 
 5.12861384e+11  4.16134024e-03 -4.46783384e-03 
 5.24807460e+11  4.17084378e-03 -4.37128267e-03 
 5.37031796e+11  4.18005602e-03 -4.27771023e-03 
 5.49540874e+11  4.18898269e-03 -4.18702761e-03 
 5.62341325e+11  4.19762991e-03 -4.09915089e-03 
 5.75439937e+11  4.20600400e-03 -4.01400082e-03 
 5.88843655e+11  4.21411128e-03 -3.93150250e-03 
 6.02559586e+11  4.22195798e-03 -3.85158514e-03 
 6.16595002e+11  4.22955003e-03 -3.77418175e-03 
 6.30957344e+11  4.23689304e-03 -3.69922892e-03 
 6.45654229e+11  4.24399219e-03 -3.62666653e-03 
 6.60693448e+11  4.25085216e-03 -3.55643757e-03 
 6.76082975e+11  4.25747711e-03 -3.48848794e-03 
 6.91830971e+11  4.26387062e-03 -3.42276621e-03 
 7.07945784e+11  4.27003569e-03 -3.35922350e-03 
 7.24435960e+11  4.27597471e-03 -3.29781329e-03 
 7.41310241e+11  4.28168942e-03 -3.23849127e-03 
 7.58577575e+11  4.28718094e-03 -3.18121522e-03 
 7.76247117e+11  4.29244976e-03 -3.12594491e-03 
 7.94328235e+11  4.29749571e-03 -3.07264191e-03 
 8.12830516e+11  4.30231795e-03 -3.02126956e-03 
 8.31763771e+11  4.30691501e-03 -2.97179287e-03 
 8.51138038e+11  4.31128474e-03 -2.92417839e-03 
 8.70963590e+11  4.31542430e-03 -2.87839414e-03 
 8.91250938e+11  4.31933020e-03 -2.83440957e-03 
 9.12010839e+11  4.32299820e-03 -2.79219545e-03 
 9.33254301e+11  4.32642338e-03 -2.75172380e-03 
 9.54992586e+11  4.32960009e-03 -2.71296784e-03 
 9.77237221e+11  4.33252191e-03 -2.67590191e-03 
 1.00000000e+12  4.33518165e-03 -2.64050142e-03 
