 frequency       (ac1.vout1)     (ac1.vout1)    
 1.00000000e+01 -2.22851161e+01  8.11559497e-05 
 1.02329299e+01 -2.22851161e+01  8.30463147e-05 
 1.04712855e+01 -2.22851161e+01  8.49807118e-05 
 1.07151931e+01 -2.22851161e+01  8.69601669e-05 
 1.09647820e+01 -2.22851161e+01  8.89857294e-05 
 1.12201845e+01 -2.22851161e+01  9.10584733e-05 
 1.14815362e+01 -2.22851161e+01  9.31794976e-05 
 1.17489755e+01 -2.22851161e+01  9.53499269e-05 
 1.20226443e+01 -2.22851161e+01  9.75709120e-05 
 1.23026877e+01 -2.22851161e+01  9.98436305e-05 
 1.25892541e+01 -2.22851161e+01  1.02169287e-04 
 1.28824955e+01 -2.22851161e+01  1.04549116e-04 
 1.31825674e+01 -2.22851161e+01  1.06984378e-04 
 1.34896288e+01 -2.22851161e+01  1.09476364e-04 
 1.38038426e+01 -2.22851161e+01  1.12026396e-04 
 1.41253754e+01 -2.22851161e+01  1.14635826e-04 
 1.44543977e+01 -2.22851161e+01  1.17306037e-04 
 1.47910839e+01 -2.22851161e+01  1.20038446e-04 
 1.51356125e+01 -2.22851161e+01  1.22834501e-04 
 1.54881662e+01 -2.22851161e+01  1.25695684e-04 
 1.58489319e+01 -2.22851161e+01  1.28623512e-04 
 1.62181010e+01 -2.22851161e+01  1.31619539e-04 
 1.65958691e+01 -2.22851161e+01  1.34685352e-04 
 1.69824365e+01 -2.22851161e+01  1.37822577e-04 
 1.73780083e+01 -2.22851161e+01  1.41032877e-04 
 1.77827941e+01 -2.22851161e+01  1.44317954e-04 
 1.81970086e+01 -2.22851161e+01  1.47679551e-04 
 1.86208714e+01 -2.22851161e+01  1.51119450e-04 
 1.90546072e+01 -2.22851161e+01  1.54639474e-04 
 1.94984460e+01 -2.22851161e+01  1.58241490e-04 
 1.99526231e+01 -2.22851161e+01  1.61927408e-04 
 2.04173794e+01 -2.22851161e+01  1.65699182e-04 
 2.08929613e+01 -2.22851161e+01  1.69558812e-04 
 2.13796209e+01 -2.22851161e+01  1.73508344e-04 
 2.18776162e+01 -2.22851161e+01  1.77549872e-04 
 2.23872114e+01 -2.22851161e+01  1.81685540e-04 
 2.29086765e+01 -2.22851161e+01  1.85917540e-04 
 2.34422882e+01 -2.22851161e+01  1.90248116e-04 
 2.39883292e+01 -2.22851161e+01  1.94679564e-04 
 2.45470892e+01 -2.22851161e+01  1.99214233e-04 
 2.51188643e+01 -2.22851161e+01  2.03854529e-04 
 2.57039578e+01 -2.22851161e+01  2.08602911e-04 
 2.63026799e+01 -2.22851161e+01  2.13461897e-04 
 2.69153480e+01 -2.22851161e+01  2.18434063e-04 
 2.75422870e+01 -2.22851161e+01  2.23522046e-04 
 2.81838293e+01 -2.22851161e+01  2.28728543e-04 
 2.88403150e+01 -2.22851161e+01  2.34056316e-04 
 2.95120923e+01 -2.22851161e+01  2.39508188e-04 
 3.01995172e+01 -2.22851161e+01  2.45087050e-04 
 3.09029543e+01 -2.22851161e+01  2.50795861e-04 
 3.16227766e+01 -2.22851161e+01  2.56637647e-04 
 3.23593657e+01 -2.22851161e+01  2.62615506e-04 
 3.31131121e+01 -2.22851161e+01  2.68732606e-04 
 3.38844156e+01 -2.22851161e+01  2.74992193e-04 
 3.46736850e+01 -2.22851161e+01  2.81397584e-04 
 3.54813389e+01 -2.22851161e+01  2.87952176e-04 
 3.63078055e+01 -2.22851161e+01  2.94659444e-04 
 3.71535229e+01 -2.22851161e+01  3.01522944e-04 
 3.80189396e+01 -2.22851161e+01  3.08546315e-04 
 3.89045145e+01 -2.22851161e+01  3.15733282e-04 
 3.98107171e+01 -2.22851161e+01  3.23087655e-04 
 4.07380278e+01 -2.22851161e+01  3.30613333e-04 
 4.16869383e+01 -2.22851161e+01  3.38314307e-04 
 4.26579519e+01 -2.22851161e+01  3.46194660e-04 
 4.36515832e+01 -2.22851161e+01  3.54258569e-04 
 4.46683592e+01 -2.22851161e+01  3.62510311e-04 
 4.57088190e+01 -2.22851161e+01  3.70954261e-04 
 4.67735141e+01 -2.22851161e+01  3.79594896e-04 
 4.78630092e+01 -2.22851161e+01  3.88436797e-04 
 4.89778819e+01 -2.22851161e+01  3.97484652e-04 
 5.01187234e+01 -2.22851161e+01  4.06743259e-04 
 5.12861384e+01 -2.22851161e+01  4.16217527e-04 
 5.24807460e+01 -2.22851161e+01  4.25912479e-04 
 5.37031796e+01 -2.22851161e+01  4.35833255e-04 
 5.49540874e+01 -2.22851161e+01  4.45985115e-04 
 5.62341325e+01 -2.22851161e+01  4.56373443e-04 
 5.75439937e+01 -2.22851161e+01  4.67003746e-04 
 5.88843655e+01 -2.22851161e+01  4.77881661e-04 
 6.02559586e+01 -2.22851161e+01  4.89012955e-04 
 6.16595002e+01 -2.22851161e+01  5.00403530e-04 
 6.30957344e+01 -2.22851161e+01  5.12059425e-04 
 6.45654229e+01 -2.22851161e+01  5.23986821e-04 
 6.60693448e+01 -2.22851161e+01  5.36192042e-04 
 6.76082975e+01 -2.22851161e+01  5.48681559e-04 
 6.91830971e+01 -2.22851161e+01  5.61461995e-04 
 7.07945784e+01 -2.22851161e+01  5.74540125e-04 
 7.24435960e+01 -2.22851161e+01  5.87922883e-04 
 7.41310241e+01 -2.22851161e+01  6.01617366e-04 
 7.58577575e+01 -2.22851161e+01  6.15630835e-04 
 7.76247117e+01 -2.22851161e+01  6.29970719e-04 
 7.94328235e+01 -2.22851161e+01  6.44644622e-04 
 8.12830516e+01 -2.22851161e+01  6.59660325e-04 
 8.31763771e+01 -2.22851161e+01  6.75025787e-04 
 8.51138038e+01 -2.22851161e+01  6.90749158e-04 
 8.70963590e+01 -2.22851161e+01  7.06838773e-04 
 8.91250938e+01 -2.22851161e+01  7.23303163e-04 
 9.12010839e+01 -2.22851161e+01  7.40151058e-04 
 9.33254301e+01 -2.22851161e+01  7.57391390e-04 
 9.54992586e+01 -2.22851161e+01  7.75033302e-04 
 9.77237221e+01 -2.22851161e+01  7.93086147e-04 
 1.00000000e+02 -2.22851161e+01  8.11559496e-04 
 1.02329299e+02 -2.22851161e+01  8.30463145e-04 
 1.04712855e+02 -2.22851161e+01  8.49807117e-04 
 1.07151931e+02 -2.22851161e+01  8.69601667e-04 
 1.09647820e+02 -2.22851161e+01  8.89857292e-04 
 1.12201845e+02 -2.22851161e+01  9.10584731e-04 
 1.14815362e+02 -2.22851161e+01  9.31794974e-04 
 1.17489755e+02 -2.22851161e+01  9.53499267e-04 
 1.20226443e+02 -2.22851161e+01  9.75709118e-04 
 1.23026877e+02 -2.22851161e+01  9.98436303e-04 
 1.25892541e+02 -2.22851160e+01  1.02169287e-03 
 1.28824955e+02 -2.22851160e+01  1.04549116e-03 
 1.31825674e+02 -2.22851160e+01  1.06984377e-03 
 1.34896288e+02 -2.22851160e+01  1.09476364e-03 
 1.38038426e+02 -2.22851160e+01  1.12026396e-03 
 1.41253754e+02 -2.22851160e+01  1.14635826e-03 
 1.44543977e+02 -2.22851160e+01  1.17306037e-03 
 1.47910839e+02 -2.22851160e+01  1.20038446e-03 
 1.51356125e+02 -2.22851160e+01  1.22834500e-03 
 1.54881662e+02 -2.22851160e+01  1.25695683e-03 
 1.58489319e+02 -2.22851160e+01  1.28623512e-03 
 1.62181010e+02 -2.22851160e+01  1.31619538e-03 
 1.65958691e+02 -2.22851160e+01  1.34685351e-03 
 1.69824365e+02 -2.22851160e+01  1.37822576e-03 
 1.73780083e+02 -2.22851160e+01  1.41032876e-03 
 1.77827941e+02 -2.22851160e+01  1.44317954e-03 
 1.81970086e+02 -2.22851160e+01  1.47679551e-03 
 1.86208714e+02 -2.22851160e+01  1.51119449e-03 
 1.90546072e+02 -2.22851160e+01  1.54639474e-03 
 1.94984460e+02 -2.22851160e+01  1.58241490e-03 
 1.99526231e+02 -2.22851160e+01  1.61927407e-03 
 2.04173794e+02 -2.22851160e+01  1.65699181e-03 
 2.08929613e+02 -2.22851160e+01  1.69558811e-03 
 2.13796209e+02 -2.22851160e+01  1.73508343e-03 
 2.18776162e+02 -2.22851160e+01  1.77549871e-03 
 2.23872114e+02 -2.22851159e+01  1.81685539e-03 
 2.29086765e+02 -2.22851159e+01  1.85917539e-03 
 2.34422882e+02 -2.22851159e+01  1.90248115e-03 
 2.39883292e+02 -2.22851159e+01  1.94679562e-03 
 2.45470892e+02 -2.22851159e+01  1.99214232e-03 
 2.51188643e+02 -2.22851159e+01  2.03854527e-03 
 2.57039578e+02 -2.22851159e+01  2.08602909e-03 
 2.63026799e+02 -2.22851159e+01  2.13461895e-03 
 2.69153480e+02 -2.22851159e+01  2.18434061e-03 
 2.75422870e+02 -2.22851159e+01  2.23522044e-03 
 2.81838293e+02 -2.22851159e+01  2.28728541e-03 
 2.88403150e+02 -2.22851159e+01  2.34056313e-03 
 2.95120923e+02 -2.22851158e+01  2.39508185e-03 
 3.01995172e+02 -2.22851158e+01  2.45087047e-03 
 3.09029543e+02 -2.22851158e+01  2.50795858e-03 
 3.16227766e+02 -2.22851158e+01  2.56637644e-03 
 3.23593657e+02 -2.22851158e+01  2.62615502e-03 
 3.31131121e+02 -2.22851158e+01  2.68732603e-03 
 3.38844156e+02 -2.22851158e+01  2.74992189e-03 
 3.46736850e+02 -2.22851157e+01  2.81397580e-03 
 3.54813389e+02 -2.22851157e+01  2.87952171e-03 
 3.63078055e+02 -2.22851157e+01  2.94659439e-03 
 3.71535229e+02 -2.22851157e+01  3.01522938e-03 
 3.80189396e+02 -2.22851157e+01  3.08546310e-03 
 3.89045145e+02 -2.22851157e+01  3.15733276e-03 
 3.98107171e+02 -2.22851156e+01  3.23087649e-03 
 4.07380278e+02 -2.22851156e+01  3.30613326e-03 
 4.16869383e+02 -2.22851156e+01  3.38314300e-03 
 4.26579519e+02 -2.22851156e+01  3.46194652e-03 
 4.36515832e+02 -2.22851155e+01  3.54258561e-03 
 4.46683592e+02 -2.22851155e+01  3.62510302e-03 
 4.57088190e+02 -2.22851155e+01  3.70954251e-03 
 4.67735141e+02 -2.22851155e+01  3.79594885e-03 
 4.78630092e+02 -2.22851154e+01  3.88436786e-03 
 4.89778819e+02 -2.22851154e+01  3.97484640e-03 
 5.01187234e+02 -2.22851154e+01  4.06743246e-03 
 5.12861384e+02 -2.22851153e+01  4.16217513e-03 
 5.24807460e+02 -2.22851153e+01  4.25912464e-03 
 5.37031796e+02 -2.22851153e+01  4.35833239e-03 
 5.49540874e+02 -2.22851152e+01  4.45985098e-03 
 5.62341325e+02 -2.22851152e+01  4.56373425e-03 
 5.75439937e+02 -2.22851151e+01  4.67003726e-03 
 5.88843655e+02 -2.22851151e+01  4.77881640e-03 
 6.02559586e+02 -2.22851150e+01  4.89012932e-03 
 6.16595002e+02 -2.22851150e+01  5.00403505e-03 
 6.30957344e+02 -2.22851149e+01  5.12059399e-03 
 6.45654229e+02 -2.22851149e+01  5.23986793e-03 
 6.60693448e+02 -2.22851148e+01  5.36192012e-03 
 6.76082975e+02 -2.22851148e+01  5.48681527e-03 
 6.91830971e+02 -2.22851147e+01  5.61461960e-03 
 7.07945784e+02 -2.22851146e+01  5.74540088e-03 
 7.24435960e+02 -2.22851146e+01  5.87922844e-03 
 7.41310241e+02 -2.22851145e+01  6.01617324e-03 
 7.58577575e+02 -2.22851144e+01  6.15630790e-03 
 7.76247117e+02 -2.22851143e+01  6.29970671e-03 
 7.94328235e+02 -2.22851143e+01  6.44644571e-03 
 8.12830516e+02 -2.22851142e+01  6.59660269e-03 
 8.31763771e+02 -2.22851141e+01  6.75025728e-03 
 8.51138038e+02 -2.22851140e+01  6.90749094e-03 
 8.70963590e+02 -2.22851139e+01  7.06838704e-03 
 8.91250938e+02 -2.22851138e+01  7.23303089e-03 
 9.12010839e+02 -2.22851137e+01  7.40150979e-03 
 9.33254301e+02 -2.22851136e+01  7.57391306e-03 
 9.54992586e+02 -2.22851134e+01  7.75033212e-03 
 9.77237221e+02 -2.22851133e+01  7.93086050e-03 
 1.00000000e+03 -2.22851132e+01  8.11559393e-03 
 1.02329299e+03 -2.22851130e+01  8.30463035e-03 
 1.04712855e+03 -2.22851129e+01  8.49806998e-03 
 1.07151931e+03 -2.22851128e+01  8.69601540e-03 
 1.09647820e+03 -2.22851126e+01  8.89857156e-03 
 1.12201845e+03 -2.22851124e+01  9.10584585e-03 
 1.14815362e+03 -2.22851123e+01  9.31794818e-03 
 1.17489755e+03 -2.22851121e+01  9.53499100e-03 
 1.20226443e+03 -2.22851119e+01  9.75708939e-03 
 1.23026877e+03 -2.22851117e+01  9.98436111e-03 
 1.25892541e+03 -2.22851115e+01  1.02169267e-02 
 1.28824955e+03 -2.22851113e+01  1.04549094e-02 
 1.31825674e+03 -2.22851110e+01  1.06984354e-02 
 1.34896288e+03 -2.22851108e+01  1.09476338e-02 
 1.38038426e+03 -2.22851105e+01  1.12026369e-02 
 1.41253754e+03 -2.22851103e+01  1.14635797e-02 
 1.44543977e+03 -2.22851100e+01  1.17306006e-02 
 1.47910839e+03 -2.22851097e+01  1.20038412e-02 
 1.51356125e+03 -2.22851094e+01  1.22834464e-02 
 1.54881662e+03 -2.22851091e+01  1.25695645e-02 
 1.58489319e+03 -2.22851088e+01  1.28623471e-02 
 1.62181010e+03 -2.22851084e+01  1.31619494e-02 
 1.65958691e+03 -2.22851081e+01  1.34685304e-02 
 1.69824365e+03 -2.22851077e+01  1.37822525e-02 
 1.73780083e+03 -2.22851073e+01  1.41032822e-02 
 1.77827941e+03 -2.22851069e+01  1.44317896e-02 
 1.81970086e+03 -2.22851065e+01  1.47679489e-02 
 1.86208714e+03 -2.22851060e+01  1.51119383e-02 
 1.90546072e+03 -2.22851055e+01  1.54639402e-02 
 1.94984460e+03 -2.22851050e+01  1.58241413e-02 
 1.99526231e+03 -2.22851045e+01  1.61927325e-02 
 2.04173794e+03 -2.22851040e+01  1.65699093e-02 
 2.08929613e+03 -2.22851034e+01  1.69558717e-02 
 2.13796209e+03 -2.22851028e+01  1.73508242e-02 
 2.18776162e+03 -2.22851022e+01  1.77549763e-02 
 2.23872114e+03 -2.22851015e+01  1.81685423e-02 
 2.29086765e+03 -2.22851008e+01  1.85917415e-02 
 2.34422882e+03 -2.22851001e+01  1.90247981e-02 
 2.39883292e+03 -2.22850993e+01  1.94679420e-02 
 2.45470892e+03 -2.22850986e+01  1.99214079e-02 
 2.51188643e+03 -2.22850977e+01  2.03854364e-02 
 2.57039578e+03 -2.22850969e+01  2.08602734e-02 
 2.63026799e+03 -2.22850960e+01  2.13461707e-02 
 2.69153480e+03 -2.22850950e+01  2.18433860e-02 
 2.75422870e+03 -2.22850940e+01  2.23521828e-02 
 2.81838293e+03 -2.22850930e+01  2.28728310e-02 
 2.88403150e+03 -2.22850919e+01  2.34056065e-02 
 2.95120923e+03 -2.22850907e+01  2.39507919e-02 
 3.01995172e+03 -2.22850895e+01  2.45086763e-02 
 3.09029543e+03 -2.22850883e+01  2.50795553e-02 
 3.16227766e+03 -2.22850870e+01  2.56637317e-02 
 3.23593657e+03 -2.22850856e+01  2.62615152e-02 
 3.31131121e+03 -2.22850842e+01  2.68732227e-02 
 3.38844156e+03 -2.22850827e+01  2.74991787e-02 
 3.46736850e+03 -2.22850811e+01  2.81397149e-02 
 3.54813389e+03 -2.22850794e+01  2.87951709e-02 
 3.63078055e+03 -2.22850777e+01  2.94658944e-02 
 3.71535229e+03 -2.22850759e+01  3.01522408e-02 
 3.80189396e+03 -2.22850740e+01  3.08545742e-02 
 3.89045145e+03 -2.22850720e+01  3.15732668e-02 
 3.98107171e+03 -2.22850700e+01  3.23086997e-02 
 4.07380278e+03 -2.22850678e+01  3.30612628e-02 
 4.16869383e+03 -2.22850655e+01  3.38313551e-02 
 4.26579519e+03 -2.22850631e+01  3.46193849e-02 
 4.36515832e+03 -2.22850606e+01  3.54257701e-02 
 4.46683592e+03 -2.22850580e+01  3.62509381e-02 
 4.57088190e+03 -2.22850553e+01  3.70953264e-02 
 4.67735141e+03 -2.22850524e+01  3.79593828e-02 
 4.78630092e+03 -2.22850494e+01  3.88435652e-02 
 4.89778819e+03 -2.22850463e+01  3.97483426e-02 
 5.01187234e+03 -2.22850430e+01  4.06741945e-02 
 5.12861384e+03 -2.22850395e+01  4.16216119e-02 
 5.24807460e+03 -2.22850359e+01  4.25910970e-02 
 5.37031796e+03 -2.22850321e+01  4.35831638e-02 
 5.49540874e+03 -2.22850282e+01  4.45983383e-02 
 5.62341325e+03 -2.22850240e+01  4.56371587e-02 
 5.75439937e+03 -2.22850197e+01  4.67001757e-02 
 5.88843655e+03 -2.22850152e+01  4.77879530e-02 
 6.02559586e+03 -2.22850104e+01  4.89010671e-02 
 6.16595002e+03 -2.22850054e+01  5.00401083e-02 
 6.30957344e+03 -2.22850002e+01  5.12056803e-02 
 6.45654229e+03 -2.22849947e+01  5.23984012e-02 
 6.60693448e+03 -2.22849890e+01  5.36189032e-02 
 6.76082975e+03 -2.22849830e+01  5.48678334e-02 
 6.91830971e+03 -2.22849768e+01  5.61458538e-02 
 7.07945784e+03 -2.22849702e+01  5.74536421e-02 
 7.24435960e+03 -2.22849633e+01  5.87918915e-02 
 7.41310241e+03 -2.22849561e+01  6.01613114e-02 
 7.58577575e+03 -2.22849486e+01  6.15626279e-02 
 7.76247117e+03 -2.22849407e+01  6.29965837e-02 
 7.94328235e+03 -2.22849324e+01  6.44639391e-02 
 8.12830516e+03 -2.22849238e+01  6.59654719e-02 
 8.31763771e+03 -2.22849147e+01  6.75019781e-02 
 8.51138038e+03 -2.22849052e+01  6.90742722e-02 
 8.70963590e+03 -2.22848953e+01  7.06831876e-02 
 8.91250938e+03 -2.22848849e+01  7.23295773e-02 
 9.12010839e+03 -2.22848740e+01  7.40143140e-02 
 9.33254301e+03 -2.22848626e+01  7.57382906e-02 
 9.54992586e+03 -2.22848506e+01  7.75024211e-02 
 9.77237221e+03 -2.22848381e+01  7.93076406e-02 
 1.00000000e+04 -2.22848250e+01  8.11549058e-02 
 1.02329299e+04 -2.22848113e+01  8.30451961e-02 
 1.04712855e+04 -2.22847969e+01  8.49795133e-02 
 1.07151931e+04 -2.22847819e+01  8.69588826e-02 
 1.09647820e+04 -2.22847661e+01  8.89843533e-02 
 1.12201845e+04 -2.22847496e+01  9.10569987e-02 
 1.14815362e+04 -2.22847324e+01  9.31779176e-02 
 1.17489755e+04 -2.22847143e+01  9.53482339e-02 
 1.20226443e+04 -2.22846953e+01  9.75690977e-02 
 1.23026877e+04 -2.22846755e+01  9.98416864e-02 
 1.25892541e+04 -2.22846547e+01  1.02167204e-01 
 1.28824955e+04 -2.22846330e+01  1.04546884e-01 
 1.31825674e+04 -2.22846102e+01  1.06981986e-01 
 1.34896288e+04 -2.22845864e+01  1.09473801e-01 
 1.38038426e+04 -2.22845614e+01  1.12023650e-01 
 1.41253754e+04 -2.22845353e+01  1.14632883e-01 
 1.44543977e+04 -2.22845079e+01  1.17302884e-01 
 1.47910839e+04 -2.22844792e+01  1.20035068e-01 
 1.51356125e+04 -2.22844492e+01  1.22830881e-01 
 1.54881662e+04 -2.22844178e+01  1.25691805e-01 
 1.58489319e+04 -2.22843849e+01  1.28619356e-01 
 1.62181010e+04 -2.22843504e+01  1.31615085e-01 
 1.65958691e+04 -2.22843143e+01  1.34680580e-01 
 1.69824365e+04 -2.22842766e+01  1.37817463e-01 
 1.73780083e+04 -2.22842370e+01  1.41027398e-01 
 1.77827941e+04 -2.22841956e+01  1.44312084e-01 
 1.81970086e+04 -2.22841522e+01  1.47673261e-01 
 1.86208714e+04 -2.22841068e+01  1.51112710e-01 
 1.90546072e+04 -2.22840592e+01  1.54632252e-01 
 1.94984460e+04 -2.22840094e+01  1.58233751e-01 
 1.99526231e+04 -2.22839572e+01  1.61919116e-01 
 2.04173794e+04 -2.22839026e+01  1.65690297e-01 
 2.08929613e+04 -2.22838454e+01  1.69549291e-01 
 2.13796209e+04 -2.22837856e+01  1.73498142e-01 
 2.18776162e+04 -2.22837229e+01  1.77538941e-01 
 2.23872114e+04 -2.22836572e+01  1.81673827e-01 
 2.29086765e+04 -2.22835885e+01  1.85904989e-01 
 2.34422882e+04 -2.22835165e+01  1.90234668e-01 
 2.39883292e+04 -2.22834411e+01  1.94665154e-01 
 2.45470892e+04 -2.22833622e+01  1.99198793e-01 
 2.51188643e+04 -2.22832795e+01  2.03837984e-01 
 2.57039578e+04 -2.22831930e+01  2.08585183e-01 
 2.63026799e+04 -2.22831023e+01  2.13442901e-01 
 2.69153480e+04 -2.22830074e+01  2.18413709e-01 
 2.75422870e+04 -2.22829081e+01  2.23500237e-01 
 2.81838293e+04 -2.22828040e+01  2.28705174e-01 
 2.88403150e+04 -2.22826951e+01  2.34031275e-01 
 2.95120923e+04 -2.22825810e+01  2.39481356e-01 
 3.01995172e+04 -2.22824615e+01  2.45058300e-01 
 3.09029543e+04 -2.22823365e+01  2.50765055e-01 
 3.16227766e+04 -2.22822055e+01  2.56604638e-01 
 3.23593657e+04 -2.22820683e+01  2.62580136e-01 
 3.31131121e+04 -2.22819247e+01  2.68694708e-01 
 3.38844156e+04 -2.22817743e+01  2.74951584e-01 
 3.46736850e+04 -2.22816169e+01  2.81354071e-01 
 3.54813389e+04 -2.22814520e+01  2.87905551e-01 
 3.63078055e+04 -2.22812793e+01  2.94609485e-01 
 3.71535229e+04 -2.22810985e+01  3.01469411e-01 
 3.80189396e+04 -2.22809092e+01  3.08488955e-01 
 3.89045145e+04 -2.22807110e+01  3.15671820e-01 
 3.98107171e+04 -2.22805034e+01  3.23021798e-01 
 4.07380278e+04 -2.22802860e+01  3.30542767e-01 
 4.16869383e+04 -2.22800585e+01  3.38238695e-01 
 4.26579519e+04 -2.22798202e+01  3.46113640e-01 
 4.36515832e+04 -2.22795707e+01  3.54171757e-01 
 4.46683592e+04 -2.22793094e+01  3.62417291e-01 
 4.57088190e+04 -2.22790358e+01  3.70854590e-01 
 4.67735141e+04 -2.22787493e+01  3.79488098e-01 
 4.78630092e+04 -2.22784494e+01  3.88322362e-01 
 4.89778819e+04 -2.22781353e+01  3.97362035e-01 
 5.01187234e+04 -2.22778064e+01  4.06611874e-01 
 5.12861384e+04 -2.22774620e+01  4.16076746e-01 
 5.24807460e+04 -2.22771014e+01  4.25761632e-01 
 5.37031796e+04 -2.22767238e+01  4.35671622e-01 
 5.49540874e+04 -2.22763284e+01  4.45811926e-01 
 5.62341325e+04 -2.22759145e+01  4.56187872e-01 
 5.75439937e+04 -2.22754810e+01  4.66804907e-01 
 5.88843655e+04 -2.22750271e+01  4.77668605e-01 
 6.02559586e+04 -2.22745519e+01  4.88784666e-01 
 6.16595002e+04 -2.22740542e+01  5.00158918e-01 
 6.30957344e+04 -2.22735331e+01  5.11797326e-01 
 6.45654229e+04 -2.22729875e+01  5.23705983e-01 
 6.60693448e+04 -2.22724163e+01  5.35891127e-01 
 6.76082975e+04 -2.22718181e+01  5.48359132e-01 
 6.91830971e+04 -2.22711918e+01  5.61116517e-01 
 7.07945784e+04 -2.22705359e+01  5.74169948e-01 
 7.24435960e+04 -2.22698493e+01  5.87526244e-01 
 7.41310241e+04 -2.22691303e+01  6.01192374e-01 
 7.58577575e+04 -2.22683775e+01  6.15175464e-01 
 7.76247117e+04 -2.22675892e+01  6.29482797e-01 
 7.94328235e+04 -2.22667638e+01  6.44121822e-01 
 8.12830516e+04 -2.22658997e+01  6.59100155e-01 
 8.31763771e+04 -2.22649948e+01  6.74425581e-01 
 8.51138038e+04 -2.22640475e+01  6.90106052e-01 
 8.70963590e+04 -2.22630555e+01  7.06149701e-01 
 8.91250938e+04 -2.22620168e+01  7.22564844e-01 
 9.12010839e+04 -2.22609294e+01  7.39359973e-01 
 9.33254301e+04 -2.22597907e+01  7.56543769e-01 
 9.54992586e+04 -2.22585986e+01  7.74125109e-01 
 9.77237221e+04 -2.22573504e+01  7.92113055e-01 
 1.00000000e+05 -2.22560435e+01  8.10516868e-01 
 1.02329299e+05 -2.22546752e+01  8.29346018e-01 
 1.04712855e+05 -2.22532426e+01  8.48610167e-01 
 1.07151931e+05 -2.22517427e+01  8.68319199e-01 
 1.09647820e+05 -2.22501723e+01  8.88483200e-01 
 1.12201845e+05 -2.22485281e+01  9.09112470e-01 
 1.14815362e+05 -2.22468067e+01  9.30217540e-01 
 1.17489755e+05 -2.22450044e+01  9.51809149e-01 
 1.20226443e+05 -2.22431175e+01  9.73898278e-01 
 1.23026877e+05 -2.22411420e+01  9.96496121e-01 
 1.25892541e+05 -2.22390738e+01  1.01961412e+00 
 1.28824955e+05 -2.22369085e+01  1.04326395e+00 
 1.31825674e+05 -2.22346416e+01  1.06745751e+00 
 1.34896288e+05 -2.22322684e+01  1.09220698e+00 
 1.38038426e+05 -2.22297839e+01  1.11752476e+00 
 1.41253754e+05 -2.22271828e+01  1.14342349e+00 
 1.44543977e+05 -2.22244598e+01  1.16991609e+00 
 1.47910839e+05 -2.22216092e+01  1.19701572e+00 
 1.51356125e+05 -2.22186250e+01  1.22473581e+00 
 1.54881662e+05 -2.22155010e+01  1.25309006e+00 
 1.58489319e+05 -2.22122307e+01  1.28209239e+00 
 1.62181010e+05 -2.22088073e+01  1.31175705e+00 
 1.65958691e+05 -2.22052237e+01  1.34209850e+00 
 1.69824365e+05 -2.22014724e+01  1.37313152e+00 
 1.73780083e+05 -2.21975456e+01  1.40487114e+00 
 1.77827941e+05 -2.21934353e+01  1.43733265e+00 
 1.81970086e+05 -2.21891328e+01  1.47053166e+00 
 1.86208714e+05 -2.21846294e+01  1.50448400e+00 
 1.90546072e+05 -2.21799156e+01  1.53920581e+00 
 1.94984460e+05 -2.21749818e+01  1.57471352e+00 
 1.99526231e+05 -2.21698177e+01  1.61102379e+00 
 2.04173794e+05 -2.21644129e+01  1.64815359e+00 
 2.08929613e+05 -2.21587561e+01  1.68612017e+00 
 2.13796209e+05 -2.21528357e+01  1.72494101e+00 
 2.18776162e+05 -2.21466397e+01  1.76463392e+00 
 2.23872114e+05 -2.21401553e+01  1.80521690e+00 
 2.29086765e+05 -2.21333693e+01  1.84670829e+00 
 2.34422882e+05 -2.21262679e+01  1.88912663e+00 
 2.39883292e+05 -2.21188366e+01  1.93249073e+00 
 2.45470892e+05 -2.21110603e+01  1.97681965e+00 
 2.51188643e+05 -2.21029234e+01  2.02213269e+00 
 2.57039578e+05 -2.20944092e+01  2.06844936e+00 
 2.63026799e+05 -2.20855008e+01  2.11578941e+00 
 2.69153480e+05 -2.20761800e+01  2.16417278e+00 
 2.75422870e+05 -2.20664283e+01  2.21361961e+00 
 2.81838293e+05 -2.20562261e+01  2.26415024e+00 
 2.88403150e+05 -2.20455530e+01  2.31578516e+00 
 2.95120923e+05 -2.20343879e+01  2.36854501e+00 
 3.01995172e+05 -2.20227084e+01  2.42245057e+00 
 3.09029543e+05 -2.20104916e+01  2.47752274e+00 
 3.16227766e+05 -2.19977133e+01  2.53378249e+00 
 3.23593657e+05 -2.19843484e+01  2.59125086e+00 
 3.31131121e+05 -2.19703707e+01  2.64994896e+00 
 3.38844156e+05 -2.19557531e+01  2.70989787e+00 
 3.46736850e+05 -2.19404671e+01  2.77111868e+00 
 3.54813389e+05 -2.19244831e+01  2.83363241e+00 
 3.63078055e+05 -2.19077703e+01  2.89746001e+00 
 3.71535229e+05 -2.18902968e+01  2.96262229e+00 
 3.80189396e+05 -2.18720292e+01  3.02913989e+00 
 3.89045145e+05 -2.18529327e+01  3.09703322e+00 
 3.98107171e+05 -2.18329714e+01  3.16632246e+00 
 4.07380278e+05 -2.18121079e+01  3.23702745e+00 
 4.16869383e+05 -2.17903030e+01  3.30916763e+00 
 4.26579519e+05 -2.17675165e+01  3.38276207e+00 
 4.36515832e+05 -2.17437063e+01  3.45782929e+00 
 4.46683592e+05 -2.17188288e+01  3.53438726e+00 
 4.57088190e+05 -2.16928389e+01  3.61245331e+00 
 4.67735141e+05 -2.16656897e+01  3.69204405e+00 
 4.78630092e+05 -2.16373325e+01  3.77317526e+00 
 4.89778819e+05 -2.16077171e+01  3.85586188e+00 
 5.01187234e+05 -2.15767914e+01  3.94011783e+00 
 5.12861384e+05 -2.15445015e+01  4.02595597e+00 
 5.24807460e+05 -2.15107915e+01  4.11338791e+00 
 5.37031796e+05 -2.14756039e+01  4.20242405e+00 
 5.49540874e+05 -2.14388792e+01  4.29307332e+00 
 5.62341325e+05 -2.14005559e+01  4.38534309e+00 
 5.75439937e+05 -2.13605708e+01  4.47923914e+00 
 5.88843655e+05 -2.13188585e+01  4.57476533e+00 
 6.02559586e+05 -2.12753518e+01  4.67192370e+00 
 6.16595002e+05 -2.12299816e+01  4.77071410e+00 
 6.30957344e+05 -2.11826768e+01  4.87113416e+00 
 6.45654229e+05 -2.11333643e+01  4.97317911e+00 
 6.60693448e+05 -2.10819694e+01  5.07684159e+00 
 6.76082975e+05 -2.10284152e+01  5.18211148e+00 
 6.91830971e+05 -2.09726232e+01  5.28897574e+00 
 7.07945784e+05 -2.09145131e+01  5.39741821e+00 
 7.24435960e+05 -2.08540029e+01  5.50741941e+00 
 7.41310241e+05 -2.07910090e+01  5.61895639e+00 
 7.58577575e+05 -2.07254462e+01  5.73200244e+00 
 7.76247117e+05 -2.06572281e+01  5.84652698e+00 
 7.94328235e+05 -2.05862666e+01  5.96249531e+00 
 8.12830516e+05 -2.05124729e+01  6.07986842e+00 
 8.31763771e+05 -2.04357570e+01  6.19860275e+00 
 8.51138038e+05 -2.03560280e+01  6.31864999e+00 
 8.70963590e+05 -2.02731945e+01  6.43995690e+00 
 8.91250938e+05 -2.01871646e+01  6.56246509e+00 
 9.12010839e+05 -2.00978463e+01  6.68611079e+00 
 9.33254301e+05 -2.00051474e+01  6.81082468e+00 
 9.54992586e+05 -1.99089765e+01  6.93653168e+00 
 9.77237221e+05 -1.98092425e+01  7.06315084e+00 
 1.00000000e+06 -1.97058553e+01  7.19059501e+00 
 1.02329299e+06 -1.95987263e+01  7.31877088e+00 
 1.04712855e+06 -1.94877683e+01  7.44757874e+00 
 1.07151931e+06 -1.93728965e+01  7.57691231e+00 
 1.09647820e+06 -1.92540283e+01  7.70665873e+00 
 1.12201845e+06 -1.91310843e+01  7.83669848e+00 
 1.14815362e+06 -1.90039882e+01  7.96690526e+00 
 1.17489755e+06 -1.88726678e+01  8.09714602e+00 
 1.20226443e+06 -1.87370552e+01  8.22728093e+00 
 1.23026877e+06 -1.85970874e+01  8.35716351e+00 
 1.25892541e+06 -1.84527067e+01  8.48664063e+00 
 1.28824955e+06 -1.83038615e+01  8.61555268e+00 
 1.31825674e+06 -1.81505067e+01  8.74373365e+00 
 1.34896288e+06 -1.79926043e+01  8.87101154e+00 
 1.38038426e+06 -1.78301237e+01  8.99720835e+00 
 1.41253754e+06 -1.76630429e+01  9.12214068e+00 
 1.44543977e+06 -1.74913483e+01  9.24561986e+00 
 1.47910839e+06 -1.73150357e+01  9.36745248e+00 
 1.51356125e+06 -1.71341108e+01  9.48744084e+00 
 1.54881662e+06 -1.69485896e+01  9.60538351e+00 
 1.58489319e+06 -1.67584989e+01  9.72107583e+00 
 1.62181010e+06 -1.65638767e+01  9.83431060e+00 
 1.65958691e+06 -1.63647727e+01  9.94487880e+00 
 1.69824365e+06 -1.61612488e+01  1.00525702e+01 
 1.73780083e+06 -1.59533790e+01  1.01571743e+01 
 1.77827941e+06 -1.57412499e+01  1.02584810e+01 
 1.81970086e+06 -1.55249612e+01  1.03562817e+01 
 1.86208714e+06 -1.53046253e+01  1.04503698e+01 
 1.90546072e+06 -1.50803675e+01  1.05405422e+01 
 1.94984460e+06 -1.48523262e+01  1.06265996e+01 
 1.99526231e+06 -1.46206527e+01  1.07083481e+01 
 2.04173794e+06 -1.43855109e+01  1.07855997e+01 
 2.08929613e+06 -1.41470771e+01  1.08581735e+01 
 2.13796209e+06 -1.39055396e+01  1.09258966e+01 
 2.18776162e+06 -1.36610985e+01  1.09886052e+01 
 2.23872114e+06 -1.34139646e+01  1.10461452e+01 
 2.29086765e+06 -1.31643595e+01  1.10983733e+01 
 2.34422882e+06 -1.29125144e+01  1.11451581e+01 
 2.39883292e+06 -1.26586693e+01  1.11863802e+01 
 2.45470892e+06 -1.24030727e+01  1.12219337e+01 
 2.51188643e+06 -1.21459797e+01  1.12517262e+01 
 2.57039578e+06 -1.18876522e+01  1.12756798e+01 
 2.63026799e+06 -1.16283567e+01  1.12937315e+01 
 2.69153480e+06 -1.13683642e+01  1.13058335e+01 
 2.75422870e+06 -1.11079484e+01  1.13119534e+01 
 2.81838293e+06 -1.08473848e+01  1.13120749e+01 
 2.88403150e+06 -1.05869496e+01  1.13061972e+01 
 2.95120923e+06 -1.03269184e+01  1.12943357e+01 
 3.01995172e+06 -1.00675652e+01  1.12765215e+01 
 3.09029543e+06 -9.80916091e+00  1.12528010e+01 
 3.16227766e+06 -9.55197273e+00  1.12232363e+01 
 3.23593657e+06 -9.29626262e+00  1.11879041e+01 
 3.31131121e+06 -9.04228649e+00  1.11468956e+01 
 3.38844156e+06 -8.79029311e+00  1.11003157e+01 
 3.46736850e+06 -8.54052325e+00  1.10482828e+01 
 3.54813389e+06 -8.29320875e+00  1.09909274e+01 
 3.63078055e+06 -8.04857180e+00  1.09283919e+01 
 3.71535229e+06 -7.80682415e+00  1.08608295e+01 
 3.80189396e+06 -7.56816658e+00  1.07884032e+01 
 3.89045145e+06 -7.33278829e+00  1.07112853e+01 
 3.98107171e+06 -7.10086645e+00  1.06296560e+01 
 4.07380278e+06 -6.87256588e+00  1.05437027e+01 
 4.16869383e+06 -6.64803872e+00  1.04536189e+01 
 4.26579519e+06 -6.42742426e+00  1.03596034e+01 
 4.36515832e+06 -6.21084887e+00  1.02618589e+01 
 4.46683592e+06 -5.99842588e+00  1.01605917e+01 
 4.57088190e+06 -5.79025575e+00  1.00560103e+01 
 4.67735141e+06 -5.58642608e+00  9.94832447e+00 
 4.78630092e+06 -5.38701185e+00  9.83774468e+00 
 4.89778819e+06 -5.19207572e+00  9.72448104e+00 
 5.01187234e+06 -5.00166825e+00  9.60874260e+00 
 5.12861384e+06 -4.81582833e+00  9.49073661e+00 
 5.24807460e+06 -4.63458353e+00  9.37066779e+00 
 5.37031796e+06 -4.45795062e+00  9.24873773e+00 
 5.49540874e+06 -4.28593598e+00  9.12514430e+00 
 5.62341325e+06 -4.11853611e+00  9.00008110e+00 
 5.75439937e+06 -3.95573822e+00  8.87373700e+00 
 5.88843655e+06 -3.79752069e+00  8.74629573e+00 
 6.02559586e+06 -3.64385371e+00  8.61793550e+00 
 6.16595002e+06 -3.49469974e+00  8.48882867e+00 
 6.30957344e+06 -3.35001417e+00  8.35914152e+00 
 6.45654229e+06 -3.20974582e+00  8.22903399e+00 
 6.60693448e+06 -3.07383751e+00  8.09865957e+00 
 6.76082975e+06 -2.94222661e+00  7.96816508e+00 
 6.91830971e+06 -2.81484556e+00  7.83769067e+00 
 7.07945784e+06 -2.69162241e+00  7.70736975e+00 
 7.24435960e+06 -2.57248129e+00  7.57732894e+00 
 7.41310241e+06 -2.45734292e+00  7.44768813e+00 
 7.58577575e+06 -2.34612505e+00  7.31856051e+00 
 7.76247117e+06 -2.23874290e+00  7.19005263e+00 
 7.94328235e+06 -2.13510962e+00  7.06226455e+00 
 8.12830516e+06 -2.03513660e+00  6.93528990e+00 
 8.31763771e+06 -1.93873394e+00  6.80921606e+00 
 8.51138038e+06 -1.84581073e+00  6.68412429e+00 
 8.70963590e+06 -1.75627539e+00  6.56008992e+00 
 8.91250938e+06 -1.67003597e+00  6.43718250e+00 
 9.12010839e+06 -1.58700047e+00  6.31546603e+00 
 9.33254301e+06 -1.50707702e+00  6.19499912e+00 
 9.54992586e+06 -1.43017419e+00  6.07583520e+00 
 9.77237221e+06 -1.35620114e+00  5.95802274e+00 
 1.00000000e+07 -1.28506787e+00  5.84160546e+00 
 1.02329299e+07 -1.21668536e+00  5.72662250e+00 
 1.04712855e+07 -1.15096574e+00  5.61310869e+00 
 1.07151931e+07 -1.08782243e+00  5.50109471e+00 
 1.09647820e+07 -1.02717024e+00  5.39060733e+00 
 1.12201845e+07 -9.68925518e-01  5.28166959e+00 
 1.14815362e+07 -9.13006214e-01  5.17430101e+00 
 1.17489755e+07 -8.59331971e-01  5.06851778e+00 
 1.20226443e+07 -8.07824180e-01  4.96433296e+00 
 1.23026877e+07 -7.58406050e-01  4.86175665e+00 
 1.25892541e+07 -7.11002648e-01  4.76079621e+00 
 1.28824955e+07 -6.65540923e-01  4.66145637e+00 
 1.31825674e+07 -6.21949747e-01  4.56373946e+00 
 1.34896288e+07 -5.80159923e-01  4.46764553e+00 
 1.38038426e+07 -5.40104193e-01  4.37317251e+00 
 1.41253754e+07 -5.01717247e-01  4.28031639e+00 
 1.44543977e+07 -4.64935712e-01  4.18907134e+00 
 1.47910839e+07 -4.29698146e-01  4.09942983e+00 
 1.51356125e+07 -3.95945028e-01  4.01138280e+00 
 1.54881662e+07 -3.63618729e-01  3.92491973e+00 
 1.58489319e+07 -3.32663495e-01  3.84002882e+00 
 1.62181010e+07 -3.03025422e-01  3.75669706e+00 
 1.65958691e+07 -2.74652423e-01  3.67491033e+00 
 1.69824365e+07 -2.47494200e-01  3.59465352e+00 
 1.73780083e+07 -2.21502201e-01  3.51591064e+00 
 1.77827941e+07 -1.96629597e-01  3.43866485e+00 
 1.81970086e+07 -1.72831233e-01  3.36289862e+00 
 1.86208714e+07 -1.50063595e-01  3.28859373e+00 
 1.90546072e+07 -1.28284769e-01  3.21573142e+00 
 1.94984460e+07 -1.07454395e-01  3.14429240e+00 
 1.99526231e+07 -8.75336381e-02  3.07425694e+00 
 2.04173794e+07 -6.84851322e-02  3.00560494e+00 
 2.08929613e+07 -5.02729497e-02  2.93831596e+00 
 2.13796209e+07 -3.28625518e-02  2.87236930e+00 
 2.18776162e+07 -1.62207536e-02  2.80774402e+00 
 2.23872114e+07 -3.15677432e-04  2.74441903e+00 
 2.29086765e+07  1.48832846e-02  2.68237308e+00 
 2.34422882e+07  2.94055119e-02  2.62158484e+00 
 2.39883292e+07  4.32791978e-02  2.56203292e+00 
 2.45470892e+07  5.65313836e-02  2.50369590e+00 
 2.51188643e+07  6.91880024e-02  2.44655238e+00 
 2.57039578e+07  8.12739131e-02  2.39058097e+00 
 2.63026799e+07  9.28129405e-02  2.33576038e+00 
 2.69153480e+07  1.03827906e-01  2.28206937e+00 
 2.75422870e+07  1.14340668e-01  2.22948684e+00 
 2.81838293e+07  1.24372157e-01  2.17799180e+00 
 2.88403150e+07  1.33942403e-01  2.12756343e+00 
 2.95120923e+07  1.43070572e-01  2.07818105e+00 
 3.01995172e+07  1.51774996e-01  2.02982417e+00 
 3.09029543e+07  1.60073208e-01  1.98247252e+00 
 3.16227766e+07  1.67981964e-01  1.93610600e+00 
 3.23593657e+07  1.75517276e-01  1.89070476e+00 
 3.31131121e+07  1.82694442e-01  1.84624917e+00 
 3.38844156e+07  1.89528067e-01  1.80271984e+00 
 3.46736850e+07  1.96032093e-01  1.76009762e+00 
 3.54813389e+07  2.02219824e-01  1.71836363e+00 
 3.63078055e+07  2.08103948e-01  1.67749925e+00 
 3.71535229e+07  2.13696563e-01  1.63748612e+00 
 3.80189396e+07  2.19009196e-01  1.59830616e+00 
 3.89045145e+07  2.24052826e-01  1.55994156e+00 
 3.98107171e+07  2.28837908e-01  1.52237480e+00 
 4.07380278e+07  2.33374388e-01  1.48558863e+00 
 4.16869383e+07  2.37671726e-01  1.44956611e+00 
 4.26579519e+07  2.41738912e-01  1.41429057e+00 
 4.36515832e+07  2.45584488e-01  1.37974563e+00 
 4.46683592e+07  2.49216558e-01  1.34591523e+00 
 4.57088190e+07  2.52642812e-01  1.31278357e+00 
 4.67735141e+07  2.55870539e-01  1.28033516e+00 
 4.78630092e+07  2.58906642e-01  1.24855482e+00 
 4.89778819e+07  2.61757651e-01  1.21742763e+00 
 5.01187234e+07  2.64429742e-01  1.18693901e+00 
 5.12861384e+07  2.66928748e-01  1.15707465e+00 
 5.24807460e+07  2.69260171e-01  1.12782053e+00 
 5.37031796e+07  2.71429198e-01  1.09916296e+00 
 5.49540874e+07  2.73440710e-01  1.07108851e+00 
 5.62341325e+07  2.75299298e-01  1.04358407e+00 
 5.75439937e+07  2.77009271e-01  1.01663681e+00 
 5.88843655e+07  2.78574670e-01  9.90234210e-01 
 6.02559586e+07  2.79999276e-01  9.64364040e-01 
 6.16595002e+07  2.81286626e-01  9.39014361e-01 
 6.30957344e+07  2.82440016e-01  9.14173532e-01 
 6.45654229e+07  2.83462521e-01  8.89830205e-01 
 6.60693448e+07  2.84356995e-01  8.65973326e-01 
 6.76082975e+07  2.85126089e-01  8.42592134e-01 
 6.91830971e+07  2.85772255e-01  8.19676161e-01 
 7.07945784e+07  2.86297762e-01  7.97215231e-01 
 7.24435960e+07  2.86704699e-01  7.75199462e-01 
 7.41310241e+07  2.86994990e-01  7.53619261e-01 
 7.58577575e+07  2.87170402e-01  7.32465327e-01 
 7.76247117e+07  2.87232551e-01  7.11728651e-01 
 7.94328235e+07  2.87182920e-01  6.91400513e-01 
 8.12830516e+07  2.87022860e-01  6.71472483e-01 
 8.31763771e+07  2.86753605e-01  6.51936418e-01 
 8.51138038e+07  2.86376282e-01  6.32784467e-01 
 8.70963590e+07  2.85891918e-01  6.14009062e-01 
 8.91250938e+07  2.85301452e-01  5.95602923e-01 
 9.12010839e+07  2.84605747e-01  5.77559054e-01 
 9.33254301e+07  2.83805599e-01  5.59870741e-01 
 9.54992586e+07  2.82901745e-01  5.42531552e-01 
 9.77237221e+07  2.81894880e-01  5.25535334e-01 
 1.00000000e+08  2.80785662e-01  5.08876208e-01 
 1.02329299e+08  2.79574725e-01  4.92548570e-01 
 1.04712855e+08  2.78262694e-01  4.76547085e-01 
 1.07151931e+08  2.76850190e-01  4.60866683e-01 
 1.09647820e+08  2.75337846e-01  4.45502557e-01 
 1.12201845e+08  2.73726317e-01  4.30450154e-01 
 1.14815362e+08  2.72016290e-01  4.15705172e-01 
 1.17489755e+08  2.70208500e-01  4.01263555e-01 
 1.20226443e+08  2.68303736e-01  3.87121482e-01 
 1.23026877e+08  2.66302855e-01  3.73275362e-01 
 1.25892541e+08  2.64206793e-01  3.59721825e-01 
 1.28824955e+08  2.62016575e-01  3.46457714e-01 
 1.31825674e+08  2.59733327e-01  3.33480071e-01 
 1.34896288e+08  2.57358283e-01  3.20786133e-01 
 1.38038426e+08  2.54892797e-01  3.08373313e-01 
 1.41253754e+08  2.52338352e-01  2.96239192e-01 
 1.44543977e+08  2.49696566e-01  2.84381505e-01 
 1.47910839e+08  2.46969204e-01  2.72798129e-01 
 1.51356125e+08  2.44158179e-01  2.61487063e-01 
 1.54881662e+08  2.41265561e-01  2.50446420e-01 
 1.58489319e+08  2.38293581e-01  2.39674406e-01 
 1.62181010e+08  2.35244636e-01  2.29169305e-01 
 1.65958691e+08  2.32121288e-01  2.18929466e-01 
 1.69824365e+08  2.28926269e-01  2.08953280e-01 
 1.73780083e+08  2.25662479e-01  1.99239168e-01 
 1.77827941e+08  2.22332986e-01  1.89785560e-01 
 1.81970086e+08  2.18941019e-01  1.80590882e-01 
 1.86208714e+08  2.15489970e-01  1.71653533e-01 
 1.90546072e+08  2.11983384e-01  1.62971877e-01 
 1.94984460e+08  2.08424953e-01  1.54544217e-01 
 1.99526231e+08  2.04818509e-01  1.46368787e-01 
 2.04173794e+08  2.01168013e-01  1.38443733e-01 
 2.08929613e+08  1.97477545e-01  1.30767100e-01 
 2.13796209e+08  1.93751291e-01  1.23336818e-01 
 2.18776162e+08  1.89993529e-01  1.16150693e-01 
 2.23872114e+08  1.86208618e-01  1.09206391e-01 
 2.29086765e+08  1.82400981e-01  1.02501434e-01 
 2.34422882e+08  1.78575087e-01  9.60331891e-02 
 2.39883292e+08  1.74735439e-01  8.97988615e-02 
 2.45470892e+08  1.70886554e-01  8.37954904e-02 
 2.51188643e+08  1.67032946e-01  7.80199459e-02 
 2.57039578e+08  1.63179111e-01  7.24689263e-02 
 2.63026799e+08  1.59329508e-01  6.71389583e-02 
 2.69153480e+08  1.55488541e-01  6.20263982e-02 
 2.75422870e+08  1.51660544e-01  5.71274347e-02 
 2.81838293e+08  1.47849766e-01  5.24380936e-02 
 2.88403150e+08  1.44060351e-01  4.79542431e-02 
 2.95120923e+08  1.40296327e-01  4.36716014e-02 
 3.01995172e+08  1.36561591e-01  3.95857451e-02 
 3.09029543e+08  1.32859898e-01  3.56921183e-02 
 3.16227766e+08  1.29194844e-01  3.19860434e-02 
 3.23593657e+08  1.25569861e-01  2.84627327e-02 
 3.31131121e+08  1.21988204e-01  2.51173003e-02 
 3.38844156e+08  1.18452947e-01  2.19447747e-02 
 3.46736850e+08  1.14966971e-01  1.89401127e-02 
 3.54813389e+08  1.11532961e-01  1.60982121e-02 
 3.63078055e+08  1.08153405e-01  1.34139263e-02 
 3.71535229e+08  1.04830586e-01  1.08820772e-02 
 3.80189396e+08  1.01566582e-01  8.49746980e-03 
 3.89045145e+08  9.83632697e-02  6.25490521e-03 
 3.98107171e+08  9.52223192e-02  4.14919395e-03 
 4.07380278e+08  9.21452005e-02  2.17516896e-03 
 4.16869383e+08  8.91331847e-02  3.27697769e-04 
 4.26579519e+08  8.61873486e-02 -1.39830567e-03 
 4.36515832e+08  8.33085790e-02 -3.00786977e-03 
 4.46683592e+08  8.04975788e-02 -4.50595502e-03 
 4.57088190e+08  7.77548734e-02 -5.89744413e-03 
 4.67735141e+08  7.50808170e-02 -7.18713323e-03 
 4.78630092e+08  7.24756009e-02 -8.37972364e-03 
 4.89778819e+08  6.99392606e-02 -9.47981464e-03 
 5.01187234e+08  6.74716846e-02 -1.04918969e-02 
 5.12861384e+08  6.50726222e-02 -1.14203467e-02 
 5.24807460e+08  6.27416928e-02 -1.22694214e-02 
 5.37031796e+08  6.04783941e-02 -1.30432546e-02 
 5.49540874e+08  5.82821109e-02 -1.37458536e-02 
 5.62341325e+08  5.61521241e-02 -1.43810962e-02 
 5.75439937e+08  5.40876190e-02 -1.49527290e-02 
 5.88843655e+08  5.20876939e-02 -1.54643659e-02 
 6.02559586e+08  5.01513681e-02 -1.59194877e-02 
 6.16595002e+08  4.82775905e-02 -1.63214415e-02 
 6.30957344e+08  4.64652470e-02 -1.66734418e-02 
 6.45654229e+08  4.47131678e-02 -1.69785708e-02 
 6.60693448e+08  4.30201352e-02 -1.72397799e-02 
 6.76082975e+08  4.13848899e-02 -1.74598916e-02 
 6.91830971e+08  3.98061378e-02 -1.76416013e-02 
 7.07945784e+08  3.82825560e-02 -1.77874801e-02 
 7.24435960e+08  3.68127988e-02 -1.78999770e-02 
 7.41310241e+08  3.53955028e-02 -1.79814221e-02 
 7.58577575e+08  3.40292924e-02 -1.80340298e-02 
 7.76247117e+08  3.27127841e-02 -1.80599015e-02 
 7.94328235e+08  3.14445915e-02 -1.80610299e-02 
 8.12830516e+08  3.02233283e-02 -1.80393017e-02 
 8.31763771e+08  2.90476132e-02 -1.79965016e-02 
 8.51138038e+08  2.79160723e-02 -1.79343158e-02 
 8.70963590e+08  2.68273426e-02 -1.78543358e-02 
 8.91250938e+08  2.57800750e-02 -1.77580618e-02 
 9.12010839e+08  2.47729362e-02 -1.76469069e-02 
 9.33254301e+08  2.38046113e-02 -1.75221999e-02 
 9.54992586e+08  2.28738059e-02 -1.73851898e-02 
 9.77237221e+08  2.19792473e-02 -1.72370487e-02 
 1.00000000e+09  2.11196866e-02 -1.70788755e-02 
 1.02329299e+09  2.02938996e-02 -1.69116995e-02 
 1.04712855e+09  1.95006882e-02 -1.67364834e-02 
 1.07151931e+09  1.87388810e-02 -1.65541266e-02 
 1.09647820e+09  1.80073343e-02 -1.63654685e-02 
 1.12201845e+09  1.73049325e-02 -1.61712915e-02 
 1.14815362e+09  1.66305889e-02 -1.59723239e-02 
 1.17489755e+09  1.59832457e-02 -1.57692426e-02 
 1.20226443e+09  1.53618742e-02 -1.55626760e-02 
 1.23026877e+09  1.47654755e-02 -1.53532069e-02 
 1.25892541e+09  1.41930794e-02 -1.51413744e-02 
 1.28824955e+09  1.36437457e-02 -1.49276768e-02 
 1.31825674e+09  1.31165627e-02 -1.47125738e-02 
 1.34896288e+09  1.26106481e-02 -1.44964886e-02 
 1.38038426e+09  1.21251480e-02 -1.42798103e-02 
 1.41253754e+09  1.16592368e-02 -1.40628958e-02 
 1.44543977e+09  1.12121171e-02 -1.38460713e-02 
 1.47910839e+09  1.07830187e-02 -1.36296351e-02 
 1.51356125e+09  1.03711986e-02 -1.34138584e-02 
 1.54881662e+09  9.97594040e-03 -1.31989875e-02 
 1.58489319e+09  9.59655366e-03 -1.29852453e-02 
 1.62181010e+09  9.23237356e-03 -1.27728327e-02 
 1.65958691e+09  8.88276020e-03 -1.25619302e-02 
 1.69824365e+09  8.54709811e-03 -1.23526991e-02 
 1.73780083e+09  8.22479567e-03 -1.21452828e-02 
 1.77827941e+09  7.91528448e-03 -1.19398084e-02 
 1.81970086e+09  7.61801882e-03 -1.17363874e-02 
 1.86208714e+09  7.33247500e-03 -1.15351169e-02 
 1.90546072e+09  7.05815081e-03 -1.13360809e-02 
 1.94984460e+09  6.79456489e-03 -1.11393511e-02 
 1.99526231e+09  6.54125614e-03 -1.09449881e-02 
 2.04173794e+09  6.29778311e-03 -1.07530417e-02 
 2.08929613e+09  6.06372338e-03 -1.05635526e-02 
 2.13796209e+09  5.83867302e-03 -1.03765524e-02 
 2.18776162e+09  5.62224594e-03 -1.01920649e-02 
 2.23872114e+09  5.41407333e-03 -1.00101069e-02 
 2.29086765e+09  5.21380305e-03 -9.83068815e-03 
 2.34422882e+09  5.02109905e-03 -9.65381290e-03 
 2.39883292e+09  4.83564084e-03 -9.47947992e-03 
 2.45470892e+09  4.65712283e-03 -9.30768332e-03 
 2.51188643e+09  4.48525383e-03 -9.13841300e-03 
 2.57039578e+09  4.31975649e-03 -8.97165518e-03 
 2.63026799e+09  4.16036670e-03 -8.80739291e-03 
 2.69153480e+09  4.00683306e-03 -8.64560643e-03 
 2.75422870e+09  3.85891636e-03 -8.48627366e-03 
 2.81838293e+09  3.71638904e-03 -8.32937054e-03 
 2.88403150e+09  3.57903466e-03 -8.17487136e-03 
 2.95120923e+09  3.44664736e-03 -8.02274913e-03 
 3.01995172e+09  3.31903141e-03 -7.87297585e-03 
 3.09029543e+09  3.19600068e-03 -7.72552275e-03 
 3.16227766e+09  3.07737816e-03 -7.58036058e-03 
 3.23593657e+09  2.96299549e-03 -7.43745977e-03 
 3.31131121e+09  2.85269252e-03 -7.29679067e-03 
 3.38844156e+09  2.74631685e-03 -7.15832368e-03 
 3.46736850e+09  2.64372338e-03 -7.02202940e-03 
 3.54813389e+09  2.54477396e-03 -6.88787876e-03 
 3.63078055e+09  2.44933690e-03 -6.75584314e-03 
 3.71535229e+09  2.35728666e-03 -6.62589441e-03 
 3.80189396e+09  2.26850344e-03 -6.49800503e-03 
 3.89045145e+09  2.18287285e-03 -6.37214808e-03 
 3.98107171e+09  2.10028557e-03 -6.24829731e-03 
 4.07380278e+09  2.02063701e-03 -6.12642717e-03 
 4.16869383e+09  1.94382706e-03 -6.00651277e-03 
 4.26579519e+09  1.86975975e-03 -5.88852993e-03 
 4.36515832e+09  1.79834302e-03 -5.77245516e-03 
 4.46683592e+09  1.72948845e-03 -5.65826561e-03 
 4.57088190e+09  1.66311106e-03 -5.54593908e-03 
 4.67735141e+09  1.59912906e-03 -5.43545395e-03 
 4.78630092e+09  1.53746364e-03 -5.32678919e-03 
 4.89778819e+09  1.47803884e-03 -5.21992426e-03 
 5.01187234e+09  1.42078130e-03 -5.11483912e-03 
 5.12861384e+09  1.36562020e-03 -5.01151415e-03 
 5.24807460e+09  1.31248701e-03 -4.90993014e-03 
 5.37031796e+09  1.26131543e-03 -4.81006818e-03 
 5.49540874e+09  1.21204127e-03 -4.71190969e-03 
 5.62341325e+09  1.16460230e-03 -4.61543632e-03 
 5.75439937e+09  1.11893817e-03 -4.52062994e-03 
 5.88843655e+09  1.07499035e-03 -4.42747256e-03 
 6.02559586e+09  1.03270199e-03 -4.33594636e-03 
 6.16595002e+09  9.92017919e-04 -4.24603358e-03 
 6.30957344e+09  9.52884518e-04 -4.15771653e-03 
 6.45654229e+09  9.15249698e-04 -4.07097755e-03 
 6.60693448e+09  8.79062836e-04 -3.98579899e-03 
 6.76082975e+09  8.44274724e-04 -3.90216318e-03 
 6.91830971e+09  8.10837534e-04 -3.82005240e-03 
 7.07945784e+09  7.78704772e-04 -3.73944890e-03 
 7.24435960e+09  7.47831249e-04 -3.66033485e-03 
 7.41310241e+09  7.18173042e-04 -3.58269233e-03 
 7.58577575e+09  6.89687468e-04 -3.50650335e-03 
 7.76247117e+09  6.62333057e-04 -3.43174983e-03 
 7.94328235e+09  6.36069524e-04 -3.35841358e-03 
 8.12830516e+09  6.10857746e-04 -3.28647634e-03 
 8.31763771e+09  5.86659738e-04 -3.21591974e-03 
 8.51138038e+09  5.63438631e-04 -3.14672533e-03 
 8.70963590e+09  5.41158652e-04 -3.07887457e-03 
 8.91250938e+09  5.19785102e-04 -3.01234886e-03 
 9.12010839e+09  4.99284333e-04 -2.94712951e-03 
 9.33254301e+09  4.79623734e-04 -2.88319779e-03 
 9.54992586e+09  4.60771705e-04 -2.82053492e-03 
 9.77237221e+09  4.42697643e-04 -2.75912208e-03 
 1.00000000e+10  4.25371916e-04 -2.69894042e-03 
 1.02329299e+10  4.08765847e-04 -2.63997108e-03 
 1.04712855e+10  3.92851694e-04 -2.58219521e-03 
 1.07151931e+10  3.77602628e-04 -2.52559395e-03 
 1.09647820e+10  3.62992717e-04 -2.47014849e-03 
 1.12201845e+10  3.48996900e-04 -2.41584004e-03 
 1.14815362e+10  3.35590971e-04 -2.36264988e-03 
 1.17489755e+10  3.22751560e-04 -2.31055933e-03 
 1.20226443e+10  3.10456107e-04 -2.25954980e-03 
 1.23026877e+10  2.98682848e-04 -2.20960279e-03 
 1.25892541e+10  2.87410790e-04 -2.16069989e-03 
 1.28824955e+10  2.76619693e-04 -2.11282280e-03 
 1.31825674e+10  2.66290050e-04 -2.06595334e-03 
 1.34896288e+10  2.56403066e-04 -2.02007349e-03 
 1.38038426e+10  2.46940636e-04 -1.97516533e-03 
 1.41253754e+10  2.37885330e-04 -1.93121111e-03 
 1.44543977e+10  2.29220368e-04 -1.88819324e-03 
 1.47910839e+10  2.20929606e-04 -1.84609430e-03 
 1.51356125e+10  2.12997509e-04 -1.80489704e-03 
 1.54881662e+10  2.05409140e-04 -1.76458438e-03 
 1.58489319e+10  1.98150138e-04 -1.72513946e-03 
 1.62181010e+10  1.91206696e-04 -1.68654558e-03 
 1.65958691e+10  1.84565549e-04 -1.64878626e-03 
 1.69824365e+10  1.78213952e-04 -1.61184522e-03 
 1.73780083e+10  1.72139664e-04 -1.57570639e-03 
 1.77827941e+10  1.66330929e-04 -1.54035391e-03 
 1.81970086e+10  1.60776463e-04 -1.50577214e-03 
 1.86208714e+10  1.55465433e-04 -1.47194566e-03 
 1.90546072e+10  1.50387446e-04 -1.43885927e-03 
 1.94984460e+10  1.45532528e-04 -1.40649799e-03 
 1.99526231e+10  1.40891113e-04 -1.37484708e-03 
 2.04173794e+10  1.36454025e-04 -1.34389202e-03 
 2.08929613e+10  1.32212467e-04 -1.31361851e-03 
 2.13796209e+10  1.28158002e-04 -1.28401249e-03 
 2.18776162e+10  1.24282547e-04 -1.25506013e-03 
 2.23872114e+10  1.20578351e-04 -1.22674783e-03 
 2.29086765e+10  1.17037988e-04 -1.19906220e-03 
 2.34422882e+10  1.13654343e-04 -1.17199011e-03 
 2.39883292e+10  1.10420601e-04 -1.14551864e-03 
 2.45470892e+10  1.07330231e-04 -1.11963510e-03 
 2.51188643e+10  1.04376982e-04 -1.09432703e-03 
 2.57039578e+10  1.01554865e-04 -1.06958219e-03 
 2.63026799e+10  9.88581462e-05 -1.04538856e-03 
 2.69153480e+10  9.62813373e-05 -1.02173436e-03 
 2.75422870e+10  9.38191833e-05 -9.98608009e-04 
 2.81838293e+10  9.14666549e-05 -9.75998153e-04 
 2.88403150e+10  8.92189387e-05 -9.53893653e-04 
 2.95120923e+10  8.70714280e-05 -9.32283583e-04 
 3.01995172e+10  8.50197152e-05 -9.11157227e-04 
 3.09029543e+10  8.30595831e-05 -8.90504080e-04 
 3.16227766e+10  8.11869970e-05 -8.70313841e-04 
 3.23593657e+10  7.93980974e-05 -8.50576413e-04 
 3.31131121e+10  7.76891925e-05 -8.31281900e-04 
 3.38844156e+10  7.60567514e-05 -8.12420603e-04 
 3.46736850e+10  7.44973970e-05 -7.93983019e-04 
 3.54813389e+10  7.30079001e-05 -7.75959838e-04 
 3.63078055e+10  7.15851727e-05 -7.58341939e-04 
 3.71535229e+10  7.02262623e-05 -7.41120387e-04 
 3.80189396e+10  6.89283460e-05 -7.24286432e-04 
 3.89045145e+10  6.76887251e-05 -7.07831504e-04 
 3.98107171e+10  6.65048200e-05 -6.91747210e-04 
 4.07380278e+10  6.53741646e-05 -6.76025334e-04 
 4.16869383e+10  6.42944021e-05 -6.60657831e-04 
 4.26579519e+10  6.32632799e-05 -6.45636824e-04 
 4.36515832e+10  6.22786451e-05 -6.30954604e-04 
 4.46683592e+10  6.13384407e-05 -6.16603624e-04 
 4.57088190e+10  6.04407009e-05 -6.02576497e-04 
 4.67735141e+10  5.95835476e-05 -5.88865994e-04 
 4.78630092e+10  5.87651864e-05 -5.75465041e-04 
 4.89778819e+10  5.79839031e-05 -5.62366715e-04 
 5.01187234e+10  5.72380601e-05 -5.49564241e-04 
 5.12861384e+10  5.65260933e-05 -5.37050991e-04 
 5.24807460e+10  5.58465088e-05 -5.24820481e-04 
 5.37031796e+10  5.51978799e-05 -5.12866366e-04 
 5.49540874e+10  5.45788441e-05 -5.01182439e-04 
 5.62341325e+10  5.39881006e-05 -4.89762629e-04 
 5.75439937e+10  5.34244071e-05 -4.78600997e-04 
 5.88843655e+10  5.28865780e-05 -4.67691734e-04 
 6.02559586e+10  5.23734812e-05 -4.57029157e-04 
 6.16595002e+10  5.18840363e-05 -4.46607710e-04 
 6.30957344e+10  5.14172124e-05 -4.36421957e-04 
 6.45654229e+10  5.09720253e-05 -4.26466584e-04 
 6.60693448e+10  5.05475364e-05 -4.16736393e-04 
 6.76082975e+10  5.01428499e-05 -4.07226300e-04 
 6.91830971e+10  4.97571117e-05 -3.97931337e-04 
 7.07945784e+10  4.93895069e-05 -3.88846642e-04 
 7.24435960e+10  4.90392586e-05 -3.79967466e-04 
 7.41310241e+10  4.87056260e-05 -3.71289161e-04 
 7.58577575e+10  4.83879031e-05 -3.62807186e-04 
 7.76247117e+10  4.80854168e-05 -3.54517102e-04 
 7.94328235e+10  4.77975259e-05 -3.46414566e-04 
 8.12830516e+10  4.75236195e-05 -3.38495336e-04 
 8.31763771e+10  4.72631156e-05 -3.30755263e-04 
 8.51138038e+10  4.70154603e-05 -3.23190295e-04 
 8.70963590e+10  4.67801258e-05 -3.15796467e-04 
 8.91250938e+10  4.65566101e-05 -3.08569907e-04 
 9.12010839e+10  4.63444355e-05 -3.01506829e-04 
 9.33254301e+10  4.61431472e-05 -2.94603535e-04 
 9.54992586e+10  4.59523131e-05 -2.87856410e-04 
 9.77237221e+10  4.57715220e-05 -2.81261922e-04 
 1.00000000e+11  4.56003830e-05 -2.74816619e-04 
 1.02329299e+11  4.54385249e-05 -2.68517129e-04 
 1.04712855e+11  4.52855946e-05 -2.62360158e-04 
 1.07151931e+11  4.51412570e-05 -2.56342488e-04 
 1.09647820e+11  4.50051936e-05 -2.50460974e-04 
 1.12201845e+11  4.48771019e-05 -2.44712546e-04 
 1.14815362e+11  4.47566947e-05 -2.39094205e-04 
 1.17489755e+11  4.46436995e-05 -2.33603022e-04 
 1.20226443e+11  4.45378572e-05 -2.28236135e-04 
 1.23026877e+11  4.44389219e-05 -2.22990753e-04 
 1.25892541e+11  4.43466599e-05 -2.17864147e-04 
 1.28824955e+11  4.42608494e-05 -2.12853654e-04 
 1.31825674e+11  4.41812792e-05 -2.07956676e-04 
 1.34896288e+11  4.41077486e-05 -2.03170675e-04 
 1.38038426e+11  4.40400664e-05 -1.98493174e-04 
 1.41253754e+11  4.39780506e-05 -1.93921755e-04 
 1.44543977e+11  4.39215273e-05 -1.89454059e-04 
 1.47910839e+11  4.38703305e-05 -1.85087784e-04 
 1.51356125e+11  4.38243015e-05 -1.80820682e-04 
 1.54881662e+11  4.37832880e-05 -1.76650562e-04 
 1.58489319e+11  4.37471437e-05 -1.72575284e-04 
 1.62181010e+11  4.37157278e-05 -1.68592760e-04 
 1.65958691e+11  4.36889046e-05 -1.64700954e-04 
 1.69824365e+11  4.36665427e-05 -1.60897878e-04 
 1.73780083e+11  4.36485148e-05 -1.57181594e-04 
 1.77827941e+11  4.36346972e-05 -1.53550209e-04 
 1.81970086e+11  4.36249691e-05 -1.50001878e-04 
 1.86208714e+11  4.36192128e-05 -1.46534799e-04 
 1.90546072e+11  4.36173128e-05 -1.43147213e-04 
 1.94984460e+11  4.36191560e-05 -1.39837405e-04 
 1.99526231e+11  4.36246309e-05 -1.36603700e-04 
 2.04173794e+11  4.36336280e-05 -1.33444463e-04 
 2.08929613e+11  4.36460392e-05 -1.30358099e-04 
 2.13796209e+11  4.36617575e-05 -1.27343048e-04 
 2.18776162e+11  4.36806777e-05 -1.24397789e-04 
 2.23872114e+11  4.37026953e-05 -1.21520836e-04 
 2.29086765e+11  4.37277073e-05 -1.18710738e-04 
 2.34422882e+11  4.37556117e-05 -1.15966076e-04 
 2.39883292e+11  4.37863075e-05 -1.13285467e-04 
 2.45470892e+11  4.38196952e-05 -1.10667557e-04 
 2.51188643e+11  4.38556761e-05 -1.08111025e-04 
 2.57039578e+11  4.38941531e-05 -1.05614579e-04 
 2.63026799e+11  4.39350301e-05 -1.03176959e-04 
 2.69153480e+11  4.39782123e-05 -1.00796932e-04 
 2.75422870e+11  4.40236060e-05 -9.84732947e-05 
 2.81838293e+11  4.40711191e-05 -9.62048707e-05 
 2.88403150e+11  4.41206604e-05 -9.39905117e-05 
 2.95120923e+11  4.41721399e-05 -9.18290959e-05 
 3.01995172e+11  4.42254688e-05 -8.97195277e-05 
 3.09029543e+11  4.42805592e-05 -8.76607373e-05 
 3.16227766e+11  4.43373240e-05 -8.56516802e-05 
 3.23593657e+11  4.43956771e-05 -8.36913363e-05 
 3.31131121e+11  4.44555326e-05 -8.17787100e-05 
 3.38844156e+11  4.45168056e-05 -7.99128291e-05 
 3.46736850e+11  4.45794109e-05 -7.80927446e-05 
 3.54813389e+11  4.46432638e-05 -7.63175303e-05 
 3.63078055e+11  4.47082796e-05 -7.45862817e-05 
 3.71535229e+11  4.47743732e-05 -7.28981159e-05 
 3.80189396e+11  4.48414595e-05 -7.12521711e-05 
 3.89045145e+11  4.49094529e-05 -6.96476055e-05 
 3.98107171e+11  4.49782671e-05 -6.80835974e-05 
 4.07380278e+11  4.50478155e-05 -6.65593439e-05 
 4.16869383e+11  4.51180107e-05 -6.50740611e-05 
 4.26579519e+11  4.51887648e-05 -6.36269829e-05 
 4.36515832e+11  4.52599890e-05 -6.22173607e-05 
 4.46683592e+11  4.53315941e-05 -6.08444629e-05 
 4.57088190e+11  4.54034901e-05 -5.95075743e-05 
 4.67735141e+11  4.54755867e-05 -5.82059957e-05 
 4.78630092e+11  4.55477929e-05 -5.69390432e-05 
 4.89778819e+11  4.56200175e-05 -5.57060481e-05 
 5.01187234e+11  4.56921691e-05 -5.45063561e-05 
 5.12861384e+11  4.57641559e-05 -5.33393272e-05 
 5.24807460e+11  4.58358864e-05 -5.22043353e-05 
 5.37031796e+11  4.59072691e-05 -5.11007677e-05 
 5.49540874e+11  4.59782128e-05 -5.00280252e-05 
 5.62341325e+11  4.60486265e-05 -4.89855214e-05 
 5.75439937e+11  4.61184200e-05 -4.79726826e-05 
 5.88843655e+11  4.61875034e-05 -4.69889481e-05 
 6.02559586e+11  4.62557874e-05 -4.60337692e-05 
 6.16595002e+11  4.63231837e-05 -4.51066098e-05 
 6.30957344e+11  4.63896045e-05 -4.42069458e-05 
 6.45654229e+11  4.64549628e-05 -4.33342655e-05 
 6.60693448e+11  4.65191724e-05 -4.24880690e-05 
 6.76082975e+11  4.65821476e-05 -4.16678683e-05 
 6.91830971e+11  4.66438034e-05 -4.08731877e-05 
 7.07945784e+11  4.67040554e-05 -4.01035631e-05 
 7.24435960e+11  4.67628194e-05 -3.93585424e-05 
 7.41310241e+11  4.68200114e-05 -3.86376852e-05 
 7.58577575e+11  4.68755474e-05 -3.79405631e-05 
 7.76247117e+11  4.69293430e-05 -3.72667591e-05 
 7.94328235e+11  4.69813135e-05 -3.66158683e-05 
 8.12830516e+11  4.70313729e-05 -3.59874970e-05 
 8.31763771e+11  4.70794346e-05 -3.53812632e-05 
 8.51138038e+11  4.71254099e-05 -3.47967963e-05 
 8.70963590e+11  4.71692087e-05 -3.42337368e-05 
 8.91250938e+11  4.72107381e-05 -3.36917364e-05 
 9.12010839e+11  4.72499028e-05 -3.31704576e-05 
 9.33254301e+11  4.72866042e-05 -3.26695735e-05 
 9.54992586e+11  4.73207401e-05 -3.21887677e-05 
 9.77237221e+11  4.73522039e-05 -3.17277335e-05 
 1.00000000e+12  4.73808849e-05 -3.12861743e-05 
