 frequency       ac1.vout1-ac1.vout2 ac1.vout1-ac1.vout2
 1.00000000e+01 -4.12652721e+01  4.02476941e-07 
 1.02329299e+01 -4.12652721e+01  4.11851833e-07 
 1.04712855e+01 -4.12652721e+01  4.21445095e-07 
 1.07151931e+01 -4.12652721e+01  4.31261812e-07 
 1.09647820e+01 -4.12652721e+01  4.41307190e-07 
 1.12201845e+01 -4.12652721e+01  4.51586555e-07 
 1.14815362e+01 -4.12652721e+01  4.62105358e-07 
 1.17489755e+01 -4.12652721e+01  4.72869174e-07 
 1.20226443e+01 -4.12652721e+01  4.83883712e-07 
 1.23026877e+01 -4.12652721e+01  4.95154812e-07 
 1.25892541e+01 -4.12652721e+01  5.06688449e-07 
 1.28824955e+01 -4.12652721e+01  5.18490739e-07 
 1.31825674e+01 -4.12652721e+01  5.30567940e-07 
 1.34896288e+01 -4.12652721e+01  5.42926455e-07 
 1.38038426e+01 -4.12652721e+01  5.55572836e-07 
 1.41253754e+01 -4.12652721e+01  5.68513790e-07 
 1.44543977e+01 -4.12652721e+01  5.81756178e-07 
 1.47910839e+01 -4.12652721e+01  5.95307020e-07 
 1.51356125e+01 -4.12652721e+01  6.09173501e-07 
 1.54881662e+01 -4.12652721e+01  6.23362975e-07 
 1.58489319e+01 -4.12652721e+01  6.37882964e-07 
 1.62181010e+01 -4.12652721e+01  6.52741167e-07 
 1.65958691e+01 -4.12652721e+01  6.67945462e-07 
 1.69824365e+01 -4.12652721e+01  6.83503911e-07 
 1.73780083e+01 -4.12652721e+01  6.99424762e-07 
 1.77827941e+01 -4.12652721e+01  7.15716457e-07 
 1.81970086e+01 -4.12652721e+01  7.32387635e-07 
 1.86208714e+01 -4.12652721e+01  7.49447135e-07 
 1.90546072e+01 -4.12652721e+01  7.66904001e-07 
 1.94984460e+01 -4.12652721e+01  7.84767490e-07 
 1.99526231e+01 -4.12652721e+01  8.03047073e-07 
 2.04173794e+01 -4.12652721e+01  8.21752443e-07 
 2.08929613e+01 -4.12652721e+01  8.40893516e-07 
 2.13796209e+01 -4.12652721e+01  8.60480442e-07 
 2.18776162e+01 -4.12652721e+01  8.80523606e-07 
 2.23872114e+01 -4.12652721e+01  9.01033636e-07 
 2.29086765e+01 -4.12652721e+01  9.22021405e-07 
 2.34422882e+01 -4.12652721e+01  9.43498043e-07 
 2.39883292e+01 -4.12652721e+01  9.65474936e-07 
 2.45470892e+01 -4.12652721e+01  9.87963736e-07 
 2.51188643e+01 -4.12652721e+01  1.01097637e-06 
 2.57039578e+01 -4.12652721e+01  1.03452503e-06 
 2.63026799e+01 -4.12652721e+01  1.05862222e-06 
 2.69153480e+01 -4.12652721e+01  1.08328069e-06 
 2.75422870e+01 -4.12652721e+01  1.10851354e-06 
 2.81838293e+01 -4.12652721e+01  1.13433414e-06 
 2.88403150e+01 -4.12652721e+01  1.16075618e-06 
 2.95120923e+01 -4.12652721e+01  1.18779366e-06 
 3.01995172e+01 -4.12652721e+01  1.21546093e-06 
 3.09029543e+01 -4.12652721e+01  1.24377265e-06 
 3.16227766e+01 -4.12652721e+01  1.27274384e-06 
 3.23593657e+01 -4.12652721e+01  1.30238985e-06 
 3.31131121e+01 -4.12652721e+01  1.33272641e-06 
 3.38844156e+01 -4.12652721e+01  1.36376959e-06 
 3.46736850e+01 -4.12652721e+01  1.39553587e-06 
 3.54813389e+01 -4.12652721e+01  1.42804208e-06 
 3.63078055e+01 -4.12652721e+01  1.46130545e-06 
 3.71535229e+01 -4.12652721e+01  1.49534363e-06 
 3.80189396e+01 -4.12652721e+01  1.53017465e-06 
 3.89045145e+01 -4.12652721e+01  1.56581700e-06 
 3.98107171e+01 -4.12652721e+01  1.60228956e-06 
 4.07380278e+01 -4.12652721e+01  1.63961168e-06 
 4.16869383e+01 -4.12652721e+01  1.67780314e-06 
 4.26579519e+01 -4.12652721e+01  1.71688420e-06 
 4.36515832e+01 -4.12652721e+01  1.75687557e-06 
 4.46683592e+01 -4.12652721e+01  1.79779846e-06 
 4.57088190e+01 -4.12652721e+01  1.83967456e-06 
 4.67735141e+01 -4.12652721e+01  1.88252609e-06 
 4.78630092e+01 -4.12652721e+01  1.92637575e-06 
 4.89778819e+01 -4.12652721e+01  1.97124681e-06 
 5.01187234e+01 -4.12652721e+01  2.01716305e-06 
 5.12861384e+01 -4.12652721e+01  2.06414881e-06 
 5.24807460e+01 -4.12652721e+01  2.11222901e-06 
 5.37031796e+01 -4.12652721e+01  2.16142915e-06 
 5.49540874e+01 -4.12652721e+01  2.21177530e-06 
 5.62341325e+01 -4.12652721e+01  2.26329416e-06 
 5.75439937e+01 -4.12652721e+01  2.31601306e-06 
 5.88843655e+01 -4.12652721e+01  2.36995993e-06 
 6.02559586e+01 -4.12652721e+01  2.42516339e-06 
 6.16595002e+01 -4.12652721e+01  2.48165270e-06 
 6.30957344e+01 -4.12652721e+01  2.53945782e-06 
 6.45654229e+01 -4.12652721e+01  2.59860939e-06 
 6.60693448e+01 -4.12652721e+01  2.65913878e-06 
 6.76082975e+01 -4.12652721e+01  2.72107808e-06 
 6.91830971e+01 -4.12652721e+01  2.78446013e-06 
 7.07945784e+01 -4.12652721e+01  2.84931854e-06 
 7.24435960e+01 -4.12652721e+01  2.91568769e-06 
 7.41310241e+01 -4.12652721e+01  2.98360278e-06 
 7.58577575e+01 -4.12652721e+01  3.05309982e-06 
 7.76247117e+01 -4.12652721e+01  3.12421565e-06 
 7.94328235e+01 -4.12652721e+01  3.19698798e-06 
 8.12830516e+01 -4.12652721e+01  3.27145540e-06 
 8.31763771e+01 -4.12652721e+01  3.34765738e-06 
 8.51138038e+01 -4.12652721e+01  3.42563434e-06 
 8.70963590e+01 -4.12652721e+01  3.50542762e-06 
 8.91250938e+01 -4.12652721e+01  3.58707951e-06 
 9.12010839e+01 -4.12652721e+01  3.67063333e-06 
 9.33254301e+01 -4.12652721e+01  3.75613336e-06 
 9.54992586e+01 -4.12652721e+01  3.84362495e-06 
 9.77237221e+01 -4.12652721e+01  3.93315447e-06 
 1.00000000e+02 -4.12652721e+01  4.02476941e-06 
 1.02329299e+02 -4.12652721e+01  4.11851833e-06 
 1.04712855e+02 -4.12652721e+01  4.21445095e-06 
 1.07151931e+02 -4.12652721e+01  4.31261812e-06 
 1.09647820e+02 -4.12652721e+01  4.41307190e-06 
 1.12201845e+02 -4.12652721e+01  4.51586555e-06 
 1.14815362e+02 -4.12652721e+01  4.62105358e-06 
 1.17489755e+02 -4.12652721e+01  4.72869174e-06 
 1.20226443e+02 -4.12652721e+01  4.83883712e-06 
 1.23026877e+02 -4.12652721e+01  4.95154812e-06 
 1.25892541e+02 -4.12652721e+01  5.06688449e-06 
 1.28824955e+02 -4.12652721e+01  5.18490739e-06 
 1.31825674e+02 -4.12652721e+01  5.30567940e-06 
 1.34896288e+02 -4.12652721e+01  5.42926455e-06 
 1.38038426e+02 -4.12652721e+01  5.55572836e-06 
 1.41253754e+02 -4.12652721e+01  5.68513790e-06 
 1.44543977e+02 -4.12652721e+01  5.81756178e-06 
 1.47910839e+02 -4.12652721e+01  5.95307020e-06 
 1.51356125e+02 -4.12652721e+01  6.09173501e-06 
 1.54881662e+02 -4.12652721e+01  6.23362975e-06 
 1.58489319e+02 -4.12652721e+01  6.37882964e-06 
 1.62181010e+02 -4.12652721e+01  6.52741167e-06 
 1.65958691e+02 -4.12652721e+01  6.67945462e-06 
 1.69824365e+02 -4.12652721e+01  6.83503911e-06 
 1.73780083e+02 -4.12652721e+01  6.99424762e-06 
 1.77827941e+02 -4.12652721e+01  7.15716457e-06 
 1.81970086e+02 -4.12652721e+01  7.32387635e-06 
 1.86208714e+02 -4.12652721e+01  7.49447135e-06 
 1.90546072e+02 -4.12652721e+01  7.66904001e-06 
 1.94984460e+02 -4.12652721e+01  7.84767490e-06 
 1.99526231e+02 -4.12652721e+01  8.03047073e-06 
 2.04173794e+02 -4.12652721e+01  8.21752443e-06 
 2.08929613e+02 -4.12652721e+01  8.40893516e-06 
 2.13796209e+02 -4.12652721e+01  8.60480442e-06 
 2.18776162e+02 -4.12652721e+01  8.80523606e-06 
 2.23872114e+02 -4.12652721e+01  9.01033636e-06 
 2.29086765e+02 -4.12652721e+01  9.22021405e-06 
 2.34422882e+02 -4.12652721e+01  9.43498043e-06 
 2.39883292e+02 -4.12652721e+01  9.65474936e-06 
 2.45470892e+02 -4.12652721e+01  9.87963736e-06 
 2.51188643e+02 -4.12652721e+01  1.01097637e-05 
 2.57039578e+02 -4.12652721e+01  1.03452503e-05 
 2.63026799e+02 -4.12652721e+01  1.05862222e-05 
 2.69153480e+02 -4.12652721e+01  1.08328069e-05 
 2.75422870e+02 -4.12652721e+01  1.10851354e-05 
 2.81838293e+02 -4.12652721e+01  1.13433414e-05 
 2.88403150e+02 -4.12652721e+01  1.16075618e-05 
 2.95120923e+02 -4.12652721e+01  1.18779366e-05 
 3.01995172e+02 -4.12652721e+01  1.21546093e-05 
 3.09029543e+02 -4.12652721e+01  1.24377265e-05 
 3.16227766e+02 -4.12652721e+01  1.27274384e-05 
 3.23593657e+02 -4.12652721e+01  1.30238985e-05 
 3.31131121e+02 -4.12652721e+01  1.33272641e-05 
 3.38844156e+02 -4.12652721e+01  1.36376959e-05 
 3.46736850e+02 -4.12652721e+01  1.39553587e-05 
 3.54813389e+02 -4.12652721e+01  1.42804208e-05 
 3.63078055e+02 -4.12652721e+01  1.46130545e-05 
 3.71535229e+02 -4.12652721e+01  1.49534363e-05 
 3.80189396e+02 -4.12652721e+01  1.53017465e-05 
 3.89045145e+02 -4.12652721e+01  1.56581700e-05 
 3.98107171e+02 -4.12652721e+01  1.60228956e-05 
 4.07380278e+02 -4.12652721e+01  1.63961168e-05 
 4.16869383e+02 -4.12652721e+01  1.67780314e-05 
 4.26579519e+02 -4.12652721e+01  1.71688420e-05 
 4.36515832e+02 -4.12652721e+01  1.75687557e-05 
 4.46683592e+02 -4.12652721e+01  1.79779846e-05 
 4.57088190e+02 -4.12652721e+01  1.83967456e-05 
 4.67735141e+02 -4.12652721e+01  1.88252609e-05 
 4.78630092e+02 -4.12652721e+01  1.92637575e-05 
 4.89778819e+02 -4.12652721e+01  1.97124681e-05 
 5.01187234e+02 -4.12652721e+01  2.01716305e-05 
 5.12861384e+02 -4.12652721e+01  2.06414881e-05 
 5.24807460e+02 -4.12652721e+01  2.11222901e-05 
 5.37031796e+02 -4.12652721e+01  2.16142915e-05 
 5.49540874e+02 -4.12652721e+01  2.21177530e-05 
 5.62341325e+02 -4.12652721e+01  2.26329416e-05 
 5.75439937e+02 -4.12652721e+01  2.31601306e-05 
 5.88843655e+02 -4.12652721e+01  2.36995993e-05 
 6.02559586e+02 -4.12652721e+01  2.42516339e-05 
 6.16595002e+02 -4.12652721e+01  2.48165270e-05 
 6.30957344e+02 -4.12652721e+01  2.53945782e-05 
 6.45654229e+02 -4.12652721e+01  2.59860939e-05 
 6.60693448e+02 -4.12652721e+01  2.65913878e-05 
 6.76082975e+02 -4.12652721e+01  2.72107808e-05 
 6.91830971e+02 -4.12652721e+01  2.78446013e-05 
 7.07945784e+02 -4.12652721e+01  2.84931854e-05 
 7.24435960e+02 -4.12652721e+01  2.91568769e-05 
 7.41310241e+02 -4.12652721e+01  2.98360278e-05 
 7.58577575e+02 -4.12652721e+01  3.05309982e-05 
 7.76247117e+02 -4.12652721e+01  3.12421565e-05 
 7.94328235e+02 -4.12652721e+01  3.19698798e-05 
 8.12830516e+02 -4.12652721e+01  3.27145540e-05 
 8.31763771e+02 -4.12652721e+01  3.34765738e-05 
 8.51138038e+02 -4.12652721e+01  3.42563434e-05 
 8.70963590e+02 -4.12652721e+01  3.50542762e-05 
 8.91250938e+02 -4.12652721e+01  3.58707951e-05 
 9.12010839e+02 -4.12652721e+01  3.67063333e-05 
 9.33254301e+02 -4.12652721e+01  3.75613336e-05 
 9.54992586e+02 -4.12652721e+01  3.84362495e-05 
 9.77237221e+02 -4.12652721e+01  3.93315447e-05 
 1.00000000e+03 -4.12652721e+01  4.02476941e-05 
 1.02329299e+03 -4.12652721e+01  4.11851833e-05 
 1.04712855e+03 -4.12652721e+01  4.21445095e-05 
 1.07151931e+03 -4.12652721e+01  4.31261812e-05 
 1.09647820e+03 -4.12652721e+01  4.41307190e-05 
 1.12201845e+03 -4.12652721e+01  4.51586555e-05 
 1.14815362e+03 -4.12652721e+01  4.62105358e-05 
 1.17489755e+03 -4.12652721e+01  4.72869174e-05 
 1.20226443e+03 -4.12652721e+01  4.83883712e-05 
 1.23026877e+03 -4.12652721e+01  4.95154812e-05 
 1.25892541e+03 -4.12652721e+01  5.06688449e-05 
 1.28824955e+03 -4.12652721e+01  5.18490739e-05 
 1.31825674e+03 -4.12652721e+01  5.30567940e-05 
 1.34896288e+03 -4.12652721e+01  5.42926455e-05 
 1.38038426e+03 -4.12652721e+01  5.55572836e-05 
 1.41253754e+03 -4.12652721e+01  5.68513790e-05 
 1.44543977e+03 -4.12652721e+01  5.81756178e-05 
 1.47910839e+03 -4.12652721e+01  5.95307020e-05 
 1.51356125e+03 -4.12652721e+01  6.09173501e-05 
 1.54881662e+03 -4.12652721e+01  6.23362975e-05 
 1.58489319e+03 -4.12652721e+01  6.37882964e-05 
 1.62181010e+03 -4.12652721e+01  6.52741167e-05 
 1.65958691e+03 -4.12652721e+01  6.67945462e-05 
 1.69824365e+03 -4.12652721e+01  6.83503911e-05 
 1.73780083e+03 -4.12652721e+01  6.99424762e-05 
 1.77827941e+03 -4.12652721e+01  7.15716457e-05 
 1.81970086e+03 -4.12652721e+01  7.32387635e-05 
 1.86208714e+03 -4.12652721e+01  7.49447135e-05 
 1.90546072e+03 -4.12652721e+01  7.66904001e-05 
 1.94984460e+03 -4.12652721e+01  7.84767490e-05 
 1.99526231e+03 -4.12652721e+01  8.03047073e-05 
 2.04173794e+03 -4.12652721e+01  8.21752443e-05 
 2.08929613e+03 -4.12652721e+01  8.40893516e-05 
 2.13796209e+03 -4.12652721e+01  8.60480442e-05 
 2.18776162e+03 -4.12652721e+01  8.80523606e-05 
 2.23872114e+03 -4.12652721e+01  9.01033636e-05 
 2.29086765e+03 -4.12652721e+01  9.22021405e-05 
 2.34422882e+03 -4.12652721e+01  9.43498043e-05 
 2.39883292e+03 -4.12652721e+01  9.65474935e-05 
 2.45470892e+03 -4.12652721e+01  9.87963736e-05 
 2.51188643e+03 -4.12652721e+01  1.01097637e-04 
 2.57039578e+03 -4.12652721e+01  1.03452503e-04 
 2.63026799e+03 -4.12652721e+01  1.05862222e-04 
 2.69153480e+03 -4.12652721e+01  1.08328069e-04 
 2.75422870e+03 -4.12652721e+01  1.10851354e-04 
 2.81838293e+03 -4.12652721e+01  1.13433414e-04 
 2.88403150e+03 -4.12652721e+01  1.16075618e-04 
 2.95120923e+03 -4.12652721e+01  1.18779366e-04 
 3.01995172e+03 -4.12652721e+01  1.21546093e-04 
 3.09029543e+03 -4.12652721e+01  1.24377265e-04 
 3.16227766e+03 -4.12652721e+01  1.27274384e-04 
 3.23593657e+03 -4.12652721e+01  1.30238985e-04 
 3.31131121e+03 -4.12652721e+01  1.33272641e-04 
 3.38844156e+03 -4.12652721e+01  1.36376959e-04 
 3.46736850e+03 -4.12652721e+01  1.39553587e-04 
 3.54813389e+03 -4.12652721e+01  1.42804208e-04 
 3.63078055e+03 -4.12652721e+01  1.46130545e-04 
 3.71535229e+03 -4.12652721e+01  1.49534363e-04 
 3.80189396e+03 -4.12652721e+01  1.53017465e-04 
 3.89045145e+03 -4.12652721e+01  1.56581700e-04 
 3.98107171e+03 -4.12652721e+01  1.60228956e-04 
 4.07380278e+03 -4.12652721e+01  1.63961168e-04 
 4.16869383e+03 -4.12652721e+01  1.67780314e-04 
 4.26579519e+03 -4.12652721e+01  1.71688420e-04 
 4.36515832e+03 -4.12652721e+01  1.75687557e-04 
 4.46683592e+03 -4.12652721e+01  1.79779846e-04 
 4.57088190e+03 -4.12652721e+01  1.83967456e-04 
 4.67735141e+03 -4.12652721e+01  1.88252609e-04 
 4.78630092e+03 -4.12652721e+01  1.92637575e-04 
 4.89778819e+03 -4.12652721e+01  1.97124681e-04 
 5.01187234e+03 -4.12652721e+01  2.01716305e-04 
 5.12861384e+03 -4.12652721e+01  2.06414881e-04 
 5.24807460e+03 -4.12652721e+01  2.11222901e-04 
 5.37031796e+03 -4.12652721e+01  2.16142915e-04 
 5.49540874e+03 -4.12652721e+01  2.21177530e-04 
 5.62341325e+03 -4.12652721e+01  2.26329416e-04 
 5.75439937e+03 -4.12652721e+01  2.31601306e-04 
 5.88843655e+03 -4.12652721e+01  2.36995993e-04 
 6.02559586e+03 -4.12652721e+01  2.42516339e-04 
 6.16595002e+03 -4.12652721e+01  2.48165270e-04 
 6.30957344e+03 -4.12652721e+01  2.53945782e-04 
 6.45654229e+03 -4.12652721e+01  2.59860939e-04 
 6.60693448e+03 -4.12652721e+01  2.65913878e-04 
 6.76082975e+03 -4.12652721e+01  2.72107808e-04 
 6.91830971e+03 -4.12652721e+01  2.78446013e-04 
 7.07945784e+03 -4.12652721e+01  2.84931854e-04 
 7.24435960e+03 -4.12652721e+01  2.91568769e-04 
 7.41310241e+03 -4.12652721e+01  2.98360278e-04 
 7.58577575e+03 -4.12652721e+01  3.05309982e-04 
 7.76247117e+03 -4.12652721e+01  3.12421565e-04 
 7.94328235e+03 -4.12652721e+01  3.19698798e-04 
 8.12830516e+03 -4.12652721e+01  3.27145540e-04 
 8.31763771e+03 -4.12652721e+01  3.34765738e-04 
 8.51138038e+03 -4.12652721e+01  3.42563434e-04 
 8.70963590e+03 -4.12652721e+01  3.50542761e-04 
 8.91250938e+03 -4.12652721e+01  3.58707951e-04 
 9.12010839e+03 -4.12652721e+01  3.67063333e-04 
 9.33254301e+03 -4.12652721e+01  3.75613336e-04 
 9.54992586e+03 -4.12652721e+01  3.84362495e-04 
 9.77237221e+03 -4.12652721e+01  3.93315447e-04 
 1.00000000e+04 -4.12652721e+01  4.02476941e-04 
 1.02329299e+04 -4.12652721e+01  4.11851833e-04 
 1.04712855e+04 -4.12652721e+01  4.21445095e-04 
 1.07151931e+04 -4.12652721e+01  4.31261812e-04 
 1.09647820e+04 -4.12652721e+01  4.41307190e-04 
 1.12201845e+04 -4.12652721e+01  4.51586555e-04 
 1.14815362e+04 -4.12652721e+01  4.62105357e-04 
 1.17489755e+04 -4.12652721e+01  4.72869174e-04 
 1.20226443e+04 -4.12652721e+01  4.83883712e-04 
 1.23026877e+04 -4.12652721e+01  4.95154812e-04 
 1.25892541e+04 -4.12652721e+01  5.06688449e-04 
 1.28824955e+04 -4.12652721e+01  5.18490739e-04 
 1.31825674e+04 -4.12652721e+01  5.30567940e-04 
 1.34896288e+04 -4.12652721e+01  5.42926455e-04 
 1.38038426e+04 -4.12652721e+01  5.55572836e-04 
 1.41253754e+04 -4.12652721e+01  5.68513790e-04 
 1.44543977e+04 -4.12652721e+01  5.81756177e-04 
 1.47910839e+04 -4.12652721e+01  5.95307020e-04 
 1.51356125e+04 -4.12652721e+01  6.09173501e-04 
 1.54881662e+04 -4.12652721e+01  6.23362975e-04 
 1.58489319e+04 -4.12652721e+01  6.37882964e-04 
 1.62181010e+04 -4.12652721e+01  6.52741167e-04 
 1.65958691e+04 -4.12652721e+01  6.67945462e-04 
 1.69824365e+04 -4.12652721e+01  6.83503910e-04 
 1.73780083e+04 -4.12652721e+01  6.99424762e-04 
 1.77827941e+04 -4.12652721e+01  7.15716457e-04 
 1.81970086e+04 -4.12652721e+01  7.32387635e-04 
 1.86208714e+04 -4.12652721e+01  7.49447135e-04 
 1.90546072e+04 -4.12652721e+01  7.66904001e-04 
 1.94984460e+04 -4.12652721e+01  7.84767490e-04 
 1.99526231e+04 -4.12652721e+01  8.03047073e-04 
 2.04173794e+04 -4.12652721e+01  8.21752442e-04 
 2.08929613e+04 -4.12652721e+01  8.40893515e-04 
 2.13796209e+04 -4.12652721e+01  8.60480442e-04 
 2.18776162e+04 -4.12652721e+01  8.80523606e-04 
 2.23872114e+04 -4.12652721e+01  9.01033635e-04 
 2.29086765e+04 -4.12652721e+01  9.22021405e-04 
 2.34422882e+04 -4.12652721e+01  9.43498042e-04 
 2.39883292e+04 -4.12652721e+01  9.65474935e-04 
 2.45470892e+04 -4.12652721e+01  9.87963735e-04 
 2.51188643e+04 -4.12652721e+01  1.01097637e-03 
 2.57039578e+04 -4.12652721e+01  1.03452503e-03 
 2.63026799e+04 -4.12652721e+01  1.05862222e-03 
 2.69153480e+04 -4.12652721e+01  1.08328069e-03 
 2.75422870e+04 -4.12652721e+01  1.10851354e-03 
 2.81838293e+04 -4.12652721e+01  1.13433414e-03 
 2.88403150e+04 -4.12652721e+01  1.16075618e-03 
 2.95120923e+04 -4.12652721e+01  1.18779366e-03 
 3.01995172e+04 -4.12652721e+01  1.21546093e-03 
 3.09029543e+04 -4.12652721e+01  1.24377265e-03 
 3.16227766e+04 -4.12652721e+01  1.27274384e-03 
 3.23593657e+04 -4.12652721e+01  1.30238985e-03 
 3.31131121e+04 -4.12652721e+01  1.33272641e-03 
 3.38844156e+04 -4.12652721e+01  1.36376959e-03 
 3.46736850e+04 -4.12652721e+01  1.39553587e-03 
 3.54813389e+04 -4.12652721e+01  1.42804207e-03 
 3.63078055e+04 -4.12652721e+01  1.46130545e-03 
 3.71535229e+04 -4.12652721e+01  1.49534362e-03 
 3.80189396e+04 -4.12652721e+01  1.53017465e-03 
 3.89045145e+04 -4.12652721e+01  1.56581700e-03 
 3.98107171e+04 -4.12652721e+01  1.60228956e-03 
 4.07380278e+04 -4.12652721e+01  1.63961168e-03 
 4.16869383e+04 -4.12652721e+01  1.67780314e-03 
 4.26579519e+04 -4.12652721e+01  1.71688420e-03 
 4.36515832e+04 -4.12652721e+01  1.75687557e-03 
 4.46683592e+04 -4.12652721e+01  1.79779845e-03 
 4.57088190e+04 -4.12652721e+01  1.83967456e-03 
 4.67735141e+04 -4.12652721e+01  1.88252609e-03 
 4.78630092e+04 -4.12652721e+01  1.92637575e-03 
 4.89778819e+04 -4.12652720e+01  1.97124681e-03 
 5.01187234e+04 -4.12652720e+01  2.01716304e-03 
 5.12861384e+04 -4.12652720e+01  2.06414881e-03 
 5.24807460e+04 -4.12652720e+01  2.11222901e-03 
 5.37031796e+04 -4.12652720e+01  2.16142914e-03 
 5.49540874e+04 -4.12652720e+01  2.21177529e-03 
 5.62341325e+04 -4.12652720e+01  2.26329416e-03 
 5.75439937e+04 -4.12652720e+01  2.31601305e-03 
 5.88843655e+04 -4.12652720e+01  2.36995992e-03 
 6.02559586e+04 -4.12652720e+01  2.42516338e-03 
 6.16595002e+04 -4.12652720e+01  2.48165269e-03 
 6.30957344e+04 -4.12652720e+01  2.53945781e-03 
 6.45654229e+04 -4.12652720e+01  2.59860938e-03 
 6.60693448e+04 -4.12652720e+01  2.65913877e-03 
 6.76082975e+04 -4.12652720e+01  2.72107807e-03 
 6.91830971e+04 -4.12652720e+01  2.78446012e-03 
 7.07945784e+04 -4.12652719e+01  2.84931852e-03 
 7.24435960e+04 -4.12652719e+01  2.91568768e-03 
 7.41310241e+04 -4.12652719e+01  2.98360277e-03 
 7.58577575e+04 -4.12652719e+01  3.05309980e-03 
 7.76247117e+04 -4.12652719e+01  3.12421563e-03 
 7.94328235e+04 -4.12652719e+01  3.19698796e-03 
 8.12830516e+04 -4.12652719e+01  3.27145538e-03 
 8.31763771e+04 -4.12652719e+01  3.34765736e-03 
 8.51138038e+04 -4.12652719e+01  3.42563432e-03 
 8.70963590e+04 -4.12652718e+01  3.50542759e-03 
 8.91250938e+04 -4.12652718e+01  3.58707949e-03 
 9.12010839e+04 -4.12652718e+01  3.67063330e-03 
 9.33254301e+04 -4.12652718e+01  3.75613333e-03 
 9.54992586e+04 -4.12652718e+01  3.84362492e-03 
 9.77237221e+04 -4.12652718e+01  3.93315444e-03 
 1.00000000e+05 -4.12652718e+01  4.02476937e-03 
 1.02329299e+05 -4.12652717e+01  4.11851829e-03 
 1.04712855e+05 -4.12652717e+01  4.21445091e-03 
 1.07151931e+05 -4.12652717e+01  4.31261808e-03 
 1.09647820e+05 -4.12652717e+01  4.41307185e-03 
 1.12201845e+05 -4.12652717e+01  4.51586550e-03 
 1.14815362e+05 -4.12652716e+01  4.62105352e-03 
 1.17489755e+05 -4.12652716e+01  4.72869168e-03 
 1.20226443e+05 -4.12652716e+01  4.83883706e-03 
 1.23026877e+05 -4.12652716e+01  4.95154805e-03 
 1.25892541e+05 -4.12652715e+01  5.06688441e-03 
 1.28824955e+05 -4.12652715e+01  5.18490731e-03 
 1.31825674e+05 -4.12652715e+01  5.30567931e-03 
 1.34896288e+05 -4.12652714e+01  5.42926445e-03 
 1.38038426e+05 -4.12652714e+01  5.55572826e-03 
 1.41253754e+05 -4.12652714e+01  5.68513780e-03 
 1.44543977e+05 -4.12652713e+01  5.81756166e-03 
 1.47910839e+05 -4.12652713e+01  5.95307007e-03 
 1.51356125e+05 -4.12652713e+01  6.09173488e-03 
 1.54881662e+05 -4.12652712e+01  6.23362961e-03 
 1.58489319e+05 -4.12652712e+01  6.37882949e-03 
 1.62181010e+05 -4.12652711e+01  6.52741151e-03 
 1.65958691e+05 -4.12652711e+01  6.67945445e-03 
 1.69824365e+05 -4.12652710e+01  6.83503892e-03 
 1.73780083e+05 -4.12652710e+01  6.99424742e-03 
 1.77827941e+05 -4.12652709e+01  7.15716436e-03 
 1.81970086e+05 -4.12652709e+01  7.32387613e-03 
 1.86208714e+05 -4.12652708e+01  7.49447111e-03 
 1.90546072e+05 -4.12652707e+01  7.66903975e-03 
 1.94984460e+05 -4.12652707e+01  7.84767462e-03 
 1.99526231e+05 -4.12652706e+01  8.03047043e-03 
 2.04173794e+05 -4.12652705e+01  8.21752410e-03 
 2.08929613e+05 -4.12652704e+01  8.40893481e-03 
 2.13796209e+05 -4.12652704e+01  8.60480405e-03 
 2.18776162e+05 -4.12652703e+01  8.80523567e-03 
 2.23872114e+05 -4.12652702e+01  9.01033594e-03 
 2.29086765e+05 -4.12652701e+01  9.22021360e-03 
 2.34422882e+05 -4.12652700e+01  9.43497994e-03 
 2.39883292e+05 -4.12652699e+01  9.65474883e-03 
 2.45470892e+05 -4.12652698e+01  9.87963680e-03 
 2.51188643e+05 -4.12652697e+01  1.01097631e-02 
 2.57039578e+05 -4.12652696e+01  1.03452497e-02 
 2.63026799e+05 -4.12652695e+01  1.05862215e-02 
 2.69153480e+05 -4.12652693e+01  1.08328062e-02 
 2.75422870e+05 -4.12652692e+01  1.10851346e-02 
 2.81838293e+05 -4.12652691e+01  1.13433406e-02 
 2.88403150e+05 -4.12652689e+01  1.16075609e-02 
 2.95120923e+05 -4.12652688e+01  1.18779357e-02 
 3.01995172e+05 -4.12652686e+01  1.21546083e-02 
 3.09029543e+05 -4.12652684e+01  1.24377254e-02 
 3.16227766e+05 -4.12652683e+01  1.27274372e-02 
 3.23593657e+05 -4.12652681e+01  1.30238972e-02 
 3.31131121e+05 -4.12652679e+01  1.33272627e-02 
 3.38844156e+05 -4.12652677e+01  1.36376945e-02 
 3.46736850e+05 -4.12652675e+01  1.39553571e-02 
 3.54813389e+05 -4.12652672e+01  1.42804191e-02 
 3.63078055e+05 -4.12652670e+01  1.46130527e-02 
 3.71535229e+05 -4.12652668e+01  1.49534343e-02 
 3.80189396e+05 -4.12652665e+01  1.53017445e-02 
 3.89045145e+05 -4.12652663e+01  1.56581678e-02 
 3.98107171e+05 -4.12652660e+01  1.60228932e-02 
 4.07380278e+05 -4.12652657e+01  1.63961143e-02 
 4.16869383e+05 -4.12652654e+01  1.67780287e-02 
 4.26579519e+05 -4.12652651e+01  1.71688391e-02 
 4.36515832e+05 -4.12652647e+01  1.75687526e-02 
 4.46683592e+05 -4.12652644e+01  1.79779812e-02 
 4.57088190e+05 -4.12652640e+01  1.83967420e-02 
 4.67735141e+05 -4.12652636e+01  1.88252570e-02 
 4.78630092e+05 -4.12652632e+01  1.92637534e-02 
 4.89778819e+05 -4.12652628e+01  1.97124637e-02 
 5.01187234e+05 -4.12652624e+01  2.01716257e-02 
 5.12861384e+05 -4.12652619e+01  2.06414830e-02 
 5.24807460e+05 -4.12652614e+01  2.11222847e-02 
 5.37031796e+05 -4.12652609e+01  2.16142856e-02 
 5.49540874e+05 -4.12652604e+01  2.21177467e-02 
 5.62341325e+05 -4.12652599e+01  2.26329349e-02 
 5.75439937e+05 -4.12652593e+01  2.31601234e-02 
 5.88843655e+05 -4.12652587e+01  2.36995916e-02 
 6.02559586e+05 -4.12652580e+01  2.42516257e-02 
 6.16595002e+05 -4.12652574e+01  2.48165182e-02 
 6.30957344e+05 -4.12652567e+01  2.53945687e-02 
 6.45654229e+05 -4.12652559e+01  2.59860838e-02 
 6.60693448e+05 -4.12652552e+01  2.65913769e-02 
 6.76082975e+05 -4.12652544e+01  2.72107691e-02 
 6.91830971e+05 -4.12652535e+01  2.78445888e-02 
 7.07945784e+05 -4.12652527e+01  2.84931720e-02 
 7.24435960e+05 -4.12652517e+01  2.91568626e-02 
 7.41310241e+05 -4.12652508e+01  2.98360125e-02 
 7.58577575e+05 -4.12652498e+01  3.05309817e-02 
 7.76247117e+05 -4.12652487e+01  3.12421389e-02 
 7.94328235e+05 -4.12652476e+01  3.19698609e-02 
 8.12830516e+05 -4.12652465e+01  3.27145337e-02 
 8.31763771e+05 -4.12652453e+01  3.34765521e-02 
 8.51138038e+05 -4.12652440e+01  3.42563201e-02 
 8.70963590e+05 -4.12652427e+01  3.50542512e-02 
 8.91250938e+05 -4.12652413e+01  3.58707684e-02 
 9.12010839e+05 -4.12652398e+01  3.67063047e-02 
 9.33254301e+05 -4.12652383e+01  3.75613030e-02 
 9.54992586e+05 -4.12652367e+01  3.84362166e-02 
 9.77237221e+05 -4.12652350e+01  3.93315095e-02 
 1.00000000e+06 -4.12652333e+01  4.02476564e-02 
 1.02329299e+06 -4.12652314e+01  4.11851429e-02 
 1.04712855e+06 -4.12652295e+01  4.21444662e-02 
 1.07151931e+06 -4.12652275e+01  4.31261348e-02 
 1.09647820e+06 -4.12652254e+01  4.41306693e-02 
 1.12201845e+06 -4.12652232e+01  4.51586022e-02 
 1.14815362e+06 -4.12652209e+01  4.62104787e-02 
 1.17489755e+06 -4.12652185e+01  4.72868562e-02 
 1.20226443e+06 -4.12652160e+01  4.83883056e-02 
 1.23026877e+06 -4.12652133e+01  4.95154109e-02 
 1.25892541e+06 -4.12652105e+01  5.06687696e-02 
 1.28824955e+06 -4.12652076e+01  5.18489932e-02 
 1.31825674e+06 -4.12652046e+01  5.30567076e-02 
 1.34896288e+06 -4.12652014e+01  5.42925529e-02 
 1.38038426e+06 -4.12651981e+01  5.55571844e-02 
 1.41253754e+06 -4.12651946e+01  5.68512727e-02 
 1.44543977e+06 -4.12651909e+01  5.81755038e-02 
 1.47910839e+06 -4.12651871e+01  5.95305799e-02 
 1.51356125e+06 -4.12651831e+01  6.09172193e-02 
 1.54881662e+06 -4.12651789e+01  6.23361574e-02 
 1.58489319e+06 -4.12651745e+01  6.37881462e-02 
 1.62181010e+06 -4.12651699e+01  6.52739558e-02 
 1.65958691e+06 -4.12651651e+01  6.67943738e-02 
 1.69824365e+06 -4.12651600e+01  6.83502063e-02 
 1.73780083e+06 -4.12651548e+01  6.99422782e-02 
 1.77827941e+06 -4.12651492e+01  7.15714336e-02 
 1.81970086e+06 -4.12651434e+01  7.32385362e-02 
 1.86208714e+06 -4.12651374e+01  7.49444699e-02 
 1.90546072e+06 -4.12651310e+01  7.66901391e-02 
 1.94984460e+06 -4.12651244e+01  7.84764694e-02 
 1.99526231e+06 -4.12651174e+01  8.03044077e-02 
 2.04173794e+06 -4.12651101e+01  8.21749232e-02 
 2.08929613e+06 -4.12651025e+01  8.40890075e-02 
 2.13796209e+06 -4.12650945e+01  8.60476755e-02 
 2.18776162e+06 -4.12650861e+01  8.80519656e-02 
 2.23872114e+06 -4.12650773e+01  9.01029403e-02 
 2.29086765e+06 -4.12650681e+01  9.22016870e-02 
 2.34422882e+06 -4.12650585e+01  9.43493183e-02 
 2.39883292e+06 -4.12650485e+01  9.65469728e-02 
 2.45470892e+06 -4.12650379e+01  9.87958156e-02 
 2.51188643e+06 -4.12650269e+01  1.01097039e-01 
 2.57039578e+06 -4.12650153e+01  1.03451863e-01 
 2.63026799e+06 -4.12650032e+01  1.05861535e-01 
 2.69153480e+06 -4.12649906e+01  1.08327334e-01 
 2.75422870e+06 -4.12649773e+01  1.10850566e-01 
 2.81838293e+06 -4.12649634e+01  1.13432570e-01 
 2.88403150e+06 -4.12649488e+01  1.16074713e-01 
 2.95120923e+06 -4.12649336e+01  1.18778397e-01 
 3.01995172e+06 -4.12649176e+01  1.21545054e-01 
 3.09029543e+06 -4.12649009e+01  1.24376152e-01 
 3.16227766e+06 -4.12648834e+01  1.27273191e-01 
 3.23593657e+06 -4.12648651e+01  1.30237707e-01 
 3.31131121e+06 -4.12648459e+01  1.33271271e-01 
 3.38844156e+06 -4.12648259e+01  1.36375492e-01 
 3.46736850e+06 -4.12648048e+01  1.39552014e-01 
 3.54813389e+06 -4.12647828e+01  1.42802522e-01 
 3.63078055e+06 -4.12647597e+01  1.46128739e-01 
 3.71535229e+06 -4.12647356e+01  1.49532428e-01 
 3.80189396e+06 -4.12647103e+01  1.53015392e-01 
 3.89045145e+06 -4.12646838e+01  1.56579479e-01 
 3.98107171e+06 -4.12646561e+01  1.60226576e-01 
 4.07380278e+06 -4.12646271e+01  1.63958618e-01 
 4.16869383e+06 -4.12645967e+01  1.67777581e-01 
 4.26579519e+06 -4.12645648e+01  1.71685492e-01 
 4.36515832e+06 -4.12645315e+01  1.75684419e-01 
 4.46683592e+06 -4.12644966e+01  1.79776484e-01 
 4.57088190e+06 -4.12644600e+01  1.83963854e-01 
 4.67735141e+06 -4.12644218e+01  1.88248749e-01 
 4.78630092e+06 -4.12643817e+01  1.92633439e-01 
 4.89778819e+06 -4.12643397e+01  1.97120249e-01 
 5.01187234e+06 -4.12642958e+01  2.01711556e-01 
 5.12861384e+06 -4.12642498e+01  2.06409792e-01 
 5.24807460e+06 -4.12642016e+01  2.11217449e-01 
 5.37031796e+06 -4.12641511e+01  2.16137072e-01 
 5.49540874e+06 -4.12640983e+01  2.21171269e-01 
 5.62341325e+06 -4.12640430e+01  2.26322708e-01 
 5.75439937e+06 -4.12639850e+01  2.31594118e-01 
 5.88843655e+06 -4.12639244e+01  2.36988291e-01 
 6.02559586e+06 -4.12638609e+01  2.42508086e-01 
 6.16595002e+06 -4.12637944e+01  2.48156427e-01 
 6.30957344e+06 -4.12637247e+01  2.53936306e-01 
 6.45654229e+06 -4.12636518e+01  2.59850786e-01 
 6.60693448e+06 -4.12635754e+01  2.65902998e-01 
 6.76082975e+06 -4.12634955e+01  2.72096150e-01 
 6.91830971e+06 -4.12634118e+01  2.78433522e-01 
 7.07945784e+06 -4.12633241e+01  2.84918469e-01 
 7.24435960e+06 -4.12632323e+01  2.91554427e-01 
 7.41310241e+06 -4.12631361e+01  2.98344911e-01 
 7.58577575e+06 -4.12630355e+01  3.05293515e-01 
 7.76247117e+06 -4.12629301e+01  3.12403921e-01 
 7.94328235e+06 -4.12628197e+01  3.19679892e-01 
 8.12830516e+06 -4.12627041e+01  3.27125282e-01 
 8.31763771e+06 -4.12625831e+01  3.34744031e-01 
 8.51138038e+06 -4.12624564e+01  3.42540175e-01 
 8.70963590e+06 -4.12623237e+01  3.50517839e-01 
 8.91250938e+06 -4.12621848e+01  3.58681246e-01 
 9.12010839e+06 -4.12620393e+01  3.67034718e-01 
 9.33254301e+06 -4.12618869e+01  3.75582675e-01 
 9.54992586e+06 -4.12617274e+01  3.84329641e-01 
 9.77237221e+06 -4.12615603e+01  3.93280244e-01 
 1.00000000e+07 -4.12613854e+01  4.02439220e-01 
 1.02329299e+07 -4.12612023e+01  4.11811415e-01 
 1.04712855e+07 -4.12610105e+01  4.21401786e-01 
 1.07151931e+07 -4.12608097e+01  4.31215406e-01 
 1.09647820e+07 -4.12605994e+01  4.41257465e-01 
 1.12201845e+07 -4.12603792e+01  4.51533274e-01 
 1.14815362e+07 -4.12601486e+01  4.62048266e-01 
 1.17489755e+07 -4.12599072e+01  4.72808000e-01 
 1.20226443e+07 -4.12596544e+01  4.83818163e-01 
 1.23026877e+07 -4.12593896e+01  4.95084575e-01 
 1.25892541e+07 -4.12591125e+01  5.06613189e-01 
 1.28824955e+07 -4.12588222e+01  5.18410097e-01 
 1.31825674e+07 -4.12585183e+01  5.30481531e-01 
 1.34896288e+07 -4.12582000e+01  5.42833867e-01 
 1.38038426e+07 -4.12578668e+01  5.55473628e-01 
 1.41253754e+07 -4.12575179e+01  5.68407487e-01 
 1.44543977e+07 -4.12571525e+01  5.81642273e-01 
 1.47910839e+07 -4.12567699e+01  5.95184970e-01 
 1.51356125e+07 -4.12563693e+01  6.09042724e-01 
 1.54881662e+07 -4.12559498e+01  6.23222846e-01 
 1.58489319e+07 -4.12555106e+01  6.37732815e-01 
 1.62181010e+07 -4.12550506e+01  6.52580281e-01 
 1.65958691e+07 -4.12545690e+01  6.67773071e-01 
 1.69824365e+07 -4.12540647e+01  6.83319193e-01 
 1.73780083e+07 -4.12535367e+01  6.99226836e-01 
 1.77827941e+07 -4.12529838e+01  7.15504379e-01 
 1.81970086e+07 -4.12524048e+01  7.32160392e-01 
 1.86208714e+07 -4.12517986e+01  7.49203643e-01 
 1.90546072e+07 -4.12511638e+01  7.66643099e-01 
 1.94984460e+07 -4.12504992e+01  7.84487933e-01 
 1.99526231e+07 -4.12498032e+01  8.02747527e-01 
 2.04173794e+07 -4.12490745e+01  8.21431479e-01 
 2.08929613e+07 -4.12483114e+01  8.40549604e-01 
 2.13796209e+07 -4.12475124e+01  8.60111941e-01 
 2.18776162e+07 -4.12466758e+01  8.80128758e-01 
 2.23872114e+07 -4.12457998e+01  9.00610557e-01 
 2.29086765e+07 -4.12448826e+01  9.21568079e-01 
 2.34422882e+07 -4.12439221e+01  9.43012306e-01 
 2.39883292e+07 -4.12429165e+01  9.64954472e-01 
 2.45470892e+07 -4.12418635e+01  9.87406063e-01 
 2.51188643e+07 -4.12407609e+01  1.01037883e+00 
 2.57039578e+07 -4.12396065e+01  1.03388477e+00 
 2.63026799e+07 -4.12383977e+01  1.05793619e+00 
 2.69153480e+07 -4.12371320e+01  1.08254562e+00 
 2.75422870e+07 -4.12358067e+01  1.10772593e+00 
 2.81838293e+07 -4.12344191e+01  1.13349022e+00 
 2.88403150e+07 -4.12329662e+01  1.15985193e+00 
 2.95120923e+07 -4.12314449e+01  1.18682478e+00 
 3.01995172e+07 -4.12298520e+01  1.21442280e+00 
 3.09029543e+07 -4.12281842e+01  1.24266032e+00 
 3.16227766e+07 -4.12264380e+01  1.27155200e+00 
 3.23593657e+07 -4.12246096e+01  1.30111283e+00 
 3.31131121e+07 -4.12226952e+01  1.33135812e+00 
 3.38844156e+07 -4.12206908e+01  1.36230352e+00 
 3.46736850e+07 -4.12185921e+01  1.39396502e+00 
 3.54813389e+07 -4.12163948e+01  1.42635898e+00 
 3.63078055e+07 -4.12140941e+01  1.45950208e+00 
 3.71535229e+07 -4.12116853e+01  1.49341139e+00 
 3.80189396e+07 -4.12091633e+01  1.52810435e+00 
 3.89045145e+07 -4.12065227e+01  1.56359877e+00 
 3.98107171e+07 -4.12037581e+01  1.59991285e+00 
 4.07380278e+07 -4.12008636e+01  1.63706517e+00 
 4.16869383e+07 -4.11978330e+01  1.67507471e+00 
 4.26579519e+07 -4.11946602e+01  1.71396086e+00 
 4.36515832e+07 -4.11913383e+01  1.75374340e+00 
 4.46683592e+07 -4.11878605e+01  1.79444257e+00 
 4.57088190e+07 -4.11842194e+01  1.83607898e+00 
 4.67735141e+07 -4.11804073e+01  1.87867371e+00 
 4.78630092e+07 -4.11764164e+01  1.92224826e+00 
 4.89778819e+07 -4.11722382e+01  1.96682457e+00 
 5.01187234e+07 -4.11678640e+01  2.01242504e+00 
 5.12861384e+07 -4.11632847e+01  2.05907251e+00 
 5.24807460e+07 -4.11584906e+01  2.10679029e+00 
 5.37031796e+07 -4.11534718e+01  2.15560217e+00 
 5.49540874e+07 -4.11482178e+01  2.20553238e+00 
 5.62341325e+07 -4.11427176e+01  2.25660565e+00 
 5.75439937e+07 -4.11369598e+01  2.30884720e+00 
 5.88843655e+07 -4.11309324e+01  2.36228271e+00 
 6.02559586e+07 -4.11246227e+01  2.41693836e+00 
 6.16595002e+07 -4.11180178e+01  2.47284085e+00 
 6.30957344e+07 -4.11111039e+01  2.53001734e+00 
 6.45654229e+07 -4.11038667e+01  2.58849553e+00 
 6.60693448e+07 -4.10962911e+01  2.64830358e+00 
 6.76082975e+07 -4.10883615e+01  2.70947021e+00 
 6.91830971e+07 -4.10800614e+01  2.77202460e+00 
 7.07945784e+07 -4.10713738e+01  2.83599645e+00 
 7.24435960e+07 -4.10622807e+01  2.90141600e+00 
 7.41310241e+07 -4.10527633e+01  2.96831395e+00 
 7.58577575e+07 -4.10428022e+01  3.03672153e+00 
 7.76247117e+07 -4.10323768e+01  3.10667048e+00 
 7.94328235e+07 -4.10214658e+01  3.17819301e+00 
 8.12830516e+07 -4.10100467e+01  3.25132186e+00 
 8.31763771e+07 -4.09980963e+01  3.32609022e+00 
 8.51138038e+07 -4.09855902e+01  3.40253179e+00 
 8.70963590e+07 -4.09725029e+01  3.48068073e+00 
 8.91250938e+07 -4.09588078e+01  3.56057165e+00 
 9.12010839e+07 -4.09444771e+01  3.64223963e+00 
 9.33254301e+07 -4.09294817e+01  3.72572016e+00 
 9.54992586e+07 -4.09137914e+01  3.81104916e+00 
 9.77237221e+07 -4.08973746e+01  3.89826296e+00 
 1.00000000e+08 -4.08801982e+01  3.98739825e+00 
 1.02329299e+08 -4.08622278e+01  4.07849210e+00 
 1.04712855e+08 -4.08434275e+01  4.17158189e+00 
 1.07151931e+08 -4.08237596e+01  4.26670532e+00 
 1.09647820e+08 -4.08031852e+01  4.36390036e+00 
 1.12201845e+08 -4.07816634e+01  4.46320521e+00 
 1.14815362e+08 -4.07591517e+01  4.56465829e+00 
 1.17489755e+08 -4.07356057e+01  4.66829817e+00 
 1.20226443e+08 -4.07109792e+01  4.77416355e+00 
 1.23026877e+08 -4.06852240e+01  4.88229318e+00 
 1.25892541e+08 -4.06582900e+01  4.99272583e+00 
 1.28824955e+08 -4.06301249e+01  5.10550026e+00 
 1.31825674e+08 -4.06006743e+01  5.22065508e+00 
 1.34896288e+08 -4.05698815e+01  5.33822876e+00 
 1.38038426e+08 -4.05376876e+01  5.45825952e+00 
 1.41253754e+08 -4.05040313e+01  5.58078526e+00 
 1.44543977e+08 -4.04688488e+01  5.70584347e+00 
 1.47910839e+08 -4.04320737e+01  5.83347116e+00 
 1.51356125e+08 -4.03936371e+01  5.96370472e+00 
 1.54881662e+08 -4.03534675e+01  6.09657986e+00 
 1.58489319e+08 -4.03114904e+01  6.23213149e+00 
 1.62181010e+08 -4.02676286e+01  6.37039358e+00 
 1.65958691e+08 -4.02218021e+01  6.51139905e+00 
 1.69824365e+08 -4.01739277e+01  6.65517962e+00 
 1.73780083e+08 -4.01239192e+01  6.80176570e+00 
 1.77827941e+08 -4.00716874e+01  6.95118618e+00 
 1.81970086e+08 -4.00171397e+01  7.10346832e+00 
 1.86208714e+08 -3.99601805e+01  7.25863756e+00 
 1.90546072e+08 -3.99007107e+01  7.41671732e+00 
 1.94984460e+08 -3.98386279e+01  7.57772883e+00 
 1.99526231e+08 -3.97738263e+01  7.74169092e+00 
 2.04173794e+08 -3.97061965e+01  7.90861978e+00 
 2.08929613e+08 -3.96356259e+01  8.07852878e+00 
 2.13796209e+08 -3.95619982e+01  8.25142821e+00 
 2.18776162e+08 -3.94851936e+01  8.42732500e+00 
 2.23872114e+08 -3.94050887e+01  8.60622252e+00 
 2.29086765e+08 -3.93215567e+01  8.78812026e+00 
 2.34422882e+08 -3.92344672e+01  8.97301357e+00 
 2.39883292e+08 -3.91436864e+01  9.16089335e+00 
 2.45470892e+08 -3.90490771e+01  9.35174574e+00 
 2.51188643e+08 -3.89504985e+01  9.54555184e+00 
 2.57039578e+08 -3.88478068e+01  9.74228734e+00 
 2.63026799e+08 -3.87408548e+01  9.94192218e+00 
 2.69153480e+08 -3.86294926e+01  1.01444202e+01 
 2.75422870e+08 -3.85135669e+01  1.03497389e+01 
 2.81838293e+08 -3.83929222e+01  1.05578289e+01 
 2.88403150e+08 -3.82674000e+01  1.07686337e+01 
 2.95120923e+08 -3.81368398e+01  1.09820890e+01 
 3.01995172e+08 -3.80010789e+01  1.11981230e+01 
 3.09029543e+08 -3.78599530e+01  1.14166554e+01 
 3.16227766e+08 -3.77132963e+01  1.16375970e+01 
 3.23593657e+08 -3.75609418e+01  1.18608499e+01 
 3.31131121e+08 -3.74027221e+01  1.20863065e+01 
 3.38844156e+08 -3.72384692e+01  1.23138496e+01 
 3.46736850e+08 -3.70680157e+01  1.25433516e+01 
 3.54813389e+08 -3.68911946e+01  1.27746748e+01 
 3.63078055e+08 -3.67078405e+01  1.30076703e+01 
 3.71535229e+08 -3.65177897e+01  1.32421782e+01 
 3.80189396e+08 -3.63208810e+01  1.34780274e+01 
 3.89045145e+08 -3.61169566e+01  1.37150349e+01 
 3.98107171e+08 -3.59058624e+01  1.39530062e+01 
 4.07380278e+08 -3.56874491e+01  1.41917344e+01 
 4.16869383e+08 -3.54615729e+01  1.44310008e+01 
 4.26579519e+08 -3.52280963e+01  1.46705743e+01 
 4.36515832e+08 -3.49868890e+01  1.49102117e+01 
 4.46683592e+08 -3.47378290e+01  1.51496576e+01 
 4.57088190e+08 -3.44808029e+01  1.53886443e+01 
 4.67735141e+08 -3.42157078e+01  1.56268925e+01 
 4.78630092e+08 -3.39424515e+01  1.58641110e+01 
 4.89778819e+08 -3.36609541e+01  1.60999975e+01 
 5.01187234e+08 -3.33711483e+01  1.63342384e+01 
 5.12861384e+08 -3.30729811e+01  1.65665099e+01 
 5.24807460e+08 -3.27664146e+01  1.67964786e+01 
 5.37031796e+08 -3.24514266e+01  1.70238014e+01 
 5.49540874e+08 -3.21280123e+01  1.72481272e+01 
 5.62341325e+08 -3.17961845e+01  1.74690974e+01 
 5.75439937e+08 -3.14559749e+01  1.76863466e+01 
 5.88843655e+08 -3.11074350e+01  1.78995043e+01 
 6.02559586e+08 -3.07506367e+01  1.81081955e+01 
 6.16595002e+08 -3.03856730e+01  1.83120421e+01 
 6.30957344e+08 -3.00126587e+01  1.85106645e+01 
 6.45654229e+08 -2.96317310e+01  1.87036828e+01 
 6.60693448e+08 -2.92430497e+01  1.88907184e+01 
 6.76082975e+08 -2.88467979e+01  1.90713954e+01 
 6.91830971e+08 -2.84431816e+01  1.92453426e+01 
 7.07945784e+08 -2.80324305e+01  1.94121946e+01 
 7.24435960e+08 -2.76147971e+01  1.95715943e+01 
 7.41310241e+08 -2.71905572e+01  1.97231938e+01 
 7.58577575e+08 -2.67600091e+01  1.98666569e+01 
 7.76247117e+08 -2.63234730e+01  2.00016603e+01 
 7.94328235e+08 -2.58812907e+01  2.01278955e+01 
 8.12830516e+08 -2.54338242e+01  2.02450706e+01 
 8.31763771e+08 -2.49814554e+01  2.03529119e+01 
 8.51138038e+08 -2.45245841e+01  2.04511652e+01 
 8.70963590e+08 -2.40636275e+01  2.05395974e+01 
 8.91250938e+08 -2.35990180e+01  2.06179983e+01 
 9.12010839e+08 -2.31312023e+01  2.06861810e+01 
 9.33254301e+08 -2.26606394e+01  2.07439837e+01 
 9.54992586e+08 -2.21877986e+01  2.07912705e+01 
 9.77237221e+08 -2.17131580e+01  2.08279321e+01 
 1.00000000e+09 -2.12372023e+01  2.08538864e+01 
 1.02329299e+09 -2.07604209e+01  2.08690792e+01 
 1.04712855e+09 -2.02833057e+01  2.08734845e+01 
 1.07151931e+09 -1.98063493e+01  2.08671043e+01 
 1.09647820e+09 -1.93300426e+01  2.08499688e+01 
 1.12201845e+09 -1.88548729e+01  2.08221362e+01 
 1.14815362e+09 -1.83813218e+01  2.07836920e+01 
 1.17489755e+09 -1.79098635e+01  2.07347487e+01 
 1.20226443e+09 -1.74409623e+01  2.06754448e+01 
 1.23026877e+09 -1.69750716e+01  2.06059440e+01 
 1.25892541e+09 -1.65126315e+01  2.05264341e+01 
 1.28824955e+09 -1.60540675e+01  2.04371258e+01 
 1.31825674e+09 -1.55997891e+01  2.03382512e+01 
 1.34896288e+09 -1.51501881e+01  2.02300629e+01 
 1.38038426e+09 -1.47056380e+01  2.01128318e+01 
 1.41253754e+09 -1.42664925e+01  1.99868458e+01 
 1.44543977e+09 -1.38330847e+01  1.98524085e+01 
 1.47910839e+09 -1.34057265e+01  1.97098368e+01 
 1.51356125e+09 -1.29847080e+01  1.95594597e+01 
 1.54881662e+09 -1.25702970e+01  1.94016166e+01 
 1.58489319e+09 -1.21627387e+01  1.92366553e+01 
 1.62181010e+09 -1.17622559e+01  1.90649304e+01 
 1.65958691e+09 -1.13690486e+01  1.88868017e+01 
 1.69824365e+09 -1.09832944e+01  1.87026326e+01 
 1.73780083e+09 -1.06051489e+01  1.85127885e+01 
 1.77827941e+09 -1.02347457e+01  1.83176355e+01 
 1.81970086e+09 -9.87219730e+00  1.81175385e+01 
 1.86208714e+09 -9.51759548e+00  1.79128605e+01 
 1.90546072e+09 -9.17101202e+00  1.77039608e+01 
 1.94984460e+09 -8.83249948e+00  1.74911943e+01 
 1.99526231e+09 -8.50209198e+00  1.72749102e+01 
 2.04173794e+09 -8.17980607e+00  1.70554512e+01 
 2.08929613e+09 -7.86564164e+00  1.68331523e+01 
 2.13796209e+09 -7.55958282e+00  1.66083406e+01 
 2.18776162e+09 -7.26159897e+00  1.63813342e+01 
 2.23872114e+09 -6.97164559e+00  1.61524417e+01 
 2.29086765e+09 -6.68966533e+00  1.59219619e+01 
 2.34422882e+09 -6.41558894e+00  1.56901830e+01 
 2.39883292e+09 -6.14933619e+00  1.54573829e+01 
 2.45470892e+09 -5.89081682e+00  1.52238285e+01 
 2.51188643e+09 -5.63993147e+00  1.49897756e+01 
 2.57039578e+09 -5.39657252e+00  1.47554687e+01 
 2.63026799e+09 -5.16062495e+00  1.45211415e+01 
 2.69153480e+09 -4.93196719e+00  1.42870162e+01 
 2.75422870e+09 -4.71047185e+00  1.40533039e+01 
 2.81838293e+09 -4.49600652e+00  1.38202049e+01 
 2.88403150e+09 -4.28843442e+00  1.35879083e+01 
 2.95120923e+09 -4.08761509e+00  1.33565928e+01 
 3.01995172e+09 -3.89340501e+00  1.31264266e+01 
 3.09029543e+09 -3.70565818e+00  1.28975675e+01 
 3.16227766e+09 -3.52422667e+00  1.26701635e+01 
 3.23593657e+09 -3.34896113e+00  1.24443528e+01 
 3.31131121e+09 -3.17971123e+00  1.22202642e+01 
 3.38844156e+09 -3.01632613e+00  1.19980174e+01 
 3.46736850e+09 -2.85865484e+00  1.17777234e+01 
 3.54813389e+09 -2.70654660e+00  1.15594846e+01 
 3.63078055e+09 -2.55985122e+00  1.13433953e+01 
 3.71535229e+09 -2.41841937e+00  1.11295418e+01 
 3.80189396e+09 -2.28210284e+00  1.09180031e+01 
 3.89045145e+09 -2.15075480e+00  1.07088508e+01 
 3.98107171e+09 -2.02423005e+00  1.05021498e+01 
 4.07380278e+09 -1.90238514e+00  1.02979582e+01 
 4.16869383e+09 -1.78507862e+00  1.00963280e+01 
 4.26579519e+09 -1.67217117e+00  9.89730499e+00 
 4.36515832e+09 -1.56352572e+00  9.70092943e+00 
 4.46683592e+09 -1.45900758e+00  9.50723610e+00 
 4.57088190e+09 -1.35848457e+00  9.31625464e+00 
 4.67735141e+09 -1.26182706e+00  9.12800980e+00 
 4.78630092e+09 -1.16890807e+00  8.94252172e+00 
 4.89778819e+09 -1.07960335e+00  8.75980617e+00 
 5.01187234e+09 -9.93791388e-01  8.57987478e+00 
 5.12861384e+09 -9.11353489e-01  8.40273529e+00 
 5.24807460e+09 -8.32173779e-01  8.22839177e+00 
 5.37031796e+09 -7.56139239e-01  8.05684483e+00 
 5.49540874e+09 -6.83139712e-01  7.88809186e+00 
 5.62341325e+09 -6.13067910e-01  7.72212719e+00 
 5.75439937e+09 -5.45819412e-01  7.55894231e+00 
 5.88843655e+09 -4.81292658e-01  7.39852603e+00 
 6.02559586e+09 -4.19388928e-01  7.24086472e+00 
 6.16595002e+09 -3.60012333e-01  7.08594239e+00 
 6.30957344e+09 -3.03069782e-01  6.93374094e+00 
 6.45654229e+09 -2.48470958e-01  6.78424026e+00 
 6.60693448e+09 -1.96128288e-01  6.63741840e+00 
 6.76082975e+09 -1.45956902e-01  6.49325171e+00 
 6.91830971e+09 -9.78745965e-02  6.35171499e+00 
 7.07945784e+09 -5.18017958e-02  6.21278161e+00 
 7.24435960e+09 -7.66150368e-03  6.07642362e+00 
 7.41310241e+09  3.46207406e-02  5.94261189e+00 
 7.58577575e+09  7.51169107e-02  5.81131621e+00 
 7.76247117e+09  1.13896543e-01  5.68250541e+00 
 7.94328235e+09  1.51026789e-01  5.55614744e+00 
 8.12830516e+09  1.86572464e-01  5.43220949e+00 
 8.31763771e+09  2.20596104e-01  5.31065805e+00 
 8.51138038e+09  2.53158018e-01  5.19145902e+00 
 8.70963590e+09  2.84316342e-01  5.07457780e+00 
 8.91250938e+09  3.14127094e-01  4.95997932e+00 
 9.12010839e+09  3.42644227e-01  4.84762817e+00 
 9.33254301e+09  3.69919690e-01  4.73748862e+00 
 9.54992586e+09  3.96003473e-01  4.62952471e+00 
 9.77237221e+09  4.20943671e-01  4.52370031e+00 
 1.00000000e+10  4.44786531e-01  4.41997913e+00 
 1.02329299e+10  4.67576509e-01  4.31832485e+00 
 1.04712855e+10  4.89356322e-01  4.21870111e+00 
 1.07151931e+10  5.10167002e-01  4.12107156e+00 
 1.09647820e+10  5.30047942e-01  4.02539993e+00 
 1.12201845e+10  5.49036954e-01  3.93165004e+00 
 1.14815362e+10  5.67170313e-01  3.83978586e+00 
 1.17489755e+10  5.84482808e-01  3.74977150e+00 
 1.20226443e+10  6.01007790e-01  3.66157130e+00 
 1.23026877e+10  6.16777216e-01  3.57514982e+00 
 1.25892541e+10  6.31821700e-01  3.49047186e+00 
 1.28824955e+10  6.46170550e-01  3.40750252e+00 
 1.31825674e+10  6.59851816e-01  3.32620719e+00 
 1.34896288e+10  6.72892331e-01  3.24655156e+00 
 1.38038426e+10  6.85317751e-01  3.16850168e+00 
 1.41253754e+10  6.97152596e-01  3.09202393e+00 
 1.44543977e+10  7.08420286e-01  3.01708508e+00 
 1.47910839e+10  7.19143180e-01  2.94365224e+00 
 1.51356125e+10  7.29342611e-01  2.87169295e+00 
 1.54881662e+10  7.39038919e-01  2.80117512e+00 
 1.58489319e+10  7.48251488e-01  2.73206708e+00 
 1.62181010e+10  7.56998774e-01  2.66433757e+00 
 1.65958691e+10  7.65298340e-01  2.59795576e+00 
 1.69824365e+10  7.73166880e-01  2.53289123e+00 
 1.73780083e+10  7.80620254e-01  2.46911400e+00 
 1.77827941e+10  7.87673509e-01  2.40659454e+00 
 1.81970086e+10  7.94340910e-01  2.34530374e+00 
 1.86208714e+10  8.00635961e-01  2.28521293e+00 
 1.90546072e+10  8.06571433e-01  2.22629389e+00 
 1.94984460e+10  8.12159381e-01  2.16851885e+00 
 1.99526231e+10  8.17411170e-01  2.11186048e+00 
 2.04173794e+10  8.22337494e-01  2.05629189e+00 
 2.08929613e+10  8.26948394e-01  2.00178665e+00 
 2.13796209e+10  8.31253278e-01  1.94831875e+00 
 2.18776162e+10  8.35260938e-01  1.89586265e+00 
 2.23872114e+10  8.38979563e-01  1.84439325e+00 
 2.29086765e+10  8.42416759e-01  1.79388589e+00 
 2.34422882e+10  8.45579561e-01  1.74431636e+00 
 2.39883292e+10  8.48474443e-01  1.69566089e+00 
 2.45470892e+10  8.51107338e-01  1.64789616e+00 
 2.51188643e+10  8.53483639e-01  1.60099929e+00 
 2.57039578e+10  8.55608220e-01  1.55494783e+00 
 2.63026799e+10  8.57485435e-01  1.50971980e+00 
 2.69153480e+10  8.59119138e-01  1.46529366e+00 
 2.75422870e+10  8.60512679e-01  1.42164829e+00 
 2.81838293e+10  8.61668922e-01  1.37876304e+00 
 2.88403150e+10  8.62590243e-01  1.33661772e+00 
 2.95120923e+10  8.63278539e-01  1.29519257e+00 
 3.01995172e+10  8.63735235e-01  1.25446830e+00 
 3.09029543e+10  8.63961282e-01  1.21442607e+00 
 3.16227766e+10  8.63957168e-01  1.17504753e+00 
 3.23593657e+10  8.63722915e-01  1.13631477e+00 
 3.31131121e+10  8.63258085e-01  1.09821039e+00 
 3.38844156e+10  8.62561779e-01  1.06071745e+00 
 3.46736850e+10  8.61632642e-01  1.02381953e+00 
 3.54813389e+10  8.60468864e-01  9.87500707e-01 
 3.63078055e+10  8.59068177e-01  9.51745589e-01 
 3.71535229e+10  8.57427862e-01  9.16539312e-01 
 3.80189396e+10  8.55544746e-01  8.81867565e-01 
 3.89045145e+10  8.53415203e-01  8.47716609e-01 
 3.98107171e+10  8.51035161e-01  8.14073292e-01 
 4.07380278e+10  8.48400095e-01  7.80925072e-01 
 4.16869383e+10  8.45505039e-01  7.48260045e-01 
 4.26579519e+10  8.42344584e-01  7.16066964e-01 
 4.36515832e+10  8.38912883e-01  6.84335275e-01 
 4.46683592e+10  8.35203662e-01  6.53055147e-01 
 4.57088190e+10  8.31210220e-01  6.22217500e-01 
 4.67735141e+10  8.26925449e-01  5.91814052e-01 
 4.78630092e+10  8.22341838e-01  5.61837351e-01 
 4.89778819e+10  8.17451495e-01  5.32280821e-01 
 5.01187234e+10  8.12246161e-01  5.03138809e-01 
 5.12861384e+10  8.06717238e-01  4.74406632e-01 
 5.24807460e+10  8.00855815e-01  4.46080630e-01 
 5.37031796e+10  7.94652703e-01  4.18158219e-01 
 5.49540874e+10  7.88098469e-01  3.90637952e-01 
 5.62341325e+10  7.81183491e-01  3.63519575e-01 
 5.75439937e+10  7.73898006e-01  3.36804089e-01 
 5.88843655e+10  7.66232171e-01  3.10493817e-01 
 6.02559586e+10  7.58176143e-01  2.84592461e-01 
 6.16595002e+10  7.49720155e-01  2.59105174e-01 
 6.30957344e+10  7.40854610e-01  2.34038615e-01 
 6.45654229e+10  7.31570193e-01  2.09401016e-01 
 6.60693448e+10  7.21857985e-01  1.85202235e-01 
 6.76082975e+10  7.11709599e-01  1.61453810e-01 
 6.91830971e+10  7.01117331e-01  1.38169001e-01 
 7.07945784e+10  6.90074322e-01  1.15362827e-01 
 7.24435960e+10  6.78574737e-01  9.30520862e-02 
 7.41310241e+10  6.66613966e-01  7.12553629e-02 
 7.58577575e+10  6.54188829e-01  4.99930186e-02 
 7.76247117e+10  6.41297808e-01  2.92871569e-02 
 7.94328235e+10  6.27941283e-01  9.16156515e-03 
 8.12830516e+10  6.14121784e-01 -1.03583731e-02 
 8.31763771e+10  5.99844247e-01 -2.92458003e-02 
 8.51138038e+10  5.85116283e-01 -4.74725431e-02 
 8.70963590e+10  5.69948435e-01 -6.50093121e-02 
 8.91250938e+10  5.54354441e-01 -8.18259457e-02 
 9.12010839e+10  5.38351475e-01 -9.78917007e-02 
 9.33254301e+10  5.21960376e-01 -1.13175591e-01 
 9.54992586e+10  5.05205840e-01 -1.27646777e-01 
 9.77237221e+10  4.88116580e-01 -1.41274999e-01 
 1.00000000e+11  4.70725436e-01 -1.54031065e-01 
 1.02329299e+11  4.53069421e-01 -1.65887367e-01 
 1.04712855e+11  4.35189709e-01 -1.76818441e-01 
 1.07151931e+11  4.17131534e-01 -1.86801552e-01 
 1.09647820e+11  3.98944003e-01 -1.95817281e-01 
 1.12201845e+11  3.80679821e-01 -2.03850126e-01 
 1.14815362e+11  3.62394915e-01 -2.10889077e-01 
 1.17489755e+11  3.44147953e-01 -2.16928152e-01 
 1.20226443e+11  3.25999773e-01 -2.21966893e-01 
 1.23026877e+11  3.08012715e-01 -2.26010771e-01 
 1.25892541e+11  2.90249876e-01 -2.29071514e-01 
 1.28824955e+11  2.72774298e-01 -2.31167316e-01 
 1.31825674e+11  2.55648102e-01 -2.32322925e-01 
 1.34896288e+11  2.38931606e-01 -2.32569596e-01 
 1.38038426e+11  2.22682433e-01 -2.31944903e-01 
 1.41253754e+11  2.06954651e-01 -2.30492404e-01 
 1.44543977e+11  1.91797961e-01 -2.28261173e-01 
 1.47910839e+11  1.77256960e-01 -2.25305197e-01 
 1.51356125e+11  1.63370517e-01 -2.21682667e-01 
 1.54881662e+11  1.50171254e-01 -2.17455167e-01 
 1.58489319e+11  1.37685175e-01 -2.12686801e-01 
 1.62181010e+11  1.25931441e-01 -2.07443274e-01 
 1.65958691e+11  1.14922286e-01 -2.01790956e-01 
 1.69824365e+11  1.04663092e-01 -1.95795966e-01 
 1.73780083e+11  9.51526012e-02 -1.89523291e-01 
 1.77827941e+11  8.63832521e-02 -1.83035963e-01 
 1.81970086e+11  7.83416345e-02 -1.76394334e-01 
 1.86208714e+11  7.10090309e-02 -1.69655430e-01 
 1.90546072e+11  6.43620299e-02 -1.62872433e-01 
 1.94984460e+11  5.83731868e-02 -1.56094263e-01 
 1.99526231e+11  5.30117099e-02 -1.49365286e-01 
 2.04173794e+11  4.82441512e-02 -1.42725133e-01 
 2.08929613e+11  4.40350840e-02 -1.36208621e-01 
 2.13796209e+11  4.03477502e-02 -1.29845780e-01 
 2.18776162e+11  3.71446646e-02 -1.23661955e-01 
 2.23872114e+11  3.43881667e-02 -1.17677994e-01 
 2.29086765e+11  3.20409129e-02 -1.11910478e-01 
 2.34422882e+11  3.00663044e-02 -1.06372019e-01 
 2.39883292e+11  2.84288500e-02 -1.01071571e-01 
 2.45470892e+11  2.70944645e-02 -9.60147720e-02 
 2.51188643e+11  2.60307040e-02 -9.12042989e-02 
 2.57039578e+11  2.52069441e-02 -8.66402173e-02 
 2.63026799e+11  2.45945035e-02 -8.23203286e-02 
 2.69153480e+11  2.41667199e-02 -7.82405038e-02 
 2.75422870e+11  2.38989841e-02 -7.43949994e-02 
 2.81838293e+11  2.37687371e-02 -7.07767524e-02 
 2.88403150e+11  2.37554374e-02 -6.73776510e-02 
 2.95120923e+11  2.38405031e-02 -6.41887806e-02 
 3.01995172e+11  2.40072343e-02 -6.12006448e-02 
 3.09029543e+11  2.42407206e-02 -5.84033594e-02 
 3.16227766e+11  2.45277372e-02 -5.57868231e-02 
 3.23593657e+11  2.48566345e-02 -5.33408636e-02 
 3.31131121e+11  2.52172231e-02 -5.10553620e-02 
 3.38844156e+11  2.56006575e-02 -4.89203563e-02 
 3.46736850e+11  2.59993202e-02 -4.69261265e-02 
 3.54813389e+11  2.64067094e-02 -4.50632623e-02 
 3.63078055e+11  2.68173291e-02 -4.33227161e-02 
 3.71535229e+11  2.72265853e-02 -4.16958421e-02 
 3.80189396e+11  2.76306872e-02 -4.01744246e-02 
 3.89045145e+11  2.80265553e-02 -3.87506952e-02 
 3.98107171e+11  2.84117351e-02 -3.74173427e-02 
 4.07380278e+11  2.87843186e-02 -3.61675140e-02 
 4.16869383e+11  2.91428712e-02 -3.49948111e-02 
 4.26579519e+11  2.94863661e-02 -3.38932818e-02 
 4.36515832e+11  2.98141247e-02 -3.28574066e-02 
 4.46683592e+11  3.01257625e-02 -3.18820835e-02 
 4.57088190e+11  3.04211418e-02 -3.09626096e-02 
 4.67735141e+11  3.07003287e-02 -3.00946615e-02 
 4.78630092e+11  3.09635557e-02 -2.92742742e-02 
 4.89778819e+11  3.12111887e-02 -2.84978204e-02 
 5.01187234e+11  3.14436982e-02 -2.77619882e-02 
 5.12861384e+11  3.16616346e-02 -2.70637600e-02 
 5.24807460e+11  3.18656065e-02 -2.64003916e-02 
 5.37031796e+11  3.20562626e-02 -2.57693912e-02 
 5.49540874e+11  3.22342763e-02 -2.51685000e-02 
 5.62341325e+11  3.24003325e-02 -2.45956731e-02 
 5.75439937e+11  3.25551172e-02 -2.40490617e-02 
 5.88843655e+11  3.26993085e-02 -2.35269962e-02 
 6.02559586e+11  3.28335693e-02 -2.30279700e-02 
 6.16595002e+11  3.29585423e-02 -2.25506250e-02 
 6.30957344e+11  3.30748449e-02 -2.20937375e-02 
 6.45654229e+11  3.31830667e-02 -2.16562059e-02 
 6.60693448e+11  3.32837666e-02 -2.12370383e-02 
 6.76082975e+11  3.33774714e-02 -2.08353421e-02 
 6.91830971e+11  3.34646753e-02 -2.04503143e-02 
 7.07945784e+11  3.35458389e-02 -2.00812320e-02 
 7.24435960e+11  3.36213899e-02 -1.97274444e-02 
 7.41310241e+11  3.36917232e-02 -1.93883656e-02 
 7.58577575e+11  3.37572016e-02 -1.90634676e-02 
 7.76247117e+11  3.38181568e-02 -1.87522745e-02 
 7.94328235e+11  3.38748903e-02 -1.84543566e-02 
 8.12830516e+11  3.39276749e-02 -1.81693262e-02 
 8.31763771e+11  3.39767554e-02 -1.78968327e-02 
 8.51138038e+11  3.40223503e-02 -1.76365587e-02 
 8.70963590e+11  3.40646529e-02 -1.73882167e-02 
 8.91250938e+11  3.41038321e-02 -1.71515460e-02 
 9.12010839e+11  3.41400344e-02 -1.69263094e-02 
 9.33254301e+11  3.41733841e-02 -1.67122915e-02 
 9.54992586e+11  3.42039853e-02 -1.65092956e-02 
 9.77237221e+11  3.42319220e-02 -1.63171423e-02 
 1.00000000e+12  3.42572596e-02 -1.61356673e-02 
