 frequency       ac1.vout1-ac1.vout2 ac1.vout1-ac1.vout2
 1.00000000e+01 -3.87315794e+01  1.98331517e-07 
 1.02329299e+01 -3.87315794e+01  2.02951252e-07 
 1.04712855e+01 -3.87315794e+01  2.07678594e-07 
 1.07151931e+01 -3.87315794e+01  2.12516050e-07 
 1.09647820e+01 -3.87315794e+01  2.17466184e-07 
 1.12201845e+01 -3.87315794e+01  2.22531622e-07 
 1.14815362e+01 -3.87315794e+01  2.27715050e-07 
 1.17489755e+01 -3.87315794e+01  2.33019215e-07 
 1.20226443e+01 -3.87315794e+01  2.38446929e-07 
 1.23026877e+01 -3.87315794e+01  2.44001072e-07 
 1.25892541e+01 -3.87315794e+01  2.49684587e-07 
 1.28824955e+01 -3.87315794e+01  2.55500488e-07 
 1.31825674e+01 -3.87315794e+01  2.61451859e-07 
 1.34896288e+01 -3.87315794e+01  2.67541855e-07 
 1.38038426e+01 -3.87315794e+01  2.73773706e-07 
 1.41253754e+01 -3.87315794e+01  2.80150714e-07 
 1.44543977e+01 -3.87315794e+01  2.86676263e-07 
 1.47910839e+01 -3.87315794e+01  2.93353811e-07 
 1.51356125e+01 -3.87315794e+01  3.00186899e-07 
 1.54881662e+01 -3.87315794e+01  3.07179150e-07 
 1.58489319e+01 -3.87315794e+01  3.14334272e-07 
 1.62181010e+01 -3.87315794e+01  3.21656057e-07 
 1.65958691e+01 -3.87315794e+01  3.29148389e-07 
 1.69824365e+01 -3.87315794e+01  3.36815240e-07 
 1.73780083e+01 -3.87315794e+01  3.44660675e-07 
 1.77827941e+01 -3.87315794e+01  3.52688853e-07 
 1.81970086e+01 -3.87315794e+01  3.60904032e-07 
 1.86208714e+01 -3.87315794e+01  3.69310567e-07 
 1.90546072e+01 -3.87315794e+01  3.77912915e-07 
 1.94984460e+01 -3.87315794e+01  3.86715638e-07 
 1.99526231e+01 -3.87315794e+01  3.95723402e-07 
 2.04173794e+01 -3.87315794e+01  4.04940984e-07 
 2.08929613e+01 -3.87315794e+01  4.14373272e-07 
 2.13796209e+01 -3.87315794e+01  4.24025265e-07 
 2.18776162e+01 -3.87315794e+01  4.33902082e-07 
 2.23872114e+01 -3.87315794e+01  4.44008960e-07 
 2.29086765e+01 -3.87315794e+01  4.54351257e-07 
 2.34422882e+01 -3.87315794e+01  4.64934458e-07 
 2.39883292e+01 -3.87315794e+01  4.75764172e-07 
 2.45470892e+01 -3.87315794e+01  4.86846144e-07 
 2.51188643e+01 -3.87315794e+01  4.98186247e-07 
 2.57039578e+01 -3.87315794e+01  5.09790496e-07 
 2.63026799e+01 -3.87315794e+01  5.21665042e-07 
 2.69153480e+01 -3.87315794e+01  5.33816181e-07 
 2.75422870e+01 -3.87315794e+01  5.46250358e-07 
 2.81838293e+01 -3.87315794e+01  5.58974163e-07 
 2.88403150e+01 -3.87315794e+01  5.71994344e-07 
 2.95120923e+01 -3.87315794e+01  5.85317804e-07 
 3.01995172e+01 -3.87315794e+01  5.98951607e-07 
 3.09029543e+01 -3.87315794e+01  6.12902982e-07 
 3.16227766e+01 -3.87315794e+01  6.27179326e-07 
 3.23593657e+01 -3.87315794e+01  6.41788210e-07 
 3.31131121e+01 -3.87315794e+01  6.56737377e-07 
 3.38844156e+01 -3.87315794e+01  6.72034756e-07 
 3.46736850e+01 -3.87315794e+01  6.87688456e-07 
 3.54813389e+01 -3.87315794e+01  7.03706778e-07 
 3.63078055e+01 -3.87315794e+01  7.20098215e-07 
 3.71535229e+01 -3.87315794e+01  7.36871457e-07 
 3.80189396e+01 -3.87315794e+01  7.54035398e-07 
 3.89045145e+01 -3.87315794e+01  7.71599139e-07 
 3.98107171e+01 -3.87315794e+01  7.89571992e-07 
 4.07380278e+01 -3.87315794e+01  8.07963486e-07 
 4.16869383e+01 -3.87315794e+01  8.26783373e-07 
 4.26579519e+01 -3.87315794e+01  8.46041632e-07 
 4.36515832e+01 -3.87315794e+01  8.65748473e-07 
 4.46683592e+01 -3.87315794e+01  8.85914346e-07 
 4.57088190e+01 -3.87315794e+01  9.06549942e-07 
 4.67735141e+01 -3.87315794e+01  9.27666202e-07 
 4.78630092e+01 -3.87315794e+01  9.49274324e-07 
 4.89778819e+01 -3.87315794e+01  9.71385764e-07 
 5.01187234e+01 -3.87315794e+01  9.94012245e-07 
 5.12861384e+01 -3.87315794e+01  1.01716576e-06 
 5.24807460e+01 -3.87315794e+01  1.04085860e-06 
 5.37031796e+01 -3.87315794e+01  1.06510331e-06 
 5.49540874e+01 -3.87315794e+01  1.08991275e-06 
 5.62341325e+01 -3.87315794e+01  1.11530008e-06 
 5.75439937e+01 -3.87315794e+01  1.14127876e-06 
 5.88843655e+01 -3.87315794e+01  1.16786256e-06 
 6.02559586e+01 -3.87315794e+01  1.19506557e-06 
 6.16595002e+01 -3.87315794e+01  1.22290222e-06 
 6.30957344e+01 -3.87315794e+01  1.25138727e-06 
 6.45654229e+01 -3.87315794e+01  1.28053583e-06 
 6.60693448e+01 -3.87315794e+01  1.31036334e-06 
 6.76082975e+01 -3.87315794e+01  1.34088562e-06 
 6.91830971e+01 -3.87315794e+01  1.37211886e-06 
 7.07945784e+01 -3.87315794e+01  1.40407962e-06 
 7.24435960e+01 -3.87315794e+01  1.43678483e-06 
 7.41310241e+01 -3.87315794e+01  1.47025185e-06 
 7.58577575e+01 -3.87315794e+01  1.50449841e-06 
 7.76247117e+01 -3.87315794e+01  1.53954268e-06 
 7.94328235e+01 -3.87315794e+01  1.57540324e-06 
 8.12830516e+01 -3.87315794e+01  1.61209910e-06 
 8.31763771e+01 -3.87315794e+01  1.64964971e-06 
 8.51138038e+01 -3.87315794e+01  1.68807499e-06 
 8.70963590e+01 -3.87315794e+01  1.72739530e-06 
 8.91250938e+01 -3.87315794e+01  1.76763151e-06 
 9.12010839e+01 -3.87315794e+01  1.80880494e-06 
 9.33254301e+01 -3.87315794e+01  1.85093741e-06 
 9.54992586e+01 -3.87315794e+01  1.89405129e-06 
 9.77237221e+01 -3.87315794e+01  1.93816941e-06 
 1.00000000e+02 -3.87315794e+01  1.98331517e-06 
 1.02329299e+02 -3.87315794e+01  2.02951252e-06 
 1.04712855e+02 -3.87315794e+01  2.07678594e-06 
 1.07151931e+02 -3.87315794e+01  2.12516050e-06 
 1.09647820e+02 -3.87315794e+01  2.17466184e-06 
 1.12201845e+02 -3.87315794e+01  2.22531622e-06 
 1.14815362e+02 -3.87315794e+01  2.27715050e-06 
 1.17489755e+02 -3.87315794e+01  2.33019215e-06 
 1.20226443e+02 -3.87315794e+01  2.38446929e-06 
 1.23026877e+02 -3.87315794e+01  2.44001072e-06 
 1.25892541e+02 -3.87315794e+01  2.49684587e-06 
 1.28824955e+02 -3.87315794e+01  2.55500488e-06 
 1.31825674e+02 -3.87315794e+01  2.61451859e-06 
 1.34896288e+02 -3.87315794e+01  2.67541855e-06 
 1.38038426e+02 -3.87315794e+01  2.73773706e-06 
 1.41253754e+02 -3.87315794e+01  2.80150714e-06 
 1.44543977e+02 -3.87315794e+01  2.86676263e-06 
 1.47910839e+02 -3.87315794e+01  2.93353811e-06 
 1.51356125e+02 -3.87315794e+01  3.00186899e-06 
 1.54881662e+02 -3.87315794e+01  3.07179150e-06 
 1.58489319e+02 -3.87315794e+01  3.14334272e-06 
 1.62181010e+02 -3.87315794e+01  3.21656057e-06 
 1.65958691e+02 -3.87315794e+01  3.29148389e-06 
 1.69824365e+02 -3.87315794e+01  3.36815240e-06 
 1.73780083e+02 -3.87315794e+01  3.44660675e-06 
 1.77827941e+02 -3.87315794e+01  3.52688853e-06 
 1.81970086e+02 -3.87315794e+01  3.60904032e-06 
 1.86208714e+02 -3.87315794e+01  3.69310567e-06 
 1.90546072e+02 -3.87315794e+01  3.77912915e-06 
 1.94984460e+02 -3.87315794e+01  3.86715638e-06 
 1.99526231e+02 -3.87315794e+01  3.95723402e-06 
 2.04173794e+02 -3.87315794e+01  4.04940984e-06 
 2.08929613e+02 -3.87315794e+01  4.14373272e-06 
 2.13796209e+02 -3.87315794e+01  4.24025265e-06 
 2.18776162e+02 -3.87315794e+01  4.33902082e-06 
 2.23872114e+02 -3.87315794e+01  4.44008960e-06 
 2.29086765e+02 -3.87315794e+01  4.54351257e-06 
 2.34422882e+02 -3.87315794e+01  4.64934458e-06 
 2.39883292e+02 -3.87315794e+01  4.75764172e-06 
 2.45470892e+02 -3.87315794e+01  4.86846144e-06 
 2.51188643e+02 -3.87315794e+01  4.98186247e-06 
 2.57039578e+02 -3.87315794e+01  5.09790496e-06 
 2.63026799e+02 -3.87315794e+01  5.21665042e-06 
 2.69153480e+02 -3.87315794e+01  5.33816181e-06 
 2.75422870e+02 -3.87315794e+01  5.46250358e-06 
 2.81838293e+02 -3.87315794e+01  5.58974163e-06 
 2.88403150e+02 -3.87315794e+01  5.71994344e-06 
 2.95120923e+02 -3.87315794e+01  5.85317804e-06 
 3.01995172e+02 -3.87315794e+01  5.98951607e-06 
 3.09029543e+02 -3.87315794e+01  6.12902982e-06 
 3.16227766e+02 -3.87315794e+01  6.27179326e-06 
 3.23593657e+02 -3.87315794e+01  6.41788210e-06 
 3.31131121e+02 -3.87315794e+01  6.56737377e-06 
 3.38844156e+02 -3.87315794e+01  6.72034756e-06 
 3.46736850e+02 -3.87315794e+01  6.87688456e-06 
 3.54813389e+02 -3.87315794e+01  7.03706778e-06 
 3.63078055e+02 -3.87315794e+01  7.20098215e-06 
 3.71535229e+02 -3.87315794e+01  7.36871457e-06 
 3.80189396e+02 -3.87315794e+01  7.54035398e-06 
 3.89045145e+02 -3.87315794e+01  7.71599139e-06 
 3.98107171e+02 -3.87315794e+01  7.89571992e-06 
 4.07380278e+02 -3.87315794e+01  8.07963486e-06 
 4.16869383e+02 -3.87315794e+01  8.26783373e-06 
 4.26579519e+02 -3.87315794e+01  8.46041632e-06 
 4.36515832e+02 -3.87315794e+01  8.65748473e-06 
 4.46683592e+02 -3.87315794e+01  8.85914346e-06 
 4.57088190e+02 -3.87315794e+01  9.06549942e-06 
 4.67735141e+02 -3.87315794e+01  9.27666202e-06 
 4.78630092e+02 -3.87315794e+01  9.49274324e-06 
 4.89778819e+02 -3.87315794e+01  9.71385764e-06 
 5.01187234e+02 -3.87315794e+01  9.94012245e-06 
 5.12861384e+02 -3.87315794e+01  1.01716576e-05 
 5.24807460e+02 -3.87315794e+01  1.04085860e-05 
 5.37031796e+02 -3.87315794e+01  1.06510331e-05 
 5.49540874e+02 -3.87315794e+01  1.08991275e-05 
 5.62341325e+02 -3.87315794e+01  1.11530008e-05 
 5.75439937e+02 -3.87315794e+01  1.14127876e-05 
 5.88843655e+02 -3.87315794e+01  1.16786256e-05 
 6.02559586e+02 -3.87315794e+01  1.19506557e-05 
 6.16595002e+02 -3.87315794e+01  1.22290222e-05 
 6.30957344e+02 -3.87315794e+01  1.25138727e-05 
 6.45654229e+02 -3.87315794e+01  1.28053583e-05 
 6.60693448e+02 -3.87315794e+01  1.31036334e-05 
 6.76082975e+02 -3.87315794e+01  1.34088562e-05 
 6.91830971e+02 -3.87315794e+01  1.37211886e-05 
 7.07945784e+02 -3.87315794e+01  1.40407962e-05 
 7.24435960e+02 -3.87315794e+01  1.43678483e-05 
 7.41310241e+02 -3.87315794e+01  1.47025185e-05 
 7.58577575e+02 -3.87315794e+01  1.50449841e-05 
 7.76247117e+02 -3.87315794e+01  1.53954268e-05 
 7.94328235e+02 -3.87315794e+01  1.57540324e-05 
 8.12830516e+02 -3.87315794e+01  1.61209910e-05 
 8.31763771e+02 -3.87315794e+01  1.64964971e-05 
 8.51138038e+02 -3.87315794e+01  1.68807499e-05 
 8.70963590e+02 -3.87315794e+01  1.72739530e-05 
 8.91250938e+02 -3.87315794e+01  1.76763151e-05 
 9.12010839e+02 -3.87315794e+01  1.80880494e-05 
 9.33254301e+02 -3.87315794e+01  1.85093741e-05 
 9.54992586e+02 -3.87315794e+01  1.89405129e-05 
 9.77237221e+02 -3.87315794e+01  1.93816941e-05 
 1.00000000e+03 -3.87315794e+01  1.98331517e-05 
 1.02329299e+03 -3.87315794e+01  2.02951252e-05 
 1.04712855e+03 -3.87315794e+01  2.07678594e-05 
 1.07151931e+03 -3.87315794e+01  2.12516050e-05 
 1.09647820e+03 -3.87315794e+01  2.17466184e-05 
 1.12201845e+03 -3.87315794e+01  2.22531622e-05 
 1.14815362e+03 -3.87315794e+01  2.27715050e-05 
 1.17489755e+03 -3.87315794e+01  2.33019215e-05 
 1.20226443e+03 -3.87315794e+01  2.38446929e-05 
 1.23026877e+03 -3.87315794e+01  2.44001072e-05 
 1.25892541e+03 -3.87315794e+01  2.49684587e-05 
 1.28824955e+03 -3.87315794e+01  2.55500488e-05 
 1.31825674e+03 -3.87315794e+01  2.61451859e-05 
 1.34896288e+03 -3.87315794e+01  2.67541855e-05 
 1.38038426e+03 -3.87315794e+01  2.73773706e-05 
 1.41253754e+03 -3.87315794e+01  2.80150714e-05 
 1.44543977e+03 -3.87315794e+01  2.86676263e-05 
 1.47910839e+03 -3.87315794e+01  2.93353811e-05 
 1.51356125e+03 -3.87315794e+01  3.00186899e-05 
 1.54881662e+03 -3.87315794e+01  3.07179150e-05 
 1.58489319e+03 -3.87315794e+01  3.14334272e-05 
 1.62181010e+03 -3.87315794e+01  3.21656057e-05 
 1.65958691e+03 -3.87315794e+01  3.29148389e-05 
 1.69824365e+03 -3.87315794e+01  3.36815240e-05 
 1.73780083e+03 -3.87315794e+01  3.44660675e-05 
 1.77827941e+03 -3.87315794e+01  3.52688853e-05 
 1.81970086e+03 -3.87315794e+01  3.60904032e-05 
 1.86208714e+03 -3.87315794e+01  3.69310567e-05 
 1.90546072e+03 -3.87315794e+01  3.77912915e-05 
 1.94984460e+03 -3.87315794e+01  3.86715638e-05 
 1.99526231e+03 -3.87315794e+01  3.95723402e-05 
 2.04173794e+03 -3.87315794e+01  4.04940984e-05 
 2.08929613e+03 -3.87315794e+01  4.14373272e-05 
 2.13796209e+03 -3.87315794e+01  4.24025265e-05 
 2.18776162e+03 -3.87315794e+01  4.33902082e-05 
 2.23872114e+03 -3.87315794e+01  4.44008960e-05 
 2.29086765e+03 -3.87315794e+01  4.54351257e-05 
 2.34422882e+03 -3.87315794e+01  4.64934458e-05 
 2.39883292e+03 -3.87315794e+01  4.75764172e-05 
 2.45470892e+03 -3.87315794e+01  4.86846144e-05 
 2.51188643e+03 -3.87315794e+01  4.98186247e-05 
 2.57039578e+03 -3.87315794e+01  5.09790496e-05 
 2.63026799e+03 -3.87315794e+01  5.21665042e-05 
 2.69153480e+03 -3.87315794e+01  5.33816181e-05 
 2.75422870e+03 -3.87315794e+01  5.46250358e-05 
 2.81838293e+03 -3.87315794e+01  5.58974163e-05 
 2.88403150e+03 -3.87315794e+01  5.71994344e-05 
 2.95120923e+03 -3.87315794e+01  5.85317804e-05 
 3.01995172e+03 -3.87315794e+01  5.98951607e-05 
 3.09029543e+03 -3.87315794e+01  6.12902982e-05 
 3.16227766e+03 -3.87315794e+01  6.27179326e-05 
 3.23593657e+03 -3.87315794e+01  6.41788210e-05 
 3.31131121e+03 -3.87315794e+01  6.56737377e-05 
 3.38844156e+03 -3.87315794e+01  6.72034756e-05 
 3.46736850e+03 -3.87315794e+01  6.87688456e-05 
 3.54813389e+03 -3.87315794e+01  7.03706778e-05 
 3.63078055e+03 -3.87315794e+01  7.20098215e-05 
 3.71535229e+03 -3.87315794e+01  7.36871457e-05 
 3.80189396e+03 -3.87315794e+01  7.54035398e-05 
 3.89045145e+03 -3.87315794e+01  7.71599139e-05 
 3.98107171e+03 -3.87315794e+01  7.89571992e-05 
 4.07380278e+03 -3.87315794e+01  8.07963486e-05 
 4.16869383e+03 -3.87315794e+01  8.26783373e-05 
 4.26579519e+03 -3.87315794e+01  8.46041632e-05 
 4.36515832e+03 -3.87315794e+01  8.65748473e-05 
 4.46683592e+03 -3.87315794e+01  8.85914346e-05 
 4.57088190e+03 -3.87315794e+01  9.06549942e-05 
 4.67735141e+03 -3.87315794e+01  9.27666202e-05 
 4.78630092e+03 -3.87315794e+01  9.49274324e-05 
 4.89778819e+03 -3.87315794e+01  9.71385764e-05 
 5.01187234e+03 -3.87315794e+01  9.94012245e-05 
 5.12861384e+03 -3.87315794e+01  1.01716576e-04 
 5.24807460e+03 -3.87315794e+01  1.04085860e-04 
 5.37031796e+03 -3.87315794e+01  1.06510331e-04 
 5.49540874e+03 -3.87315794e+01  1.08991275e-04 
 5.62341325e+03 -3.87315794e+01  1.11530008e-04 
 5.75439937e+03 -3.87315794e+01  1.14127876e-04 
 5.88843655e+03 -3.87315794e+01  1.16786256e-04 
 6.02559586e+03 -3.87315794e+01  1.19506557e-04 
 6.16595002e+03 -3.87315794e+01  1.22290222e-04 
 6.30957344e+03 -3.87315794e+01  1.25138727e-04 
 6.45654229e+03 -3.87315794e+01  1.28053583e-04 
 6.60693448e+03 -3.87315794e+01  1.31036334e-04 
 6.76082975e+03 -3.87315794e+01  1.34088562e-04 
 6.91830971e+03 -3.87315794e+01  1.37211886e-04 
 7.07945784e+03 -3.87315794e+01  1.40407962e-04 
 7.24435960e+03 -3.87315794e+01  1.43678483e-04 
 7.41310241e+03 -3.87315794e+01  1.47025185e-04 
 7.58577575e+03 -3.87315794e+01  1.50449841e-04 
 7.76247117e+03 -3.87315794e+01  1.53954268e-04 
 7.94328235e+03 -3.87315794e+01  1.57540324e-04 
 8.12830516e+03 -3.87315794e+01  1.61209910e-04 
 8.31763771e+03 -3.87315794e+01  1.64964971e-04 
 8.51138038e+03 -3.87315794e+01  1.68807499e-04 
 8.70963590e+03 -3.87315794e+01  1.72739530e-04 
 8.91250938e+03 -3.87315794e+01  1.76763151e-04 
 9.12010839e+03 -3.87315794e+01  1.80880494e-04 
 9.33254301e+03 -3.87315794e+01  1.85093741e-04 
 9.54992586e+03 -3.87315794e+01  1.89405129e-04 
 9.77237221e+03 -3.87315794e+01  1.93816941e-04 
 1.00000000e+04 -3.87315794e+01  1.98331517e-04 
 1.02329299e+04 -3.87315794e+01  2.02951252e-04 
 1.04712855e+04 -3.87315794e+01  2.07678594e-04 
 1.07151931e+04 -3.87315794e+01  2.12516050e-04 
 1.09647820e+04 -3.87315794e+01  2.17466184e-04 
 1.12201845e+04 -3.87315794e+01  2.22531622e-04 
 1.14815362e+04 -3.87315794e+01  2.27715050e-04 
 1.17489755e+04 -3.87315794e+01  2.33019215e-04 
 1.20226443e+04 -3.87315794e+01  2.38446929e-04 
 1.23026877e+04 -3.87315794e+01  2.44001072e-04 
 1.25892541e+04 -3.87315794e+01  2.49684587e-04 
 1.28824955e+04 -3.87315794e+01  2.55500488e-04 
 1.31825674e+04 -3.87315794e+01  2.61451859e-04 
 1.34896288e+04 -3.87315794e+01  2.67541855e-04 
 1.38038426e+04 -3.87315794e+01  2.73773706e-04 
 1.41253754e+04 -3.87315794e+01  2.80150714e-04 
 1.44543977e+04 -3.87315794e+01  2.86676263e-04 
 1.47910839e+04 -3.87315794e+01  2.93353811e-04 
 1.51356125e+04 -3.87315794e+01  3.00186899e-04 
 1.54881662e+04 -3.87315794e+01  3.07179150e-04 
 1.58489319e+04 -3.87315794e+01  3.14334272e-04 
 1.62181010e+04 -3.87315794e+01  3.21656057e-04 
 1.65958691e+04 -3.87315794e+01  3.29148389e-04 
 1.69824365e+04 -3.87315794e+01  3.36815240e-04 
 1.73780083e+04 -3.87315794e+01  3.44660675e-04 
 1.77827941e+04 -3.87315794e+01  3.52688853e-04 
 1.81970086e+04 -3.87315794e+01  3.60904032e-04 
 1.86208714e+04 -3.87315794e+01  3.69310567e-04 
 1.90546072e+04 -3.87315794e+01  3.77912915e-04 
 1.94984460e+04 -3.87315794e+01  3.86715638e-04 
 1.99526231e+04 -3.87315794e+01  3.95723402e-04 
 2.04173794e+04 -3.87315794e+01  4.04940984e-04 
 2.08929613e+04 -3.87315794e+01  4.14373272e-04 
 2.13796209e+04 -3.87315794e+01  4.24025265e-04 
 2.18776162e+04 -3.87315794e+01  4.33902082e-04 
 2.23872114e+04 -3.87315794e+01  4.44008960e-04 
 2.29086765e+04 -3.87315794e+01  4.54351257e-04 
 2.34422882e+04 -3.87315794e+01  4.64934458e-04 
 2.39883292e+04 -3.87315794e+01  4.75764172e-04 
 2.45470892e+04 -3.87315794e+01  4.86846144e-04 
 2.51188643e+04 -3.87315794e+01  4.98186247e-04 
 2.57039578e+04 -3.87315794e+01  5.09790495e-04 
 2.63026799e+04 -3.87315794e+01  5.21665042e-04 
 2.69153480e+04 -3.87315794e+01  5.33816181e-04 
 2.75422870e+04 -3.87315794e+01  5.46250357e-04 
 2.81838293e+04 -3.87315794e+01  5.58974163e-04 
 2.88403150e+04 -3.87315794e+01  5.71994344e-04 
 2.95120923e+04 -3.87315794e+01  5.85317804e-04 
 3.01995172e+04 -3.87315794e+01  5.98951607e-04 
 3.09029543e+04 -3.87315794e+01  6.12902982e-04 
 3.16227766e+04 -3.87315794e+01  6.27179326e-04 
 3.23593657e+04 -3.87315794e+01  6.41788209e-04 
 3.31131121e+04 -3.87315794e+01  6.56737377e-04 
 3.38844156e+04 -3.87315794e+01  6.72034756e-04 
 3.46736850e+04 -3.87315794e+01  6.87688456e-04 
 3.54813389e+04 -3.87315794e+01  7.03706778e-04 
 3.63078055e+04 -3.87315794e+01  7.20098215e-04 
 3.71535229e+04 -3.87315794e+01  7.36871457e-04 
 3.80189396e+04 -3.87315794e+01  7.54035398e-04 
 3.89045145e+04 -3.87315794e+01  7.71599139e-04 
 3.98107171e+04 -3.87315794e+01  7.89571991e-04 
 4.07380278e+04 -3.87315794e+01  8.07963486e-04 
 4.16869383e+04 -3.87315794e+01  8.26783373e-04 
 4.26579519e+04 -3.87315794e+01  8.46041632e-04 
 4.36515832e+04 -3.87315794e+01  8.65748473e-04 
 4.46683592e+04 -3.87315794e+01  8.85914345e-04 
 4.57088190e+04 -3.87315794e+01  9.06549941e-04 
 4.67735141e+04 -3.87315794e+01  9.27666202e-04 
 4.78630092e+04 -3.87315794e+01  9.49274324e-04 
 4.89778819e+04 -3.87315794e+01  9.71385763e-04 
 5.01187234e+04 -3.87315794e+01  9.94012244e-04 
 5.12861384e+04 -3.87315794e+01  1.01716576e-03 
 5.24807460e+04 -3.87315794e+01  1.04085860e-03 
 5.37031796e+04 -3.87315794e+01  1.06510331e-03 
 5.49540874e+04 -3.87315794e+01  1.08991275e-03 
 5.62341325e+04 -3.87315794e+01  1.11530008e-03 
 5.75439937e+04 -3.87315794e+01  1.14127876e-03 
 5.88843655e+04 -3.87315794e+01  1.16786255e-03 
 6.02559586e+04 -3.87315794e+01  1.19506557e-03 
 6.16595002e+04 -3.87315794e+01  1.22290222e-03 
 6.30957344e+04 -3.87315794e+01  1.25138727e-03 
 6.45654229e+04 -3.87315794e+01  1.28053583e-03 
 6.60693448e+04 -3.87315794e+01  1.31036334e-03 
 6.76082975e+04 -3.87315794e+01  1.34088562e-03 
 6.91830971e+04 -3.87315794e+01  1.37211886e-03 
 7.07945784e+04 -3.87315794e+01  1.40407961e-03 
 7.24435960e+04 -3.87315794e+01  1.43678483e-03 
 7.41310241e+04 -3.87315794e+01  1.47025185e-03 
 7.58577575e+04 -3.87315794e+01  1.50449841e-03 
 7.76247117e+04 -3.87315794e+01  1.53954268e-03 
 7.94328235e+04 -3.87315793e+01  1.57540324e-03 
 8.12830516e+04 -3.87315793e+01  1.61209909e-03 
 8.31763771e+04 -3.87315793e+01  1.64964970e-03 
 8.51138038e+04 -3.87315793e+01  1.68807498e-03 
 8.70963590e+04 -3.87315793e+01  1.72739530e-03 
 8.91250938e+04 -3.87315793e+01  1.76763150e-03 
 9.12010839e+04 -3.87315793e+01  1.80880493e-03 
 9.33254301e+04 -3.87315793e+01  1.85093741e-03 
 9.54992586e+04 -3.87315793e+01  1.89405128e-03 
 9.77237221e+04 -3.87315793e+01  1.93816940e-03 
 1.00000000e+05 -3.87315793e+01  1.98331517e-03 
 1.02329299e+05 -3.87315793e+01  2.02951251e-03 
 1.04712855e+05 -3.87315793e+01  2.07678593e-03 
 1.07151931e+05 -3.87315793e+01  2.12516049e-03 
 1.09647820e+05 -3.87315793e+01  2.17466184e-03 
 1.12201845e+05 -3.87315793e+01  2.22531622e-03 
 1.14815362e+05 -3.87315793e+01  2.27715049e-03 
 1.17489755e+05 -3.87315793e+01  2.33019214e-03 
 1.20226443e+05 -3.87315793e+01  2.38446929e-03 
 1.23026877e+05 -3.87315793e+01  2.44001071e-03 
 1.25892541e+05 -3.87315793e+01  2.49684586e-03 
 1.28824955e+05 -3.87315792e+01  2.55500487e-03 
 1.31825674e+05 -3.87315792e+01  2.61451858e-03 
 1.34896288e+05 -3.87315792e+01  2.67541854e-03 
 1.38038426e+05 -3.87315792e+01  2.73773704e-03 
 1.41253754e+05 -3.87315792e+01  2.80150713e-03 
 1.44543977e+05 -3.87315792e+01  2.86676261e-03 
 1.47910839e+05 -3.87315792e+01  2.93353809e-03 
 1.51356125e+05 -3.87315792e+01  3.00186897e-03 
 1.54881662e+05 -3.87315792e+01  3.07179148e-03 
 1.58489319e+05 -3.87315792e+01  3.14334270e-03 
 1.62181010e+05 -3.87315791e+01  3.21656055e-03 
 1.65958691e+05 -3.87315791e+01  3.29148387e-03 
 1.69824365e+05 -3.87315791e+01  3.36815238e-03 
 1.73780083e+05 -3.87315791e+01  3.44660672e-03 
 1.77827941e+05 -3.87315791e+01  3.52688851e-03 
 1.81970086e+05 -3.87315791e+01  3.60904029e-03 
 1.86208714e+05 -3.87315791e+01  3.69310564e-03 
 1.90546072e+05 -3.87315790e+01  3.77912912e-03 
 1.94984460e+05 -3.87315790e+01  3.86715634e-03 
 1.99526231e+05 -3.87315790e+01  3.95723398e-03 
 2.04173794e+05 -3.87315790e+01  4.04940980e-03 
 2.08929613e+05 -3.87315790e+01  4.14373267e-03 
 2.13796209e+05 -3.87315790e+01  4.24025260e-03 
 2.18776162e+05 -3.87315789e+01  4.33902077e-03 
 2.23872114e+05 -3.87315789e+01  4.44008954e-03 
 2.29086765e+05 -3.87315789e+01  4.54351251e-03 
 2.34422882e+05 -3.87315789e+01  4.64934451e-03 
 2.39883292e+05 -3.87315788e+01  4.75764166e-03 
 2.45470892e+05 -3.87315788e+01  4.86846136e-03 
 2.51188643e+05 -3.87315788e+01  4.98186239e-03 
 2.57039578e+05 -3.87315788e+01  5.09790487e-03 
 2.63026799e+05 -3.87315787e+01  5.21665032e-03 
 2.69153480e+05 -3.87315787e+01  5.33816172e-03 
 2.75422870e+05 -3.87315787e+01  5.46250347e-03 
 2.81838293e+05 -3.87315786e+01  5.58974152e-03 
 2.88403150e+05 -3.87315786e+01  5.71994332e-03 
 2.95120923e+05 -3.87315785e+01  5.85317791e-03 
 3.01995172e+05 -3.87315785e+01  5.98951593e-03 
 3.09029543e+05 -3.87315785e+01  6.12902967e-03 
 3.16227766e+05 -3.87315784e+01  6.27179310e-03 
 3.23593657e+05 -3.87315784e+01  6.41788192e-03 
 3.31131121e+05 -3.87315783e+01  6.56737359e-03 
 3.38844156e+05 -3.87315783e+01  6.72034736e-03 
 3.46736850e+05 -3.87315782e+01  6.87688435e-03 
 3.54813389e+05 -3.87315782e+01  7.03706756e-03 
 3.63078055e+05 -3.87315781e+01  7.20098191e-03 
 3.71535229e+05 -3.87315780e+01  7.36871431e-03 
 3.80189396e+05 -3.87315780e+01  7.54035370e-03 
 3.89045145e+05 -3.87315779e+01  7.71599109e-03 
 3.98107171e+05 -3.87315778e+01  7.89571960e-03 
 4.07380278e+05 -3.87315778e+01  8.07963452e-03 
 4.16869383e+05 -3.87315777e+01  8.26783337e-03 
 4.26579519e+05 -3.87315776e+01  8.46041593e-03 
 4.36515832e+05 -3.87315775e+01  8.65748431e-03 
 4.46683592e+05 -3.87315774e+01  8.85914301e-03 
 4.57088190e+05 -3.87315773e+01  9.06549894e-03 
 4.67735141e+05 -3.87315772e+01  9.27666151e-03 
 4.78630092e+05 -3.87315771e+01  9.49274269e-03 
 4.89778819e+05 -3.87315770e+01  9.71385704e-03 
 5.01187234e+05 -3.87315769e+01  9.94012181e-03 
 5.12861384e+05 -3.87315768e+01  1.01716570e-02 
 5.24807460e+05 -3.87315767e+01  1.04085853e-02 
 5.37031796e+05 -3.87315765e+01  1.06510323e-02 
 5.49540874e+05 -3.87315764e+01  1.08991267e-02 
 5.62341325e+05 -3.87315763e+01  1.11529999e-02 
 5.75439937e+05 -3.87315761e+01  1.14127866e-02 
 5.88843655e+05 -3.87315760e+01  1.16786245e-02 
 6.02559586e+05 -3.87315758e+01  1.19506546e-02 
 6.16595002e+05 -3.87315756e+01  1.22290210e-02 
 6.30957344e+05 -3.87315754e+01  1.25138715e-02 
 6.45654229e+05 -3.87315753e+01  1.28053569e-02 
 6.60693448e+05 -3.87315751e+01  1.31036319e-02 
 6.76082975e+05 -3.87315749e+01  1.34088547e-02 
 6.91830971e+05 -3.87315746e+01  1.37211869e-02 
 7.07945784e+05 -3.87315744e+01  1.40407944e-02 
 7.24435960e+05 -3.87315742e+01  1.43678464e-02 
 7.41310241e+05 -3.87315739e+01  1.47025164e-02 
 7.58577575e+05 -3.87315737e+01  1.50449819e-02 
 7.76247117e+05 -3.87315734e+01  1.53954245e-02 
 7.94328235e+05 -3.87315731e+01  1.57540299e-02 
 8.12830516e+05 -3.87315728e+01  1.61209882e-02 
 8.31763771e+05 -3.87315725e+01  1.64964942e-02 
 8.51138038e+05 -3.87315722e+01  1.68807467e-02 
 8.70963590e+05 -3.87315719e+01  1.72739497e-02 
 8.91250938e+05 -3.87315715e+01  1.76763115e-02 
 9.12010839e+05 -3.87315711e+01  1.80880455e-02 
 9.33254301e+05 -3.87315707e+01  1.85093700e-02 
 9.54992586e+05 -3.87315703e+01  1.89405085e-02 
 9.77237221e+05 -3.87315699e+01  1.93816894e-02 
 1.00000000e+06 -3.87315694e+01  1.98331467e-02 
 1.02329299e+06 -3.87315690e+01  2.02951198e-02 
 1.04712855e+06 -3.87315685e+01  2.07678536e-02 
 1.07151931e+06 -3.87315680e+01  2.12515988e-02 
 1.09647820e+06 -3.87315674e+01  2.17466118e-02 
 1.12201845e+06 -3.87315669e+01  2.22531551e-02 
 1.14815362e+06 -3.87315663e+01  2.27714974e-02 
 1.17489755e+06 -3.87315657e+01  2.33019133e-02 
 1.20226443e+06 -3.87315650e+01  2.38446842e-02 
 1.23026877e+06 -3.87315643e+01  2.44000978e-02 
 1.25892541e+06 -3.87315636e+01  2.49684486e-02 
 1.28824955e+06 -3.87315629e+01  2.55500380e-02 
 1.31825674e+06 -3.87315621e+01  2.61451744e-02 
 1.34896288e+06 -3.87315613e+01  2.67541731e-02 
 1.38038426e+06 -3.87315604e+01  2.73773573e-02 
 1.41253754e+06 -3.87315595e+01  2.80150572e-02 
 1.44543977e+06 -3.87315586e+01  2.86676111e-02 
 1.47910839e+06 -3.87315576e+01  2.93353648e-02 
 1.51356125e+06 -3.87315566e+01  3.00186724e-02 
 1.54881662e+06 -3.87315555e+01  3.07178963e-02 
 1.58489319e+06 -3.87315544e+01  3.14334071e-02 
 1.62181010e+06 -3.87315532e+01  3.21655842e-02 
 1.65958691e+06 -3.87315520e+01  3.29148159e-02 
 1.69824365e+06 -3.87315507e+01  3.36814993e-02 
 1.73780083e+06 -3.87315493e+01  3.44660411e-02 
 1.77827941e+06 -3.87315479e+01  3.52688570e-02 
 1.81970086e+06 -3.87315464e+01  3.60903729e-02 
 1.86208714e+06 -3.87315448e+01  3.69310242e-02 
 1.90546072e+06 -3.87315432e+01  3.77912567e-02 
 1.94984460e+06 -3.87315415e+01  3.86715264e-02 
 1.99526231e+06 -3.87315397e+01  3.95723002e-02 
 2.04173794e+06 -3.87315379e+01  4.04940555e-02 
 2.08929613e+06 -3.87315359e+01  4.14372812e-02 
 2.13796209e+06 -3.87315338e+01  4.24024772e-02 
 2.18776162e+06 -3.87315317e+01  4.33901554e-02 
 2.23872114e+06 -3.87315295e+01  4.44008395e-02 
 2.29086765e+06 -3.87315271e+01  4.54350651e-02 
 2.34422882e+06 -3.87315246e+01  4.64933808e-02 
 2.39883292e+06 -3.87315221e+01  4.75763477e-02 
 2.45470892e+06 -3.87315193e+01  4.86845398e-02 
 2.51188643e+06 -3.87315165e+01  4.98185448e-02 
 2.57039578e+06 -3.87315136e+01  5.09789640e-02 
 2.63026799e+06 -3.87315105e+01  5.21664124e-02 
 2.69153480e+06 -3.87315072e+01  5.33815199e-02 
 2.75422870e+06 -3.87315038e+01  5.46249304e-02 
 2.81838293e+06 -3.87315002e+01  5.58973035e-02 
 2.88403150e+06 -3.87314965e+01  5.71993135e-02 
 2.95120923e+06 -3.87314926e+01  5.85316508e-02 
 3.01995172e+06 -3.87314885e+01  5.98950218e-02 
 3.09029543e+06 -3.87314842e+01  6.12901494e-02 
 3.16227766e+06 -3.87314797e+01  6.27177732e-02 
 3.23593657e+06 -3.87314750e+01  6.41786502e-02 
 3.31131121e+06 -3.87314701e+01  6.56735547e-02 
 3.38844156e+06 -3.87314650e+01  6.72032795e-02 
 3.46736850e+06 -3.87314596e+01  6.87686355e-02 
 3.54813389e+06 -3.87314539e+01  7.03704527e-02 
 3.63078055e+06 -3.87314480e+01  7.20095802e-02 
 3.71535229e+06 -3.87314418e+01  7.36868872e-02 
 3.80189396e+06 -3.87314353e+01  7.54032628e-02 
 3.89045145e+06 -3.87314285e+01  7.71596171e-02 
 3.98107171e+06 -3.87314214e+01  7.89568811e-02 
 4.07380278e+06 -3.87314140e+01  8.07960078e-02 
 4.16869383e+06 -3.87314062e+01  8.26779722e-02 
 4.26579519e+06 -3.87313980e+01  8.46037719e-02 
 4.36515832e+06 -3.87313895e+01  8.65744281e-02 
 4.46683592e+06 -3.87313805e+01  8.85909853e-02 
 4.57088190e+06 -3.87313712e+01  9.06545128e-02 
 4.67735141e+06 -3.87313613e+01  9.27661045e-02 
 4.78630092e+06 -3.87313511e+01  9.49268797e-02 
 4.89778819e+06 -3.87313403e+01  9.71379842e-02 
 5.01187234e+06 -3.87313290e+01  9.94005899e-02 
 5.12861384e+06 -3.87313172e+01  1.01715896e-01 
 5.24807460e+06 -3.87313049e+01  1.04085131e-01 
 5.37031796e+06 -3.87312919e+01  1.06509550e-01 
 5.49540874e+06 -3.87312784e+01  1.08990439e-01 
 5.62341325e+06 -3.87312642e+01  1.11529112e-01 
 5.75439937e+06 -3.87312493e+01  1.14126915e-01 
 5.88843655e+06 -3.87312338e+01  1.16785226e-01 
 6.02559586e+06 -3.87312175e+01  1.19505454e-01 
 6.16595002e+06 -3.87312004e+01  1.22289041e-01 
 6.30957344e+06 -3.87311826e+01  1.25137461e-01 
 6.45654229e+06 -3.87311639e+01  1.28052226e-01 
 6.60693448e+06 -3.87311443e+01  1.31034880e-01 
 6.76082975e+06 -3.87311238e+01  1.34087005e-01 
 6.91830971e+06 -3.87311023e+01  1.37210217e-01 
 7.07945784e+06 -3.87310798e+01  1.40406173e-01 
 7.24435960e+06 -3.87310563e+01  1.43676567e-01 
 7.41310241e+06 -3.87310316e+01  1.47023132e-01 
 7.58577575e+06 -3.87310058e+01  1.50447641e-01 
 7.76247117e+06 -3.87309788e+01  1.53951911e-01 
 7.94328235e+06 -3.87309505e+01  1.57537798e-01 
 8.12830516e+06 -3.87309209e+01  1.61207203e-01 
 8.31763771e+06 -3.87308898e+01  1.64962070e-01 
 8.51138038e+06 -3.87308573e+01  1.68804391e-01 
 8.70963590e+06 -3.87308233e+01  1.72736200e-01 
 8.91250938e+06 -3.87307877e+01  1.76759582e-01 
 9.12010839e+06 -3.87307503e+01  1.80876670e-01 
 9.33254301e+06 -3.87307113e+01  1.85089644e-01 
 9.54992586e+06 -3.87306704e+01  1.89400739e-01 
 9.77237221e+06 -3.87306275e+01  1.93812237e-01 
 1.00000000e+07 -3.87305826e+01  1.98326477e-01 
 1.02329299e+07 -3.87305357e+01  2.02945851e-01 
 1.04712855e+07 -3.87304865e+01  2.07672807e-01 
 1.07151931e+07 -3.87304350e+01  2.12509849e-01 
 1.09647820e+07 -3.87303810e+01  2.17459540e-01 
 1.12201845e+07 -3.87303246e+01  2.22524503e-01 
 1.14815362e+07 -3.87302654e+01  2.27707421e-01 
 1.17489755e+07 -3.87302035e+01  2.33011040e-01 
 1.20226443e+07 -3.87301387e+01  2.38438170e-01 
 1.23026877e+07 -3.87300708e+01  2.43991686e-01 
 1.25892541e+07 -3.87299997e+01  2.49674530e-01 
 1.28824955e+07 -3.87299252e+01  2.55489712e-01 
 1.31825674e+07 -3.87298473e+01  2.61440312e-01 
 1.34896288e+07 -3.87297656e+01  2.67529483e-01 
 1.38038426e+07 -3.87296802e+01  2.73760448e-01 
 1.41253754e+07 -3.87295907e+01  2.80136509e-01 
 1.44543977e+07 -3.87294969e+01  2.86661042e-01 
 1.47910839e+07 -3.87293988e+01  2.93337501e-01 
 1.51356125e+07 -3.87292960e+01  3.00169423e-01 
 1.54881662e+07 -3.87291884e+01  3.07160424e-01 
 1.58489319e+07 -3.87290758e+01  3.14314206e-01 
 1.62181010e+07 -3.87289578e+01  3.21634557e-01 
 1.65958691e+07 -3.87288342e+01  3.29125351e-01 
 1.69824365e+07 -3.87287049e+01  3.36790555e-01 
 1.73780083e+07 -3.87285694e+01  3.44634224e-01 
 1.77827941e+07 -3.87284275e+01  3.52660511e-01 
 1.81970086e+07 -3.87282790e+01  3.60873663e-01 
 1.86208714e+07 -3.87281235e+01  3.69278026e-01 
 1.90546072e+07 -3.87279606e+01  3.77878047e-01 
 1.94984460e+07 -3.87277901e+01  3.86678276e-01 
 1.99526231e+07 -3.87276115e+01  3.95683368e-01 
 2.04173794e+07 -3.87274245e+01  4.04898087e-01 
 2.08929613e+07 -3.87272288e+01  4.14327307e-01 
 2.13796209e+07 -3.87270237e+01  4.23976013e-01 
 2.18776162e+07 -3.87268091e+01  4.33849308e-01 
 2.23872114e+07 -3.87265843e+01  4.43952412e-01 
 2.29086765e+07 -3.87263489e+01  4.54290665e-01 
 2.34422882e+07 -3.87261024e+01  4.64869533e-01 
 2.39883292e+07 -3.87258443e+01  4.75694605e-01 
 2.45470892e+07 -3.87255741e+01  4.86771601e-01 
 2.51188643e+07 -3.87252911e+01  4.98106374e-01 
 2.57039578e+07 -3.87249948e+01  5.09704910e-01 
 2.63026799e+07 -3.87246845e+01  5.21573336e-01 
 2.69153480e+07 -3.87243597e+01  5.33717918e-01 
 2.75422870e+07 -3.87240195e+01  5.46145067e-01 
 2.81838293e+07 -3.87236633e+01  5.58861343e-01 
 2.88403150e+07 -3.87232903e+01  5.71873457e-01 
 2.95120923e+07 -3.87228997e+01  5.85188272e-01 
 3.01995172e+07 -3.87224907e+01  5.98812813e-01 
 3.09029543e+07 -3.87220625e+01  6.12754263e-01 
 3.16227766e+07 -3.87216141e+01  6.27019973e-01 
 3.23593657e+07 -3.87211446e+01  6.41617461e-01 
 3.31131121e+07 -3.87206529e+01  6.56554420e-01 
 3.38844156e+07 -3.87201381e+01  6.71838716e-01 
 3.46736850e+07 -3.87195991e+01  6.87478399e-01 
 3.54813389e+07 -3.87190346e+01  7.03481701e-01 
 3.63078055e+07 -3.87184436e+01  7.19857043e-01 
 3.71535229e+07 -3.87178248e+01  7.36613041e-01 
 3.80189396e+07 -3.87171768e+01  7.53758505e-01 
 3.89045145e+07 -3.87164983e+01  7.71302448e-01 
 3.98107171e+07 -3.87157878e+01  7.89254088e-01 
 4.07380278e+07 -3.87150439e+01  8.07622852e-01 
 4.16869383e+07 -3.87142649e+01  8.26418385e-01 
 4.26579519e+07 -3.87134493e+01  8.45650548e-01 
 4.36515832e+07 -3.87125953e+01  8.65329429e-01 
 4.46683592e+07 -3.87117010e+01  8.85465342e-01 
 4.57088190e+07 -3.87107647e+01  9.06068837e-01 
 4.67735141e+07 -3.87097843e+01  9.27150702e-01 
 4.78630092e+07 -3.87087577e+01  9.48721971e-01 
 4.89778819e+07 -3.87076828e+01  9.70793923e-01 
 5.01187234e+07 -3.87065573e+01  9.93378094e-01 
 5.12861384e+07 -3.87053789e+01  1.01648628e+00 
 5.24807460e+07 -3.87041450e+01  1.04013054e+00 
 5.37031796e+07 -3.87028530e+01  1.06432321e+00 
 5.49540874e+07 -3.87015002e+01  1.08907689e+00 
 5.62341325e+07 -3.87000837e+01  1.11440447e+00 
 5.75439937e+07 -3.86986006e+01  1.14031913e+00 
 5.88843655e+07 -3.86970478e+01  1.16683434e+00 
 6.02559586e+07 -3.86954219e+01  1.19396386e+00 
 6.16595002e+07 -3.86937195e+01  1.22172177e+00 
 6.30957344e+07 -3.86919370e+01  1.25012246e+00 
 6.45654229e+07 -3.86900707e+01  1.27918062e+00 
 6.60693448e+07 -3.86881167e+01  1.30891128e+00 
 6.76082975e+07 -3.86860707e+01  1.33932979e+00 
 6.91830971e+07 -3.86839286e+01  1.37045185e+00 
 7.07945784e+07 -3.86816858e+01  1.40229349e+00 
 7.24435960e+07 -3.86793375e+01  1.43487108e+00 
 7.41310241e+07 -3.86768789e+01  1.46820135e+00 
 7.58577575e+07 -3.86743047e+01  1.50230141e+00 
 7.76247117e+07 -3.86716096e+01  1.53718872e+00 
 7.94328235e+07 -3.86687879e+01  1.57288111e+00 
 8.12830516e+07 -3.86658337e+01  1.60939679e+00 
 8.31763771e+07 -3.86627406e+01  1.64675436e+00 
 8.51138038e+07 -3.86595024e+01  1.68497283e+00 
 8.70963590e+07 -3.86561121e+01  1.72407157e+00 
 8.91250938e+07 -3.86525627e+01  1.76407040e+00 
 9.12010839e+07 -3.86488466e+01  1.80498950e+00 
 9.33254301e+07 -3.86449563e+01  1.84684952e+00 
 9.54992586e+07 -3.86408834e+01  1.88967149e+00 
 9.77237221e+07 -3.86366194e+01  1.93347689e+00 
 1.00000000e+08 -3.86321556e+01  1.97828763e+00 
 1.02329299e+08 -3.86274824e+01  2.02412606e+00 
 1.04712855e+08 -3.86225902e+01  2.07101497e+00 
 1.07151931e+08 -3.86174688e+01  2.11897762e+00 
 1.09647820e+08 -3.86121075e+01  2.16803769e+00 
 1.12201845e+08 -3.86064950e+01  2.21821935e+00 
 1.14815362e+08 -3.86006199e+01  2.26954722e+00 
 1.17489755e+08 -3.85944697e+01  2.32204638e+00 
 1.20226443e+08 -3.85880318e+01  2.37574241e+00 
 1.23026877e+08 -3.85812927e+01  2.43066133e+00 
 1.25892541e+08 -3.85742386e+01  2.48682965e+00 
 1.28824955e+08 -3.85668548e+01  2.54427437e+00 
 1.31825674e+08 -3.85591260e+01  2.60302294e+00 
 1.34896288e+08 -3.85510363e+01  2.66310333e+00 
 1.38038426e+08 -3.85425689e+01  2.72454396e+00 
 1.41253754e+08 -3.85337065e+01  2.78737374e+00 
 1.44543977e+08 -3.85244307e+01  2.85162206e+00 
 1.47910839e+08 -3.85147226e+01  2.91731879e+00 
 1.51356125e+08 -3.85045621e+01  2.98449426e+00 
 1.54881662e+08 -3.84939286e+01  3.05317929e+00 
 1.58489319e+08 -3.84828001e+01  3.12340514e+00 
 1.62181010e+08 -3.84711541e+01  3.19520355e+00 
 1.65958691e+08 -3.84589667e+01  3.26860669e+00 
 1.69824365e+08 -3.84462132e+01  3.34364717e+00 
 1.73780083e+08 -3.84328676e+01  3.42035805e+00 
 1.77827941e+08 -3.84189030e+01  3.49877277e+00 
 1.81970086e+08 -3.84042911e+01  3.57892520e+00 
 1.86208714e+08 -3.83890024e+01  3.66084960e+00 
 1.90546072e+08 -3.83730062e+01  3.74458056e+00 
 1.94984460e+08 -3.83562704e+01  3.83015305e+00 
 1.99526231e+08 -3.83387614e+01  3.91760236e+00 
 2.04173794e+08 -3.83204442e+01  4.00696406e+00 
 2.08929613e+08 -3.83012825e+01  4.09827400e+00 
 2.13796209e+08 -3.82812382e+01  4.19156827e+00 
 2.18776162e+08 -3.82602716e+01  4.28688316e+00 
 2.23872114e+08 -3.82383414e+01  4.38425514e+00 
 2.29086765e+08 -3.82154045e+01  4.48372078e+00 
 2.34422882e+08 -3.81914160e+01  4.58531677e+00 
 2.39883292e+08 -3.81663290e+01  4.68907979e+00 
 2.45470892e+08 -3.81400950e+01  4.79504653e+00 
 2.51188643e+08 -3.81126630e+01  4.90325361e+00 
 2.57039578e+08 -3.80839803e+01  5.01373748e+00 
 2.63026799e+08 -3.80539919e+01  5.12653440e+00 
 2.69153480e+08 -3.80226405e+01  5.24168037e+00 
 2.75422870e+08 -3.79898667e+01  5.35921102e+00 
 2.81838293e+08 -3.79556086e+01  5.47916154e+00 
 2.88403150e+08 -3.79198019e+01  5.60156659e+00 
 2.95120923e+08 -3.78823797e+01  5.72646022e+00 
 3.01995172e+08 -3.78432727e+01  5.85387574e+00 
 3.09029543e+08 -3.78024086e+01  5.98384563e+00 
 3.16227766e+08 -3.77597129e+01  6.11640141e+00 
 3.23593657e+08 -3.77151077e+01  6.25157353e+00 
 3.31131121e+08 -3.76685128e+01  6.38939122e+00 
 3.38844156e+08 -3.76198446e+01  6.52988236e+00 
 3.46736850e+08 -3.75690168e+01  6.67307331e+00 
 3.54813389e+08 -3.75159400e+01  6.81898878e+00 
 3.63078055e+08 -3.74605216e+01  6.96765164e+00 
 3.71535229e+08 -3.74026659e+01  7.11908275e+00 
 3.80189396e+08 -3.73422739e+01  7.27330075e+00 
 3.89045145e+08 -3.72792436e+01  7.43032190e+00 
 3.98107171e+08 -3.72134694e+01  7.59015983e+00 
 4.07380278e+08 -3.71448425e+01  7.75282534e+00 
 4.16869383e+08 -3.70732510e+01  7.91832618e+00 
 4.26579519e+08 -3.69985793e+01  8.08666677e+00 
 4.36515832e+08 -3.69207088e+01  8.25784799e+00 
 4.46683592e+08 -3.68395173e+01  8.43186689e+00 
 4.57088190e+08 -3.67548794e+01  8.60871641e+00 
 4.67735141e+08 -3.66666666e+01  8.78838512e+00 
 4.78630092e+08 -3.65747470e+01  8.97085689e+00 
 4.89778819e+08 -3.64789857e+01  9.15611061e+00 
 5.01187234e+08 -3.63792447e+01  9.34411989e+00 
 5.12861384e+08 -3.62753831e+01  9.53485267e+00 
 5.24807460e+08 -3.61672573e+01  9.72827096e+00 
 5.37031796e+08 -3.60547208e+01  9.92433044e+00 
 5.49540874e+08 -3.59376251e+01  1.01229802e+01 
 5.62341325e+08 -3.58158189e+01  1.03241622e+01 
 5.75439937e+08 -3.56891495e+01  1.05278112e+01 
 5.88843655e+08 -3.55574619e+01  1.07338542e+01 
 6.02559586e+08 -3.54205999e+01  1.09422100e+01 
 6.16595002e+08 -3.52784063e+01  1.11527891e+01 
 6.30957344e+08 -3.51307229e+01  1.13654933e+01 
 6.45654229e+08 -3.49773912e+01  1.15802151e+01 
 6.60693448e+08 -3.48182528e+01  1.17968376e+01 
 6.76082975e+08 -3.46531498e+01  1.20152342e+01 
 6.91830971e+08 -3.44819255e+01  1.22352681e+01 
 7.07945784e+08 -3.43044244e+01  1.24567922e+01 
 7.24435960e+08 -3.41204936e+01  1.26796487e+01 
 7.41310241e+08 -3.39299827e+01  1.29036689e+01 
 7.58577575e+08 -3.37327451e+01  1.31286731e+01 
 7.76247117e+08 -3.35286379e+01  1.33544704e+01 
 7.94328235e+08 -3.33175235e+01  1.35808583e+01 
 8.12830516e+08 -3.30992700e+01  1.38076230e+01 
 8.31763771e+08 -3.28737516e+01  1.40345390e+01 
 8.51138038e+08 -3.26408503e+01  1.42613697e+01 
 8.70963590e+08 -3.24004562e+01  1.44878665e+01 
 8.91250938e+08 -3.21524683e+01  1.47137701e+01 
 9.12010839e+08 -3.18967960e+01  1.49388098e+01 
 9.33254301e+08 -3.16333594e+01  1.51627042e+01 
 9.54992586e+08 -3.13620906e+01  1.53851614e+01 
 9.77237221e+08 -3.10829345e+01  1.56058797e+01 
 1.00000000e+09 -3.07958501e+01  1.58245479e+01 
 1.02329299e+09 -3.05008108e+01  1.60408458e+01 
 1.04712855e+09 -3.01978058e+01  1.62544452e+01 
 1.07151931e+09 -2.98868409e+01  1.64650106e+01 
 1.09647820e+09 -2.95679392e+01  1.66721999e+01 
 1.12201845e+09 -2.92411423e+01  1.68756657e+01 
 1.14815362e+09 -2.89065103e+01  1.70750560e+01 
 1.17489755e+09 -2.85641233e+01  1.72700158e+01 
 1.20226443e+09 -2.82140816e+01  1.74601877e+01 
 1.23026877e+09 -2.78565063e+01  1.76452140e+01 
 1.25892541e+09 -2.74915395e+01  1.78247375e+01 
 1.28824955e+09 -2.71193451e+01  1.79984030e+01 
 1.31825674e+09 -2.67401087e+01  1.81658592e+01 
 1.34896288e+09 -2.63540377e+01  1.83267599e+01 
 1.38038426e+09 -2.59613612e+01  1.84807657e+01 
 1.41253754e+09 -2.55623300e+01  1.86275456e+01 
 1.44543977e+09 -2.51572164e+01  1.87667787e+01 
 1.47910839e+09 -2.47463133e+01  1.88981558e+01 
 1.51356125e+09 -2.43299339e+01  1.90213810e+01 
 1.54881662e+09 -2.39084109e+01  1.91361731e+01 
 1.58489319e+09 -2.34820956e+01  1.92422676e+01 
 1.62181010e+09 -2.30513570e+01  1.93394177e+01 
 1.65958691e+09 -2.26165802e+01  1.94273958e+01 
 1.69824365e+09 -2.21781656e+01  1.95059950e+01 
 1.73780083e+09 -2.17365273e+01  1.95750302e+01 
 1.77827941e+09 -2.12920911e+01  1.96343390e+01 
 1.81970086e+09 -2.08452939e+01  1.96837830e+01 
 1.86208714e+09 -2.03965808e+01  1.97232482e+01 
 1.90546072e+09 -1.99464041e+01  1.97526460e+01 
 1.94984460e+09 -1.94952213e+01  1.97719134e+01 
 1.99526231e+09 -1.90434927e+01  1.97810136e+01 
 2.04173794e+09 -1.85916802e+01  1.97799360e+01 
 2.08929613e+09 -1.81402451e+01  1.97686962e+01 
 2.13796209e+09 -1.76896459e+01  1.97473360e+01 
 2.18776162e+09 -1.72403368e+01  1.97159228e+01 
 2.23872114e+09 -1.67927656e+01  1.96745492e+01 
 2.29086765e+09 -1.63473721e+01  1.96233324e+01 
 2.34422882e+09 -1.59045864e+01  1.95624135e+01 
 2.39883292e+09 -1.54648271e+01  1.94919563e+01 
 2.45470892e+09 -1.50285000e+01  1.94121463e+01 
 2.51188643e+09 -1.45959964e+01  1.93231898e+01 
 2.57039578e+09 -1.41676924e+01  1.92253122e+01 
 2.63026799e+09 -1.37439471e+01  1.91187569e+01 
 2.69153480e+09 -1.33251019e+01  1.90037838e+01 
 2.75422870e+09 -1.29114799e+01  1.88806678e+01 
 2.81838293e+09 -1.25033846e+01  1.87496973e+01 
 2.88403150e+09 -1.21010997e+01  1.86111727e+01 
 2.95120923e+09 -1.17048887e+01  1.84654046e+01 
 3.01995172e+09 -1.13149943e+01  1.83127125e+01 
 3.09029543e+09 -1.09316386e+01  1.81534230e+01 
 3.16227766e+09 -1.05550227e+01  1.79878686e+01 
 3.23593657e+09 -1.01853270e+01  1.78163860e+01 
 3.31131121e+09 -9.82271158e+00  1.76393144e+01 
 3.38844156e+09 -9.46731592e+00  1.74569948e+01 
 3.46736850e+09 -9.11925988e+00  1.72697682e+01 
 3.54813389e+09 -8.77864389e+00  1.70779743e+01 
 3.63078055e+09 -8.44554962e+00  1.68819507e+01 
 3.71535229e+09 -8.12004054e+00  1.66820315e+01 
 3.80189396e+09 -7.80216269e+00  1.64785464e+01 
 3.89045145e+09 -7.49194533e+00  1.62718200e+01 
 3.98107171e+09 -7.18940180e+00  1.60621706e+01 
 4.07380278e+09 -6.89453028e+00  1.58499097e+01 
 4.16869383e+09 -6.60731460e+00  1.56353412e+01 
 4.26579519e+09 -6.32772515e+00  1.54187609e+01 
 4.36515832e+09 -6.05571968e+00  1.52004561e+01 
 4.46683592e+09 -5.79124415e+00  1.49807051e+01 
 4.57088190e+09 -5.53423360e+00  1.47597766e+01 
 4.67735141e+09 -5.28461297e+00  1.45379297e+01 
 4.78630092e+09 -5.04229791e+00  1.43154138e+01 
 4.89778819e+09 -4.80719562e+00  1.40924681e+01 
 5.01187234e+09 -4.57920556e+00  1.38693216e+01 
 5.12861384e+09 -4.35822027e+00  1.36461932e+01 
 5.24807460e+09 -4.14412605e+00  1.34232915e+01 
 5.37031796e+09 -3.93680366e+00  1.32008150e+01 
 5.49540874e+09 -3.73612901e+00  1.29789522e+01 
 5.62341325e+09 -3.54197375e+00  1.27578812e+01 
 5.75439937e+09 -3.35420590e+00  1.25377708e+01 
 5.88843655e+09 -3.17269042e+00  1.23187797e+01 
 6.02559586e+09 -2.99728972e+00  1.21010572e+01 
 6.16595002e+09 -2.82786417e+00  1.18847433e+01 
 6.30957344e+09 -2.66427259e+00  1.16699691e+01 
 6.45654229e+09 -2.50637267e+00  1.14568566e+01 
 6.60693448e+09 -2.35402138e+00  1.12455193e+01 
 6.76082975e+09 -2.20707538e+00  1.10360625e+01 
 6.91830971e+09 -2.06539132e+00  1.08285834e+01 
 7.07945784e+09 -1.92882622e+00  1.06231713e+01 
 7.24435960e+09 -1.79723774e+00  1.04199081e+01 
 7.41310241e+09 -1.67048446e+00  1.02188685e+01 
 7.58577575e+09 -1.54842612e+00  1.00201202e+01 
 7.76247117e+09 -1.43092387e+00  9.82372432e+00 
 7.94328235e+09 -1.31784049e+00  9.62973552e+00 
 8.12830516e+09 -1.20904052e+00  9.43820239e+00 
 8.31763771e+09 -1.10439047e+00  9.24916771e+00 
 8.51138038e+09 -1.00375899e+00  9.06266869e+00 
 8.70963590e+09 -9.07016935e-01  8.87873725e+00 
 8.91250938e+09 -8.14037548e-01  8.69740030e+00 
 9.12010839e+09 -7.24696521e-01  8.51867997e+00 
 9.33254301e+09 -6.38872097e-01  8.34259386e+00 
 9.54992586e+09 -5.56445139e-01  8.16915532e+00 
 9.77237221e+09 -4.77299193e-01  7.99837363e+00 
 1.00000000e+10 -4.01320536e-01  7.83025428e+00 
 1.02329299e+10 -3.28398213e-01  7.66479917e+00 
 1.04712855e+10 -2.58424069e-01  7.50200684e+00 
 1.07151931e+10 -1.91292765e-01  7.34187265e+00 
 1.09647820e+10 -1.26901789e-01  7.18438901e+00 
 1.12201845e+10 -6.51514605e-02  7.02954557e+00 
 1.14815362e+10 -5.94492314e-03  6.87732940e+00 
 1.17489755e+10  5.08118650e-02  6.72772517e+00 
 1.20226443e+10  1.05210149e-01  6.58071533e+00 
 1.23026877e+10  1.57338401e-01  6.43628025e+00 
 1.25892541e+10  2.07282347e-01  6.29439841e+00 
 1.28824955e+10  2.55124997e-01  6.15504654e+00 
 1.31825674e+10  3.00946687e-01  6.01819974e+00 
 1.34896288e+10  3.44825113e-01  5.88383166e+00 
 1.38038426e+10  3.86835378e-01  5.75191458e+00 
 1.41253754e+10  4.27050033e-01  5.62241957e+00 
 1.44543977e+10  4.65539131e-01  5.49531661e+00 
 1.47910839e+10  5.02370270e-01  5.37057465e+00 
 1.51356125e+10  5.37608651e-01  5.24816177e+00 
 1.54881662e+10  5.71317125e-01  5.12804528e+00 
 1.58489319e+10  6.03556252e-01  5.01019174e+00 
 1.62181010e+10  6.34384351e-01  4.89456714e+00 
 1.65958691e+10  6.63857557e-01  4.78113693e+00 
 1.69824365e+10  6.92029880e-01  4.66986610e+00 
 1.73780083e+10  7.18953253e-01  4.56071927e+00 
 1.77827941e+10  7.44677594e-01  4.45366074e+00 
 1.81970086e+10  7.69250857e-01  4.34865456e+00 
 1.86208714e+10  7.92719092e-01  4.24566459e+00 
 1.90546072e+10  8.15126492e-01  4.14465455e+00 
 1.94984460e+10  8.36515452e-01  4.04558810e+00 
 1.99526231e+10  8.56926617e-01  3.94842883e+00 
 2.04173794e+10  8.76398941e-01  3.85314034e+00 
 2.08929613e+10  8.94969728e-01  3.75968629e+00 
 2.13796209e+10  9.12674689e-01  3.66803042e+00 
 2.18776162e+10  9.29547987e-01  3.57813656e+00 
 2.23872114e+10  9.45622284e-01  3.48996873e+00 
 2.29086765e+10  9.60928788e-01  3.40349108e+00 
 2.34422882e+10  9.75497297e-01  3.31866800e+00 
 2.39883292e+10  9.89356239e-01  3.23546409e+00 
 2.45470892e+10  1.00253272e+00  3.15384419e+00 
 2.51188643e+10  1.01505255e+00  3.07377340e+00 
 2.57039578e+10  1.02694030e+00  2.99521713e+00 
 2.63026799e+10  1.03821933e+00  2.91814106e+00 
 2.69153480e+10  1.04891181e+00  2.84251119e+00 
 2.75422870e+10  1.05903878e+00  2.76829385e+00 
 2.81838293e+10  1.06862016e+00  2.69545569e+00 
 2.88403150e+10  1.07767479e+00  2.62396373e+00 
 2.95120923e+10  1.08622046e+00  2.55378531e+00 
 3.01995172e+10  1.09427393e+00  2.48488813e+00 
 3.09029543e+10  1.10185095e+00  2.41724029e+00 
 3.16227766e+10  1.10896629e+00  2.35081022e+00 
 3.23593657e+10  1.11563377e+00  2.28556674e+00 
 3.31131121e+10  1.12186627e+00  2.22147904e+00 
 3.38844156e+10  1.12767572e+00  2.15851670e+00 
 3.46736850e+10  1.13307319e+00  2.09664968e+00 
 3.54813389e+10  1.13806880e+00  2.03584831e+00 
 3.63078055e+10  1.14267182e+00  1.97608334e+00 
 3.71535229e+10  1.14689064e+00  1.91732587e+00 
 3.80189396e+10  1.15073277e+00  1.85954743e+00 
 3.89045145e+10  1.15420486e+00  1.80271991e+00 
 3.98107171e+10  1.15731271e+00  1.74681563e+00 
 4.07380278e+10  1.16006124e+00  1.69180729e+00 
 4.16869383e+10  1.16245451e+00  1.63766800e+00 
 4.26579519e+10  1.16449572e+00  1.58437129e+00 
 4.36515832e+10  1.16618718e+00  1.53189110e+00 
 4.46683592e+10  1.16753033e+00  1.48020180e+00 
 4.57088190e+10  1.16852569e+00  1.42927820e+00 
 4.67735141e+10  1.16917287e+00  1.37909556e+00 
 4.78630092e+10  1.16947057e+00  1.32962961e+00 
 4.89778819e+10  1.16941651e+00  1.28085655e+00 
 5.01187234e+10  1.16900743e+00  1.23275309e+00 
 5.12861384e+10  1.16823908e+00  1.18529649e+00 
 5.24807460e+10  1.16710617e+00  1.13846454e+00 
 5.37031796e+10  1.16560234e+00  1.09223564e+00 
 5.49540874e+10  1.16372014e+00  1.04658883e+00 
 5.62341325e+10  1.16145095e+00  1.00150385e+00 
 5.75439937e+10  1.15878500e+00  9.56961135e-01 
 5.88843655e+10  1.15571129e+00  9.12941970e-01 
 6.02559586e+10  1.15221754e+00  8.69428496e-01 
 6.16595002e+10  1.14829018e+00  8.26403821e-01 
 6.30957344e+10  1.14391426e+00  7.83852112e-01 
 6.45654229e+10  1.13907346e+00  7.41758704e-01 
 6.60693448e+10  1.13375000e+00  7.00110227e-01 
 6.76082975e+10  1.12792461e+00  6.58894746e-01 
 6.91830971e+10  1.12157653e+00  6.18101921e-01 
 7.07945784e+10  1.11468345e+00  5.77723186e-01 
 7.24435960e+10  1.10722149e+00  5.37751948e-01 
 7.41310241e+10  1.09916526e+00  4.98183816e-01 
 7.58577575e+10  1.09048777e+00  4.59016844e-01 
 7.76247117e+10  1.08116058e+00  4.20251806e-01 
 7.94328235e+10  1.07115379e+00  3.81892496e-01 
 8.12830516e+10  1.06043616e+00  3.43946054e-01 
 8.31763771e+10  1.04897528e+00  3.06423319e-01 
 8.51138038e+10  1.03673772e+00  2.69339205e-01 
 8.70963590e+10  1.02368929e+00  2.32713096e-01 
 8.91250938e+10  1.00979538e+00  1.96569263e-01 
 9.12010839e+10  9.95021337e-01  1.60937286e-01 
 9.33254301e+10  9.79332945e-01  1.25852474e-01 
 9.54992586e+10  9.62697023e-01  9.13562824e-02 
 9.77237221e+10  9.45082119e-01  5.74966887e-02 
 1.00000000e+11  9.26459324e-01  2.43285299e-02 
 1.02329299e+11  9.06803216e-01 -8.08623788e-03 
 1.04712855e+11  8.86092938e-01 -3.96783802e-02 
 1.07151931e+11  8.64313392e-01 -7.03713605e-02 
 1.09647820e+11  8.41456565e-01 -1.00081487e-01 
 1.12201845e+11  8.17522950e-01 -1.28718276e-01 
 1.14815362e+11  7.92523039e-01 -1.56185058e-01 
 1.17489755e+11  7.66478859e-01 -1.82379895e-01 
 1.20226443e+11  7.39425482e-01 -2.07196806e-01 
 1.23026877e+11  7.11412446e-01 -2.30527370e-01 
 1.25892541e+11  6.82505019e-01 -2.52262685e-01 
 1.28824955e+11  6.52785192e-01 -2.72295710e-01 
 1.31825674e+11  6.22352317e-01 -2.90523937e-01 
 1.34896288e+11  5.91323284e-01 -3.06852363e-01 
 1.38038426e+11  5.59832133e-01 -3.21196659e-01 
 1.41253754e+11  5.28029029e-01 -3.33486438e-01 
 1.44543977e+11  4.96078543e-01 -3.43668461e-01 
 1.47910839e+11  4.64157212e-01 -3.51709626e-01 
 1.51356125e+11  4.32450410e-01 -3.57599556e-01 
 1.54881662e+11  4.01148602e-01 -3.61352607e-01 
 1.58489319e+11  3.70443109e-01 -3.63009132e-01 
 1.62181010e+11  3.40521562e-01 -3.62635876e-01 
 1.65958691e+11  3.11563248e-01 -3.60325409e-01 
 1.69824365e+11  2.83734594e-01 -3.56194587e-01 
 1.73780083e+11  2.57185025e-01 -3.50382080e-01 
 1.77827941e+11  2.32043403e-01 -3.43045071e-01 
 1.81970086e+11  2.08415255e-01 -3.34355307e-01 
 1.86208714e+11  1.86380889e-01 -3.24494696e-01 
 1.90546072e+11  1.65994495e-01 -3.13650696e-01 
 1.94984460e+11  1.47284201e-01 -3.02011727e-01 
 1.99526231e+11  1.30253043e-01 -2.89762837e-01 
 2.04173794e+11  1.14880718e-01 -2.77081799e-01 
 2.08929613e+11  1.01125976e-01 -2.64135792e-01 
 2.13796209e+11  8.89294624e-02 -2.51078753e-01 
 2.18776162e+11  7.82168443e-02 -2.38049443e-01 
 2.23872114e+11  6.89020331e-02 -2.25170216e-01 
 2.29086765e+11  6.08903624e-02 -2.12546452e-01 
 2.34422882e+11  5.40815896e-02 -2.00266575e-01 
 2.39883292e+11  4.83726300e-02 -1.88402560e-01 
 2.45470892e+11  4.36599584e-02 -1.77010834e-01 
 2.51188643e+11  3.98416470e-02 -1.66133459e-01 
 2.57039578e+11  3.68190272e-02 -1.55799517e-01 
 2.63026799e+11  3.44979876e-02 -1.46026586e-01 
 2.69153480e+11  3.27899325e-02 -1.36822268e-01 
 2.75422870e+11  3.16124350e-02 -1.28185679e-01 
 2.81838293e+11  3.08896258e-02 -1.20108877e-01 
 2.88403150e+11  3.05523580e-02 -1.12578197e-01 
 2.95120923e+11  3.05381904e-02 -1.05575454e-01 
 3.01995172e+11  3.07912278e-02 -9.90790319e-02 
 3.09029543e+11  3.12618520e-02 -9.30648257e-02 
 3.16227766e+11  3.19063755e-02 -8.75070622e-02 
 3.23593657e+11  3.26866431e-02 -8.23789926e-02 
 3.31131121e+11  3.35696026e-02 -7.76534693e-02 
 3.38844156e+11  3.45268630e-02 -7.33034189e-02 
 3.46736850e+11  3.55342518e-02 -6.93022207e-02 
 3.54813389e+11  3.65713842e-02 -6.56240029e-02 
 3.63078055e+11  3.76212493e-02 -6.22438675e-02 
 3.71535229e+11  3.86698203e-02 -5.91380546e-02 
 3.80189396e+11  3.97056905e-02 -5.62840551e-02 
 3.89045145e+11  4.07197384e-02 -5.36606808e-02 
 3.98107171e+11  4.17048218e-02 -5.12480996e-02 
 4.07380278e+11  4.26554997e-02 -4.90278425e-02 
 4.16869383e+11  4.35677841e-02 -4.69827883e-02 
 4.26579519e+11  4.44389167e-02 -4.50971308e-02 
 4.36515832e+11  4.52671718e-02 -4.33563331e-02 
 4.46683592e+11  4.60516822e-02 -4.17470719e-02 
 4.57088190e+11  4.67922870e-02 -4.02571756e-02 
 4.67735141e+11  4.74893981e-02 -3.88755577e-02 
 4.78630092e+11  4.81438856e-02 -3.75921485e-02 
 4.89778819e+11  4.87569784e-02 -3.63978258e-02 
 5.01187234e+11  4.93301795e-02 -3.52843460e-02 
 5.12861384e+11  4.98651939e-02 -3.42442766e-02 
 5.24807460e+11  5.03638677e-02 -3.32709319e-02 
 5.37031796e+11  5.08281371e-02 -3.23583100e-02 
 5.49540874e+11  5.12599862e-02 -3.15010338e-02 
 5.62341325e+11  5.16614124e-02 -3.06942959e-02 
 5.75439937e+11  5.20343977e-02 -2.99338052e-02 
 5.88843655e+11  5.23808869e-02 -2.92157391e-02 
 6.02559586e+11  5.27027691e-02 -2.85366980e-02 
 6.16595002e+11  5.30018645e-02 -2.78936635e-02 
 6.30957344e+11  5.32799145e-02 -2.72839602e-02 
 6.45654229e+11  5.35385738e-02 -2.67052206e-02 
 6.60693448e+11  5.37794062e-02 -2.61553527e-02 
 6.76082975e+11  5.40038818e-02 -2.56325114e-02 
 6.91830971e+11  5.42133757e-02 -2.51350716e-02 
 7.07945784e+11  5.44091681e-02 -2.46616047e-02 
 7.24435960e+11  5.45924458e-02 -2.42108566e-02 
 7.41310241e+11  5.47643045e-02 -2.37817285e-02 
 7.58577575e+11  5.49257506e-02 -2.33732595e-02 
 7.76247117e+11  5.50777052e-02 -2.29846113e-02 
 7.94328235e+11  5.52210071e-02 -2.26150534e-02 
 8.12830516e+11  5.53564165e-02 -2.22639518e-02 
 8.31763771e+11  5.54846186e-02 -2.19307570e-02 
 8.51138038e+11  5.56062271e-02 -2.16149946e-02 
 8.70963590e+11  5.57217883e-02 -2.13162564e-02 
 8.91250938e+11  5.58317844e-02 -2.10341924e-02 
 9.12010839e+11  5.59366365e-02 -2.07685043e-02 
 9.33254301e+11  5.60367084e-02 -2.05189387e-02 
 9.54992586e+11  5.61323094e-02 -2.02852821e-02 
 9.77237221e+11  5.62236970e-02 -2.00673558e-02 
 1.00000000e+12  5.63110796e-02 -1.98650111e-02 
