 frequency       ac1.vout1-ac1.vout2 ac1.vout1-ac1.vout2
 1.00000000e+01 -4.43085577e+01  1.75583088e-06 
 1.02329299e+01 -4.43085577e+01  1.79672943e-06 
 1.04712855e+01 -4.43085577e+01  1.83858064e-06 
 1.07151931e+01 -4.43085577e+01  1.88140668e-06 
 1.09647820e+01 -4.43085577e+01  1.92523027e-06 
 1.12201845e+01 -4.43085577e+01  1.97007464e-06 
 1.14815362e+01 -4.43085577e+01  2.01596358e-06 
 1.17489755e+01 -4.43085577e+01  2.06292140e-06 
 1.20226443e+01 -4.43085577e+01  2.11097301e-06 
 1.23026877e+01 -4.43085577e+01  2.16014389e-06 
 1.25892541e+01 -4.43085577e+01  2.21046011e-06 
 1.28824955e+01 -4.43085577e+01  2.26194834e-06 
 1.31825674e+01 -4.43085577e+01  2.31463588e-06 
 1.34896288e+01 -4.43085577e+01  2.36855068e-06 
 1.38038426e+01 -4.43085577e+01  2.42372131e-06 
 1.41253754e+01 -4.43085577e+01  2.48017703e-06 
 1.44543977e+01 -4.43085577e+01  2.53794778e-06 
 1.47910839e+01 -4.43085577e+01  2.59706418e-06 
 1.51356125e+01 -4.43085577e+01  2.65755757e-06 
 1.54881662e+01 -4.43085577e+01  2.71946004e-06 
 1.58489319e+01 -4.43085577e+01  2.78280440e-06 
 1.62181010e+01 -4.43085577e+01  2.84762424e-06 
 1.65958691e+01 -4.43085577e+01  2.91395393e-06 
 1.69824365e+01 -4.43085577e+01  2.98182864e-06 
 1.73780083e+01 -4.43085577e+01  3.05128435e-06 
 1.77827941e+01 -4.43085577e+01  3.12235789e-06 
 1.81970086e+01 -4.43085577e+01  3.19508695e-06 
 1.86208714e+01 -4.43085577e+01  3.26951009e-06 
 1.90546072e+01 -4.43085577e+01  3.34566676e-06 
 1.94984460e+01 -4.43085577e+01  3.42359735e-06 
 1.99526231e+01 -4.43085577e+01  3.50334318e-06 
 2.04173794e+01 -4.43085577e+01  3.58494652e-06 
 2.08929613e+01 -4.43085577e+01  3.66845065e-06 
 2.13796209e+01 -4.43085577e+01  3.75389985e-06 
 2.18776162e+01 -4.43085577e+01  3.84133941e-06 
 2.23872114e+01 -4.43085577e+01  3.93081570e-06 
 2.29086765e+01 -4.43085577e+01  4.02237616e-06 
 2.34422882e+01 -4.43085577e+01  4.11606933e-06 
 2.39883292e+01 -4.43085577e+01  4.21194490e-06 
 2.45470892e+01 -4.43085577e+01  4.31005370e-06 
 2.51188643e+01 -4.43085577e+01  4.41044775e-06 
 2.57039578e+01 -4.43085577e+01  4.51318028e-06 
 2.63026799e+01 -4.43085577e+01  4.61830575e-06 
 2.69153480e+01 -4.43085577e+01  4.72587991e-06 
 2.75422870e+01 -4.43085577e+01  4.83595979e-06 
 2.81838293e+01 -4.43085577e+01  4.94860377e-06 
 2.88403150e+01 -4.43085577e+01  5.06387156e-06 
 2.95120923e+01 -4.43085577e+01  5.18182428e-06 
 3.01995172e+01 -4.43085577e+01  5.30252447e-06 
 3.09029543e+01 -4.43085577e+01  5.42603613e-06 
 3.16227766e+01 -4.43085577e+01  5.55242475e-06 
 3.23593657e+01 -4.43085577e+01  5.68175734e-06 
 3.31131121e+01 -4.43085577e+01  5.81410247e-06 
 3.38844156e+01 -4.43085577e+01  5.94953031e-06 
 3.46736850e+01 -4.43085577e+01  6.08811268e-06 
 3.54813389e+01 -4.43085577e+01  6.22992304e-06 
 3.63078055e+01 -4.43085577e+01  6.37503659e-06 
 3.71535229e+01 -4.43085577e+01  6.52353026e-06 
 3.80189396e+01 -4.43085577e+01  6.67548281e-06 
 3.89045145e+01 -4.43085577e+01  6.83097477e-06 
 3.98107171e+01 -4.43085577e+01  6.99008862e-06 
 4.07380278e+01 -4.43085577e+01  7.15290870e-06 
 4.16869383e+01 -4.43085577e+01  7.31952134e-06 
 4.26579519e+01 -4.43085577e+01  7.49001490e-06 
 4.36515832e+01 -4.43085577e+01  7.66447976e-06 
 4.46683592e+01 -4.43085577e+01  7.84300843e-06 
 4.57088190e+01 -4.43085577e+01  8.02569556e-06 
 4.67735141e+01 -4.43085577e+01  8.21263803e-06 
 4.78630092e+01 -4.43085577e+01  8.40393494e-06 
 4.89778819e+01 -4.43085577e+01  8.59968773e-06 
 5.01187234e+01 -4.43085577e+01  8.80000019e-06 
 5.12861384e+01 -4.43085577e+01  9.00497853e-06 
 5.24807460e+01 -4.43085577e+01  9.21473142e-06 
 5.37031796e+01 -4.43085577e+01  9.42937009e-06 
 5.49540874e+01 -4.43085577e+01  9.64900834e-06 
 5.62341325e+01 -4.43085577e+01  9.87376261e-06 
 5.75439937e+01 -4.43085577e+01  1.01037521e-05 
 5.88843655e+01 -4.43085577e+01  1.03390987e-05 
 6.02559586e+01 -4.43085577e+01  1.05799273e-05 
 6.16595002e+01 -4.43085577e+01  1.08263654e-05 
 6.30957344e+01 -4.43085577e+01  1.10785439e-05 
 6.45654229e+01 -4.43085577e+01  1.13365963e-05 
 6.60693448e+01 -4.43085577e+01  1.16006596e-05 
 6.76082975e+01 -4.43085577e+01  1.18708736e-05 
 6.91830971e+01 -4.43085577e+01  1.21473818e-05 
 7.07945784e+01 -4.43085577e+01  1.24303307e-05 
 7.24435960e+01 -4.43085577e+01  1.27198703e-05 
 7.41310241e+01 -4.43085577e+01  1.30161541e-05 
 7.58577575e+01 -4.43085577e+01  1.33193393e-05 
 7.76247117e+01 -4.43085577e+01  1.36295865e-05 
 7.94328235e+01 -4.43085577e+01  1.39470604e-05 
 8.12830516e+01 -4.43085577e+01  1.42719292e-05 
 8.31763771e+01 -4.43085577e+01  1.46043651e-05 
 8.51138038e+01 -4.43085577e+01  1.49445445e-05 
 8.70963590e+01 -4.43085577e+01  1.52926476e-05 
 8.91250938e+01 -4.43085577e+01  1.56488591e-05 
 9.12010839e+01 -4.43085577e+01  1.60133679e-05 
 9.33254301e+01 -4.43085577e+01  1.63863672e-05 
 9.54992586e+01 -4.43085577e+01  1.67680547e-05 
 9.77237221e+01 -4.43085577e+01  1.71586329e-05 
 1.00000000e+02 -4.43085577e+01  1.75583088e-05 
 1.02329299e+02 -4.43085577e+01  1.79672943e-05 
 1.04712855e+02 -4.43085577e+01  1.83858064e-05 
 1.07151931e+02 -4.43085577e+01  1.88140668e-05 
 1.09647820e+02 -4.43085577e+01  1.92523027e-05 
 1.12201845e+02 -4.43085577e+01  1.97007464e-05 
 1.14815362e+02 -4.43085577e+01  2.01596358e-05 
 1.17489755e+02 -4.43085577e+01  2.06292140e-05 
 1.20226443e+02 -4.43085577e+01  2.11097301e-05 
 1.23026877e+02 -4.43085577e+01  2.16014389e-05 
 1.25892541e+02 -4.43085577e+01  2.21046011e-05 
 1.28824955e+02 -4.43085577e+01  2.26194834e-05 
 1.31825674e+02 -4.43085577e+01  2.31463588e-05 
 1.34896288e+02 -4.43085577e+01  2.36855068e-05 
 1.38038426e+02 -4.43085577e+01  2.42372131e-05 
 1.41253754e+02 -4.43085577e+01  2.48017703e-05 
 1.44543977e+02 -4.43085577e+01  2.53794778e-05 
 1.47910839e+02 -4.43085577e+01  2.59706418e-05 
 1.51356125e+02 -4.43085577e+01  2.65755757e-05 
 1.54881662e+02 -4.43085577e+01  2.71946004e-05 
 1.58489319e+02 -4.43085577e+01  2.78280440e-05 
 1.62181010e+02 -4.43085577e+01  2.84762424e-05 
 1.65958691e+02 -4.43085577e+01  2.91395393e-05 
 1.69824365e+02 -4.43085577e+01  2.98182864e-05 
 1.73780083e+02 -4.43085577e+01  3.05128435e-05 
 1.77827941e+02 -4.43085577e+01  3.12235789e-05 
 1.81970086e+02 -4.43085577e+01  3.19508695e-05 
 1.86208714e+02 -4.43085577e+01  3.26951009e-05 
 1.90546072e+02 -4.43085577e+01  3.34566676e-05 
 1.94984460e+02 -4.43085577e+01  3.42359735e-05 
 1.99526231e+02 -4.43085577e+01  3.50334318e-05 
 2.04173794e+02 -4.43085577e+01  3.58494652e-05 
 2.08929613e+02 -4.43085577e+01  3.66845065e-05 
 2.13796209e+02 -4.43085577e+01  3.75389985e-05 
 2.18776162e+02 -4.43085577e+01  3.84133941e-05 
 2.23872114e+02 -4.43085577e+01  3.93081570e-05 
 2.29086765e+02 -4.43085577e+01  4.02237616e-05 
 2.34422882e+02 -4.43085577e+01  4.11606933e-05 
 2.39883292e+02 -4.43085577e+01  4.21194490e-05 
 2.45470892e+02 -4.43085577e+01  4.31005370e-05 
 2.51188643e+02 -4.43085577e+01  4.41044775e-05 
 2.57039578e+02 -4.43085577e+01  4.51318028e-05 
 2.63026799e+02 -4.43085577e+01  4.61830575e-05 
 2.69153480e+02 -4.43085577e+01  4.72587991e-05 
 2.75422870e+02 -4.43085577e+01  4.83595979e-05 
 2.81838293e+02 -4.43085577e+01  4.94860377e-05 
 2.88403150e+02 -4.43085577e+01  5.06387156e-05 
 2.95120923e+02 -4.43085577e+01  5.18182428e-05 
 3.01995172e+02 -4.43085577e+01  5.30252447e-05 
 3.09029543e+02 -4.43085577e+01  5.42603613e-05 
 3.16227766e+02 -4.43085577e+01  5.55242475e-05 
 3.23593657e+02 -4.43085577e+01  5.68175734e-05 
 3.31131121e+02 -4.43085577e+01  5.81410247e-05 
 3.38844156e+02 -4.43085577e+01  5.94953031e-05 
 3.46736850e+02 -4.43085577e+01  6.08811268e-05 
 3.54813389e+02 -4.43085577e+01  6.22992304e-05 
 3.63078055e+02 -4.43085577e+01  6.37503659e-05 
 3.71535229e+02 -4.43085577e+01  6.52353026e-05 
 3.80189396e+02 -4.43085577e+01  6.67548281e-05 
 3.89045145e+02 -4.43085577e+01  6.83097477e-05 
 3.98107171e+02 -4.43085577e+01  6.99008862e-05 
 4.07380278e+02 -4.43085577e+01  7.15290870e-05 
 4.16869383e+02 -4.43085577e+01  7.31952134e-05 
 4.26579519e+02 -4.43085577e+01  7.49001490e-05 
 4.36515832e+02 -4.43085577e+01  7.66447976e-05 
 4.46683592e+02 -4.43085577e+01  7.84300843e-05 
 4.57088190e+02 -4.43085577e+01  8.02569556e-05 
 4.67735141e+02 -4.43085577e+01  8.21263803e-05 
 4.78630092e+02 -4.43085577e+01  8.40393494e-05 
 4.89778819e+02 -4.43085577e+01  8.59968773e-05 
 5.01187234e+02 -4.43085577e+01  8.80000019e-05 
 5.12861384e+02 -4.43085577e+01  9.00497853e-05 
 5.24807460e+02 -4.43085577e+01  9.21473142e-05 
 5.37031796e+02 -4.43085577e+01  9.42937009e-05 
 5.49540874e+02 -4.43085577e+01  9.64900834e-05 
 5.62341325e+02 -4.43085577e+01  9.87376261e-05 
 5.75439937e+02 -4.43085577e+01  1.01037521e-04 
 5.88843655e+02 -4.43085577e+01  1.03390987e-04 
 6.02559586e+02 -4.43085577e+01  1.05799273e-04 
 6.16595002e+02 -4.43085577e+01  1.08263654e-04 
 6.30957344e+02 -4.43085577e+01  1.10785439e-04 
 6.45654229e+02 -4.43085577e+01  1.13365963e-04 
 6.60693448e+02 -4.43085577e+01  1.16006596e-04 
 6.76082975e+02 -4.43085577e+01  1.18708736e-04 
 6.91830971e+02 -4.43085577e+01  1.21473818e-04 
 7.07945784e+02 -4.43085577e+01  1.24303307e-04 
 7.24435960e+02 -4.43085577e+01  1.27198703e-04 
 7.41310241e+02 -4.43085577e+01  1.30161541e-04 
 7.58577575e+02 -4.43085577e+01  1.33193393e-04 
 7.76247117e+02 -4.43085577e+01  1.36295865e-04 
 7.94328235e+02 -4.43085577e+01  1.39470604e-04 
 8.12830516e+02 -4.43085577e+01  1.42719292e-04 
 8.31763771e+02 -4.43085577e+01  1.46043651e-04 
 8.51138038e+02 -4.43085577e+01  1.49445445e-04 
 8.70963590e+02 -4.43085577e+01  1.52926476e-04 
 8.91250938e+02 -4.43085577e+01  1.56488591e-04 
 9.12010839e+02 -4.43085577e+01  1.60133679e-04 
 9.33254301e+02 -4.43085577e+01  1.63863672e-04 
 9.54992586e+02 -4.43085577e+01  1.67680547e-04 
 9.77237221e+02 -4.43085577e+01  1.71586328e-04 
 1.00000000e+03 -4.43085577e+01  1.75583088e-04 
 1.02329299e+03 -4.43085577e+01  1.79672943e-04 
 1.04712855e+03 -4.43085577e+01  1.83858064e-04 
 1.07151931e+03 -4.43085577e+01  1.88140668e-04 
 1.09647820e+03 -4.43085577e+01  1.92523027e-04 
 1.12201845e+03 -4.43085577e+01  1.97007464e-04 
 1.14815362e+03 -4.43085577e+01  2.01596358e-04 
 1.17489755e+03 -4.43085577e+01  2.06292140e-04 
 1.20226443e+03 -4.43085577e+01  2.11097301e-04 
 1.23026877e+03 -4.43085577e+01  2.16014389e-04 
 1.25892541e+03 -4.43085577e+01  2.21046011e-04 
 1.28824955e+03 -4.43085577e+01  2.26194834e-04 
 1.31825674e+03 -4.43085577e+01  2.31463588e-04 
 1.34896288e+03 -4.43085577e+01  2.36855068e-04 
 1.38038426e+03 -4.43085577e+01  2.42372131e-04 
 1.41253754e+03 -4.43085577e+01  2.48017703e-04 
 1.44543977e+03 -4.43085577e+01  2.53794778e-04 
 1.47910839e+03 -4.43085577e+01  2.59706418e-04 
 1.51356125e+03 -4.43085577e+01  2.65755757e-04 
 1.54881662e+03 -4.43085577e+01  2.71946004e-04 
 1.58489319e+03 -4.43085577e+01  2.78280440e-04 
 1.62181010e+03 -4.43085577e+01  2.84762424e-04 
 1.65958691e+03 -4.43085577e+01  2.91395393e-04 
 1.69824365e+03 -4.43085577e+01  2.98182864e-04 
 1.73780083e+03 -4.43085577e+01  3.05128435e-04 
 1.77827941e+03 -4.43085577e+01  3.12235789e-04 
 1.81970086e+03 -4.43085577e+01  3.19508695e-04 
 1.86208714e+03 -4.43085577e+01  3.26951009e-04 
 1.90546072e+03 -4.43085577e+01  3.34566676e-04 
 1.94984460e+03 -4.43085577e+01  3.42359735e-04 
 1.99526231e+03 -4.43085577e+01  3.50334318e-04 
 2.04173794e+03 -4.43085577e+01  3.58494652e-04 
 2.08929613e+03 -4.43085577e+01  3.66845065e-04 
 2.13796209e+03 -4.43085577e+01  3.75389985e-04 
 2.18776162e+03 -4.43085577e+01  3.84133941e-04 
 2.23872114e+03 -4.43085577e+01  3.93081570e-04 
 2.29086765e+03 -4.43085577e+01  4.02237616e-04 
 2.34422882e+03 -4.43085577e+01  4.11606933e-04 
 2.39883292e+03 -4.43085577e+01  4.21194490e-04 
 2.45470892e+03 -4.43085577e+01  4.31005370e-04 
 2.51188643e+03 -4.43085577e+01  4.41044775e-04 
 2.57039578e+03 -4.43085577e+01  4.51318028e-04 
 2.63026799e+03 -4.43085577e+01  4.61830575e-04 
 2.69153480e+03 -4.43085577e+01  4.72587991e-04 
 2.75422870e+03 -4.43085577e+01  4.83595979e-04 
 2.81838293e+03 -4.43085577e+01  4.94860377e-04 
 2.88403150e+03 -4.43085577e+01  5.06387156e-04 
 2.95120923e+03 -4.43085577e+01  5.18182428e-04 
 3.01995172e+03 -4.43085577e+01  5.30252447e-04 
 3.09029543e+03 -4.43085577e+01  5.42603613e-04 
 3.16227766e+03 -4.43085577e+01  5.55242475e-04 
 3.23593657e+03 -4.43085577e+01  5.68175734e-04 
 3.31131121e+03 -4.43085577e+01  5.81410247e-04 
 3.38844156e+03 -4.43085577e+01  5.94953031e-04 
 3.46736850e+03 -4.43085577e+01  6.08811268e-04 
 3.54813389e+03 -4.43085577e+01  6.22992304e-04 
 3.63078055e+03 -4.43085577e+01  6.37503659e-04 
 3.71535229e+03 -4.43085577e+01  6.52353026e-04 
 3.80189396e+03 -4.43085577e+01  6.67548280e-04 
 3.89045145e+03 -4.43085577e+01  6.83097477e-04 
 3.98107171e+03 -4.43085577e+01  6.99008862e-04 
 4.07380278e+03 -4.43085577e+01  7.15290870e-04 
 4.16869383e+03 -4.43085577e+01  7.31952134e-04 
 4.26579519e+03 -4.43085577e+01  7.49001490e-04 
 4.36515832e+03 -4.43085577e+01  7.66447976e-04 
 4.46683592e+03 -4.43085577e+01  7.84300842e-04 
 4.57088190e+03 -4.43085577e+01  8.02569556e-04 
 4.67735141e+03 -4.43085577e+01  8.21263802e-04 
 4.78630092e+03 -4.43085577e+01  8.40393494e-04 
 4.89778819e+03 -4.43085577e+01  8.59968773e-04 
 5.01187234e+03 -4.43085577e+01  8.80000019e-04 
 5.12861384e+03 -4.43085577e+01  9.00497852e-04 
 5.24807460e+03 -4.43085577e+01  9.21473142e-04 
 5.37031796e+03 -4.43085577e+01  9.42937009e-04 
 5.49540874e+03 -4.43085577e+01  9.64900833e-04 
 5.62341325e+03 -4.43085577e+01  9.87376261e-04 
 5.75439937e+03 -4.43085577e+01  1.01037521e-03 
 5.88843655e+03 -4.43085577e+01  1.03390987e-03 
 6.02559586e+03 -4.43085577e+01  1.05799272e-03 
 6.16595002e+03 -4.43085577e+01  1.08263654e-03 
 6.30957344e+03 -4.43085577e+01  1.10785439e-03 
 6.45654229e+03 -4.43085577e+01  1.13365963e-03 
 6.60693448e+03 -4.43085577e+01  1.16006595e-03 
 6.76082975e+03 -4.43085577e+01  1.18708736e-03 
 6.91830971e+03 -4.43085577e+01  1.21473818e-03 
 7.07945784e+03 -4.43085577e+01  1.24303307e-03 
 7.24435960e+03 -4.43085577e+01  1.27198702e-03 
 7.41310241e+03 -4.43085577e+01  1.30161541e-03 
 7.58577575e+03 -4.43085577e+01  1.33193393e-03 
 7.76247117e+03 -4.43085577e+01  1.36295865e-03 
 7.94328235e+03 -4.43085577e+01  1.39470604e-03 
 8.12830516e+03 -4.43085577e+01  1.42719292e-03 
 8.31763771e+03 -4.43085577e+01  1.46043651e-03 
 8.51138038e+03 -4.43085577e+01  1.49445444e-03 
 8.70963590e+03 -4.43085577e+01  1.52926476e-03 
 8.91250938e+03 -4.43085576e+01  1.56488591e-03 
 9.12010839e+03 -4.43085576e+01  1.60133679e-03 
 9.33254301e+03 -4.43085576e+01  1.63863671e-03 
 9.54992586e+03 -4.43085576e+01  1.67680547e-03 
 9.77237221e+03 -4.43085576e+01  1.71586328e-03 
 1.00000000e+04 -4.43085576e+01  1.75583087e-03 
 1.02329299e+04 -4.43085576e+01  1.79672943e-03 
 1.04712855e+04 -4.43085576e+01  1.83858063e-03 
 1.07151931e+04 -4.43085576e+01  1.88140668e-03 
 1.09647820e+04 -4.43085576e+01  1.92523027e-03 
 1.12201845e+04 -4.43085576e+01  1.97007464e-03 
 1.14815362e+04 -4.43085576e+01  2.01596357e-03 
 1.17489755e+04 -4.43085576e+01  2.06292140e-03 
 1.20226443e+04 -4.43085576e+01  2.11097301e-03 
 1.23026877e+04 -4.43085576e+01  2.16014389e-03 
 1.25892541e+04 -4.43085576e+01  2.21046010e-03 
 1.28824955e+04 -4.43085576e+01  2.26194833e-03 
 1.31825674e+04 -4.43085576e+01  2.31463588e-03 
 1.34896288e+04 -4.43085576e+01  2.36855067e-03 
 1.38038426e+04 -4.43085576e+01  2.42372130e-03 
 1.41253754e+04 -4.43085576e+01  2.48017703e-03 
 1.44543977e+04 -4.43085576e+01  2.53794777e-03 
 1.47910839e+04 -4.43085576e+01  2.59706417e-03 
 1.51356125e+04 -4.43085575e+01  2.65755756e-03 
 1.54881662e+04 -4.43085575e+01  2.71946003e-03 
 1.58489319e+04 -4.43085575e+01  2.78280439e-03 
 1.62181010e+04 -4.43085575e+01  2.84762423e-03 
 1.65958691e+04 -4.43085575e+01  2.91395392e-03 
 1.69824365e+04 -4.43085575e+01  2.98182863e-03 
 1.73780083e+04 -4.43085575e+01  3.05128434e-03 
 1.77827941e+04 -4.43085575e+01  3.12235788e-03 
 1.81970086e+04 -4.43085575e+01  3.19508694e-03 
 1.86208714e+04 -4.43085575e+01  3.26951007e-03 
 1.90546072e+04 -4.43085575e+01  3.34566674e-03 
 1.94984460e+04 -4.43085574e+01  3.42359733e-03 
 1.99526231e+04 -4.43085574e+01  3.50334316e-03 
 2.04173794e+04 -4.43085574e+01  3.58494650e-03 
 2.08929613e+04 -4.43085574e+01  3.66845063e-03 
 2.13796209e+04 -4.43085574e+01  3.75389982e-03 
 2.18776162e+04 -4.43085574e+01  3.84133938e-03 
 2.23872114e+04 -4.43085574e+01  3.93081567e-03 
 2.29086765e+04 -4.43085573e+01  4.02237612e-03 
 2.34422882e+04 -4.43085573e+01  4.11606930e-03 
 2.39883292e+04 -4.43085573e+01  4.21194487e-03 
 2.45470892e+04 -4.43085573e+01  4.31005366e-03 
 2.51188643e+04 -4.43085573e+01  4.41044771e-03 
 2.57039578e+04 -4.43085572e+01  4.51318023e-03 
 2.63026799e+04 -4.43085572e+01  4.61830570e-03 
 2.69153480e+04 -4.43085572e+01  4.72587986e-03 
 2.75422870e+04 -4.43085572e+01  4.83595974e-03 
 2.81838293e+04 -4.43085572e+01  4.94860371e-03 
 2.88403150e+04 -4.43085571e+01  5.06387149e-03 
 2.95120923e+04 -4.43085571e+01  5.18182421e-03 
 3.01995172e+04 -4.43085571e+01  5.30252440e-03 
 3.09029543e+04 -4.43085570e+01  5.42603606e-03 
 3.16227766e+04 -4.43085570e+01  5.55242467e-03 
 3.23593657e+04 -4.43085570e+01  5.68175725e-03 
 3.31131121e+04 -4.43085570e+01  5.81410237e-03 
 3.38844156e+04 -4.43085569e+01  5.94953021e-03 
 3.46736850e+04 -4.43085569e+01  6.08811256e-03 
 3.54813389e+04 -4.43085568e+01  6.22992292e-03 
 3.63078055e+04 -4.43085568e+01  6.37503646e-03 
 3.71535229e+04 -4.43085568e+01  6.52353013e-03 
 3.80189396e+04 -4.43085567e+01  6.67548266e-03 
 3.89045145e+04 -4.43085567e+01  6.83097462e-03 
 3.98107171e+04 -4.43085566e+01  6.99008845e-03 
 4.07380278e+04 -4.43085566e+01  7.15290852e-03 
 4.16869383e+04 -4.43085565e+01  7.31952115e-03 
 4.26579519e+04 -4.43085565e+01  7.49001469e-03 
 4.36515832e+04 -4.43085564e+01  7.66447953e-03 
 4.46683592e+04 -4.43085563e+01  7.84300819e-03 
 4.57088190e+04 -4.43085563e+01  8.02569530e-03 
 4.67735141e+04 -4.43085562e+01  8.21263775e-03 
 4.78630092e+04 -4.43085561e+01  8.40393465e-03 
 4.89778819e+04 -4.43085561e+01  8.59968742e-03 
 5.01187234e+04 -4.43085560e+01  8.79999985e-03 
 5.12861384e+04 -4.43085559e+01  9.00497817e-03 
 5.24807460e+04 -4.43085558e+01  9.21473104e-03 
 5.37031796e+04 -4.43085557e+01  9.42936968e-03 
 5.49540874e+04 -4.43085556e+01  9.64900789e-03 
 5.62341325e+04 -4.43085555e+01  9.87376214e-03 
 5.75439937e+04 -4.43085554e+01  1.01037516e-02 
 5.88843655e+04 -4.43085553e+01  1.03390982e-02 
 6.02559586e+04 -4.43085552e+01  1.05799267e-02 
 6.16595002e+04 -4.43085551e+01  1.08263648e-02 
 6.30957344e+04 -4.43085550e+01  1.10785432e-02 
 6.45654229e+04 -4.43085548e+01  1.13365956e-02 
 6.60693448e+04 -4.43085547e+01  1.16006588e-02 
 6.76082975e+04 -4.43085546e+01  1.18708728e-02 
 6.91830971e+04 -4.43085544e+01  1.21473809e-02 
 7.07945784e+04 -4.43085543e+01  1.24303297e-02 
 7.24435960e+04 -4.43085541e+01  1.27198692e-02 
 7.41310241e+04 -4.43085539e+01  1.30161530e-02 
 7.58577575e+04 -4.43085538e+01  1.33193381e-02 
 7.76247117e+04 -4.43085536e+01  1.36295853e-02 
 7.94328235e+04 -4.43085534e+01  1.39470591e-02 
 8.12830516e+04 -4.43085532e+01  1.42719277e-02 
 8.31763771e+04 -4.43085530e+01  1.46043636e-02 
 8.51138038e+04 -4.43085527e+01  1.49445428e-02 
 8.70963590e+04 -4.43085525e+01  1.52926459e-02 
 8.91250938e+04 -4.43085523e+01  1.56488573e-02 
 9.12010839e+04 -4.43085520e+01  1.60133659e-02 
 9.33254301e+04 -4.43085517e+01  1.63863650e-02 
 9.54992586e+04 -4.43085514e+01  1.67680523e-02 
 9.77237221e+04 -4.43085512e+01  1.71586303e-02 
 1.00000000e+05 -4.43085508e+01  1.75583061e-02 
 1.02329299e+05 -4.43085505e+01  1.79672914e-02 
 1.04712855e+05 -4.43085502e+01  1.83858033e-02 
 1.07151931e+05 -4.43085498e+01  1.88140635e-02 
 1.09647820e+05 -4.43085495e+01  1.92522992e-02 
 1.12201845e+05 -4.43085491e+01  1.97007427e-02 
 1.14815362e+05 -4.43085487e+01  2.01596317e-02 
 1.17489755e+05 -4.43085482e+01  2.06292097e-02 
 1.20226443e+05 -4.43085478e+01  2.11097255e-02 
 1.23026877e+05 -4.43085473e+01  2.16014339e-02 
 1.25892541e+05 -4.43085468e+01  2.21045957e-02 
 1.28824955e+05 -4.43085463e+01  2.26194776e-02 
 1.31825674e+05 -4.43085458e+01  2.31463527e-02 
 1.34896288e+05 -4.43085452e+01  2.36855002e-02 
 1.38038426e+05 -4.43085446e+01  2.42372061e-02 
 1.41253754e+05 -4.43085440e+01  2.48017628e-02 
 1.44543977e+05 -4.43085434e+01  2.53794697e-02 
 1.47910839e+05 -4.43085427e+01  2.59706331e-02 
 1.51356125e+05 -4.43085420e+01  2.65755664e-02 
 1.54881662e+05 -4.43085412e+01  2.71945904e-02 
 1.58489319e+05 -4.43085405e+01  2.78280333e-02 
 1.62181010e+05 -4.43085397e+01  2.84762310e-02 
 1.65958691e+05 -4.43085388e+01  2.91395271e-02 
 1.69824365e+05 -4.43085379e+01  2.98182733e-02 
 1.73780083e+05 -4.43085370e+01  3.05128294e-02 
 1.77827941e+05 -4.43085360e+01  3.12235639e-02 
 1.81970086e+05 -4.43085350e+01  3.19508534e-02 
 1.86208714e+05 -4.43085339e+01  3.26950836e-02 
 1.90546072e+05 -4.43085328e+01  3.34566491e-02 
 1.94984460e+05 -4.43085316e+01  3.42359536e-02 
 1.99526231e+05 -4.43085304e+01  3.50334105e-02 
 2.04173794e+05 -4.43085291e+01  3.58494424e-02 
 2.08929613e+05 -4.43085278e+01  3.66844821e-02 
 2.13796209e+05 -4.43085263e+01  3.75389723e-02 
 2.18776162e+05 -4.43085249e+01  3.84133660e-02 
 2.23872114e+05 -4.43085233e+01  3.93081269e-02 
 2.29086765e+05 -4.43085217e+01  4.02237293e-02 
 2.34422882e+05 -4.43085200e+01  4.11606588e-02 
 2.39883292e+05 -4.43085182e+01  4.21194120e-02 
 2.45470892e+05 -4.43085164e+01  4.31004974e-02 
 2.51188643e+05 -4.43085144e+01  4.41044350e-02 
 2.57039578e+05 -4.43085124e+01  4.51317573e-02 
 2.63026799e+05 -4.43085102e+01  4.61830087e-02 
 2.69153480e+05 -4.43085080e+01  4.72587468e-02 
 2.75422870e+05 -4.43085057e+01  4.83595420e-02 
 2.81838293e+05 -4.43085032e+01  4.94859777e-02 
 2.88403150e+05 -4.43085006e+01  5.06386513e-02 
 2.95120923e+05 -4.43084980e+01  5.18181739e-02 
 3.01995172e+05 -4.43084951e+01  5.30251709e-02 
 3.09029543e+05 -4.43084922e+01  5.42602822e-02 
 3.16227766e+05 -4.43084891e+01  5.55241628e-02 
 3.23593657e+05 -4.43084859e+01  5.68174826e-02 
 3.31131121e+05 -4.43084825e+01  5.81409274e-02 
 3.38844156e+05 -4.43084789e+01  5.94951989e-02 
 3.46736850e+05 -4.43084752e+01  6.08810150e-02 
 3.54813389e+05 -4.43084713e+01  6.22991107e-02 
 3.63078055e+05 -4.43084673e+01  6.37502376e-02 
 3.71535229e+05 -4.43084630e+01  6.52351652e-02 
 3.80189396e+05 -4.43084585e+01  6.67546808e-02 
 3.89045145e+05 -4.43084539e+01  6.83095899e-02 
 3.98107171e+05 -4.43084490e+01  6.99007171e-02 
 4.07380278e+05 -4.43084439e+01  7.15289058e-02 
 4.16869383e+05 -4.43084385e+01  7.31950193e-02 
 4.26579519e+05 -4.43084329e+01  7.48999409e-02 
 4.36515832e+05 -4.43084270e+01  7.66445747e-02 
 4.46683592e+05 -4.43084208e+01  7.84298454e-02 
 4.57088190e+05 -4.43084144e+01  8.02566996e-02 
 4.67735141e+05 -4.43084076e+01  8.21261060e-02 
 4.78630092e+05 -4.43084006e+01  8.40390555e-02 
 4.89778819e+05 -4.43083931e+01  8.59965624e-02 
 5.01187234e+05 -4.43083854e+01  8.79996645e-02 
 5.12861384e+05 -4.43083773e+01  9.00494237e-02 
 5.24807460e+05 -4.43083688e+01  9.21469268e-02 
 5.37031796e+05 -4.43083599e+01  9.42932858e-02 
 5.49540874e+05 -4.43083505e+01  9.64896386e-02 
 5.62341325e+05 -4.43083408e+01  9.87371495e-02 
 5.75439937e+05 -4.43083306e+01  1.01037010e-01 
 5.88843655e+05 -4.43083198e+01  1.03390440e-01 
 6.02559586e+05 -4.43083086e+01  1.05798686e-01 
 6.16595002e+05 -4.43082969e+01  1.08263026e-01 
 6.30957344e+05 -4.43082846e+01  1.10784765e-01 
 6.45654229e+05 -4.43082717e+01  1.13365242e-01 
 6.60693448e+05 -4.43082583e+01  1.16005823e-01 
 6.76082975e+05 -4.43082441e+01  1.18707908e-01 
 6.91830971e+05 -4.43082294e+01  1.21472930e-01 
 7.07945784e+05 -4.43082139e+01  1.24302356e-01 
 7.24435960e+05 -4.43081977e+01  1.27197684e-01 
 7.41310241e+05 -4.43081807e+01  1.30160449e-01 
 7.58577575e+05 -4.43081630e+01  1.33192223e-01 
 7.76247117e+05 -4.43081444e+01  1.36294612e-01 
 7.94328235e+05 -4.43081249e+01  1.39469261e-01 
 8.12830516e+05 -4.43081045e+01  1.42717852e-01 
 8.31763771e+05 -4.43080831e+01  1.46042109e-01 
 8.51138038e+05 -4.43080608e+01  1.49443792e-01 
 8.70963590e+05 -4.43080373e+01  1.52924705e-01 
 8.91250938e+05 -4.43080128e+01  1.56486694e-01 
 9.12010839e+05 -4.43079871e+01  1.60131646e-01 
 9.33254301e+05 -4.43079602e+01  1.63861493e-01 
 9.54992586e+05 -4.43079321e+01  1.67678212e-01 
 9.77237221e+05 -4.43079026e+01  1.71583827e-01 
 1.00000000e+06 -4.43078717e+01  1.75580407e-01 
 1.02329299e+06 -4.43078394e+01  1.79670071e-01 
 1.04712855e+06 -4.43078055e+01  1.83854986e-01 
 1.07151931e+06 -4.43077701e+01  1.88137371e-01 
 1.09647820e+06 -4.43077330e+01  1.92519494e-01 
 1.12201845e+06 -4.43076941e+01  1.97003679e-01 
 1.14815362e+06 -4.43076534e+01  2.01592301e-01 
 1.17489755e+06 -4.43076108e+01  2.06287794e-01 
 1.20226443e+06 -4.43075662e+01  2.11092644e-01 
 1.23026877e+06 -4.43075194e+01  2.16009399e-01 
 1.25892541e+06 -4.43074705e+01  2.21040663e-01 
 1.28824955e+06 -4.43074193e+01  2.26189104e-01 
 1.31825674e+06 -4.43073656e+01  2.31457448e-01 
 1.34896288e+06 -4.43073094e+01  2.36848489e-01 
 1.38038426e+06 -4.43072506e+01  2.42365082e-01 
 1.41253754e+06 -4.43071890e+01  2.48010150e-01 
 1.44543977e+06 -4.43071245e+01  2.53786684e-01 
 1.47910839e+06 -4.43070570e+01  2.59697745e-01 
 1.51356125e+06 -4.43069862e+01  2.65746464e-01 
 1.54881662e+06 -4.43069122e+01  2.71936046e-01 
 1.58489319e+06 -4.43068346e+01  2.78269770e-01 
 1.62181010e+06 -4.43067534e+01  2.84750992e-01 
 1.65958691e+06 -4.43066684e+01  2.91383143e-01 
 1.69824365e+06 -4.43065794e+01  2.98169737e-01 
 1.73780083e+06 -4.43064861e+01  3.05114370e-01 
 1.77827941e+06 -4.43063885e+01  3.12220718e-01 
 1.81970086e+06 -4.43062863e+01  3.19492546e-01 
 1.86208714e+06 -4.43061792e+01  3.26933705e-01 
 1.90546072e+06 -4.43060672e+01  3.34548135e-01 
 1.94984460e+06 -4.43059498e+01  3.42339868e-01 
 1.99526231e+06 -4.43058269e+01  3.50313029e-01 
 2.04173794e+06 -4.43056982e+01  3.58471841e-01 
 2.08929613e+06 -4.43055634e+01  3.66820623e-01 
 2.13796209e+06 -4.43054223e+01  3.75363795e-01 
 2.18776162e+06 -4.43052746e+01  3.84105878e-01 
 2.23872114e+06 -4.43051199e+01  3.93051500e-01 
 2.29086765e+06 -4.43049579e+01  4.02205395e-01 
 2.34422882e+06 -4.43047882e+01  4.11572408e-01 
 2.39883292e+06 -4.43046106e+01  4.21157497e-01 
 2.45470892e+06 -4.43044246e+01  4.30965731e-01 
 2.51188643e+06 -4.43042298e+01  4.41002301e-01 
 2.57039578e+06 -4.43040259e+01  4.51272516e-01 
 2.63026799e+06 -4.43038123e+01  4.61781809e-01 
 2.69153480e+06 -4.43035887e+01  4.72535737e-01 
 2.75422870e+06 -4.43033545e+01  4.83539989e-01 
 2.81838293e+06 -4.43031093e+01  4.94800382e-01 
 2.88403150e+06 -4.43028526e+01  5.06322870e-01 
 2.95120923e+06 -4.43025838e+01  5.18113545e-01 
 3.01995172e+06 -4.43023022e+01  5.30178639e-01 
 3.09029543e+06 -4.43020075e+01  5.42524527e-01 
 3.16227766e+06 -4.43016988e+01  5.55157733e-01 
 3.23593657e+06 -4.43013756e+01  5.68084931e-01 
 3.31131121e+06 -4.43010372e+01  5.81312951e-01 
 3.38844156e+06 -4.43006828e+01  5.94848778e-01 
 3.46736850e+06 -4.43003118e+01  6.08699559e-01 
 3.54813389e+06 -4.42999232e+01  6.22872607e-01 
 3.63078055e+06 -4.42995164e+01  6.37375402e-01 
 3.71535229e+06 -4.42990904e+01  6.52215598e-01 
 3.80189396e+06 -4.42986443e+01  6.67401025e-01 
 3.89045145e+06 -4.42981772e+01  6.82939692e-01 
 3.98107171e+06 -4.42976881e+01  6.98839793e-01 
 4.07380278e+06 -4.42971759e+01  7.15109712e-01 
 4.16869383e+06 -4.42966397e+01  7.31758022e-01 
 4.26579519e+06 -4.42960782e+01  7.48793498e-01 
 4.36515832e+06 -4.42954902e+01  7.66225111e-01 
 4.46683592e+06 -4.42948745e+01  7.84062042e-01 
 4.57088190e+06 -4.42942299e+01  8.02313680e-01 
 4.67735141e+06 -4.42935548e+01  8.20989631e-01 
 4.78630092e+06 -4.42928480e+01  8.40099718e-01 
 4.89778819e+06 -4.42921079e+01  8.59653992e-01 
 5.01187234e+06 -4.42913330e+01  8.79662731e-01 
 5.12861384e+06 -4.42905215e+01  9.00136449e-01 
 5.24807460e+06 -4.42896718e+01  9.21085898e-01 
 5.37031796e+06 -4.42887822e+01  9.42522078e-01 
 5.49540874e+06 -4.42878506e+01  9.64456236e-01 
 5.62341325e+06 -4.42868752e+01  9.86899876e-01 
 5.75439937e+06 -4.42858538e+01  1.00986476e+00 
 5.88843655e+06 -4.42847844e+01  1.03336293e+00 
 6.02559586e+06 -4.42836646e+01  1.05740669e+00 
 6.16595002e+06 -4.42824921e+01  1.08200861e+00 
 6.30957344e+06 -4.42812644e+01  1.10718156e+00 
 6.45654229e+06 -4.42799790e+01  1.13293870e+00 
 6.60693448e+06 -4.42786330e+01  1.15929349e+00 
 6.76082975e+06 -4.42772237e+01  1.18625968e+00 
 6.91830971e+06 -4.42757480e+01  1.21385133e+00 
 7.07945784e+06 -4.42742029e+01  1.24208282e+00 
 7.24435960e+06 -4.42725851e+01  1.27096886e+00 
 7.41310241e+06 -4.42708912e+01  1.30052446e+00 
 7.58577575e+06 -4.42691176e+01  1.33076500e+00 
 7.76247117e+06 -4.42672605e+01  1.36170618e+00 
 7.94328235e+06 -4.42653161e+01  1.39336405e+00 
 8.12830516e+06 -4.42632803e+01  1.42575501e+00 
 8.31763771e+06 -4.42611487e+01  1.45889584e+00 
 8.51138038e+06 -4.42589168e+01  1.49280367e+00 
 8.70963590e+06 -4.42565800e+01  1.52749602e+00 
 8.91250938e+06 -4.42541334e+01  1.56299077e+00 
 9.12010839e+06 -4.42515717e+01  1.59930623e+00 
 9.33254301e+06 -4.42488896e+01  1.63646106e+00 
 9.54992586e+06 -4.42460814e+01  1.67447436e+00 
 9.77237221e+06 -4.42431413e+01  1.71336562e+00 
 1.00000000e+07 -4.42400630e+01  1.75315476e+00 
 1.02329299e+07 -4.42368401e+01  1.79386213e+00 
 1.04712855e+07 -4.42334658e+01  1.83550849e+00 
 1.07151931e+07 -4.42299330e+01  1.87811508e+00 
 1.09647820e+07 -4.42262343e+01  1.92170355e+00 
 1.12201845e+07 -4.42223620e+01  1.96629602e+00 
 1.14815362e+07 -4.42183079e+01  2.01191507e+00 
 1.17489755e+07 -4.42140635e+01  2.05858376e+00 
 1.20226443e+07 -4.42096199e+01  2.10632561e+00 
 1.23026877e+07 -4.42049679e+01  2.15516463e+00 
 1.25892541e+07 -4.42000976e+01  2.20512531e+00 
 1.28824955e+07 -4.41949990e+01  2.25623265e+00 
 1.31825674e+07 -4.41896613e+01  2.30851214e+00 
 1.34896288e+07 -4.41840734e+01  2.36198979e+00 
 1.38038426e+07 -4.41782236e+01  2.41669211e+00 
 1.41253754e+07 -4.41720998e+01  2.47264614e+00 
 1.44543977e+07 -4.41656892e+01  2.52987943e+00 
 1.47910839e+07 -4.41589784e+01  2.58842008e+00 
 1.51356125e+07 -4.41519535e+01  2.64829671e+00 
 1.54881662e+07 -4.41445999e+01  2.70953848e+00 
 1.58489319e+07 -4.41369024e+01  2.77217508e+00 
 1.62181010e+07 -4.41288448e+01  2.83623677e+00 
 1.65958691e+07 -4.41204107e+01  2.90175434e+00 
 1.69824365e+07 -4.41115825e+01  2.96875912e+00 
 1.73780083e+07 -4.41023419e+01  3.03728300e+00 
 1.77827941e+07 -4.40926699e+01  3.10735842e+00 
 1.81970086e+07 -4.40825466e+01  3.17901836e+00 
 1.86208714e+07 -4.40719511e+01  3.25229636e+00 
 1.90546072e+07 -4.40608617e+01  3.32722650e+00 
 1.94984460e+07 -4.40492555e+01  3.40384338e+00 
 1.99526231e+07 -4.40371088e+01  3.48218218e+00 
 2.04173794e+07 -4.40243967e+01  3.56227855e+00 
 2.08929613e+07 -4.40110932e+01  3.64416872e+00 
 2.13796209e+07 -4.39971713e+01  3.72788940e+00 
 2.18776162e+07 -4.39826026e+01  3.81347782e+00 
 2.23872114e+07 -4.39673574e+01  3.90097166e+00 
 2.29086765e+07 -4.39514049e+01  3.99040914e+00 
 2.34422882e+07 -4.39347129e+01  4.08182888e+00 
 2.39883292e+07 -4.39172475e+01  4.17526998e+00 
 2.45470892e+07 -4.38989737e+01  4.27077194e+00 
 2.51188643e+07 -4.38798548e+01  4.36837465e+00 
 2.57039578e+07 -4.38598524e+01  4.46811840e+00 
 2.63026799e+07 -4.38389265e+01  4.57004379e+00 
 2.69153480e+07 -4.38170356e+01  4.67419174e+00 
 2.75422870e+07 -4.37941360e+01  4.78060346e+00 
 2.81838293e+07 -4.37701825e+01  4.88932037e+00 
 2.88403150e+07 -4.37451278e+01  5.00038410e+00 
 2.95120923e+07 -4.37189226e+01  5.11383642e+00 
 3.01995172e+07 -4.36915155e+01  5.22971919e+00 
 3.09029543e+07 -4.36628530e+01  5.34807432e+00 
 3.16227766e+07 -4.36328795e+01  5.46894369e+00 
 3.23593657e+07 -4.36015367e+01  5.59236912e+00 
 3.31131121e+07 -4.35687644e+01  5.71839223e+00 
 3.38844156e+07 -4.35344996e+01  5.84705445e+00 
 3.46736850e+07 -4.34986768e+01  5.97839688e+00 
 3.54813389e+07 -4.34612280e+01  6.11246021e+00 
 3.63078055e+07 -4.34220823e+01  6.24928465e+00 
 3.71535229e+07 -4.33811662e+01  6.38890980e+00 
 3.80189396e+07 -4.33384031e+01  6.53137453e+00 
 3.89045145e+07 -4.32937137e+01  6.67671693e+00 
 3.98107171e+07 -4.32470154e+01  6.82497410e+00 
 4.07380278e+07 -4.31982225e+01  6.97618205e+00 
 4.16869383e+07 -4.31472463e+01  7.13037558e+00 
 4.26579519e+07 -4.30939946e+01  7.28758811e+00 
 4.36515832e+07 -4.30383720e+01  7.44785148e+00 
 4.46683592e+07 -4.29802793e+01  7.61119585e+00 
 4.57088190e+07 -4.29196143e+01  7.77764945e+00 
 4.67735141e+07 -4.28562709e+01  7.94723842e+00 
 4.78630092e+07 -4.27901394e+01  8.11998662e+00 
 4.89778819e+07 -4.27211064e+01  8.29591537e+00 
 5.01187234e+07 -4.26490549e+01  8.47504325e+00 
 5.12861384e+07 -4.25738640e+01  8.65738585e+00 
 5.24807460e+07 -4.24954090e+01  8.84295552e+00 
 5.37031796e+07 -4.24135613e+01  9.03176110e+00 
 5.49540874e+07 -4.23281885e+01  9.22380767e+00 
 5.62341325e+07 -4.22391545e+01  9.41909620e+00 
 5.75439937e+07 -4.21463192e+01  9.61762330e+00 
 5.88843655e+07 -4.20495386e+01  9.81938087e+00 
 6.02559586e+07 -4.19486652e+01  1.00243558e+01 
 6.16595002e+07 -4.18435476e+01  1.02325296e+01 
 6.30957344e+07 -4.17340308e+01  1.04438780e+01 
 6.45654229e+07 -4.16199563e+01  1.06583709e+01 
 6.60693448e+07 -4.15011622e+01  1.08759713e+01 
 6.76082975e+07 -4.13774835e+01  1.10966358e+01 
 6.91830971e+07 -4.12487518e+01  1.13203134e+01 
 7.07945784e+07 -4.11147962e+01  1.15469456e+01 
 7.24435960e+07 -4.09754428e+01  1.17764661e+01 
 7.41310241e+07 -4.08305157e+01  1.20087996e+01 
 7.58577575e+07 -4.06798365e+01  1.22438625e+01 
 7.76247117e+07 -4.05232255e+01  1.24815613e+01 
 7.94328235e+07 -4.03605014e+01  1.27217934e+01 
 8.12830516e+07 -4.01914818e+01  1.29644456e+01 
 8.31763771e+07 -4.00159842e+01  1.32093945e+01 
 8.51138038e+07 -3.98338257e+01  1.34565055e+01 
 8.70963590e+07 -3.96448241e+01  1.37056328e+01 
 8.91250938e+07 -3.94487983e+01  1.39566191e+01 
 9.12010839e+07 -3.92455689e+01  1.42092948e+01 
 9.33254301e+07 -3.90349590e+01  1.44634782e+01 
 9.54992586e+07 -3.88167947e+01  1.47189750e+01 
 9.77237221e+07 -3.85909061e+01  1.49755777e+01 
 1.00000000e+08 -3.83571280e+01  1.52330662e+01 
 1.02329299e+08 -3.81153008e+01  1.54912067e+01 
 1.04712855e+08 -3.78652712e+01  1.57497524e+01 
 1.07151931e+08 -3.76068935e+01  1.60084429e+01 
 1.09647820e+08 -3.73400304e+01  1.62670044e+01 
 1.12201845e+08 -3.70645539e+01  1.65251498e+01 
 1.14815362e+08 -3.67803464e+01  1.67825788e+01 
 1.17489755e+08 -3.64873022e+01  1.70389781e+01 
 1.20226443e+08 -3.61853277e+01  1.72940216e+01 
 1.23026877e+08 -3.58743434e+01  1.75473713e+01 
 1.25892541e+08 -3.55542846e+01  1.77986770e+01 
 1.28824955e+08 -3.52251024e+01  1.80475776e+01 
 1.31825674e+08 -3.48867651e+01  1.82937014e+01 
 1.34896288e+08 -3.45392593e+01  1.85366670e+01 
 1.38038426e+08 -3.41825904e+01  1.87760843e+01 
 1.41253754e+08 -3.38167844e+01  1.90115553e+01 
 1.44543977e+08 -3.34418884e+01  1.92426754e+01 
 1.47910839e+08 -3.30579716e+01  1.94690347e+01 
 1.51356125e+08 -3.26651262e+01  1.96902190e+01 
 1.54881662e+08 -3.22634679e+01  1.99058116e+01 
 1.58489319e+08 -3.18531370e+01  2.01153945e+01 
 1.62181010e+08 -3.14342985e+01  2.03185504e+01 
 1.65958691e+08 -3.10071429e+01  2.05148641e+01 
 1.69824365e+08 -3.05718861e+01  2.07039243e+01 
 1.73780083e+08 -3.01287699e+01  2.08853256e+01 
 1.77827941e+08 -2.96780619e+01  2.10586703e+01 
 1.81970086e+08 -2.92200552e+01  2.12235701e+01 
 1.86208714e+08 -2.87550682e+01  2.13796484e+01 
 1.90546072e+08 -2.82834440e+01  2.15265421e+01 
 1.94984460e+08 -2.78055500e+01  2.16639034e+01 
 1.99526231e+08 -2.73217769e+01  2.17914017e+01 
 2.04173794e+08 -2.68325374e+01  2.19087258e+01 
 2.08929613e+08 -2.63382655e+01  2.20155853e+01 
 2.13796209e+08 -2.58394151e+01  2.21117122e+01 
 2.18776162e+08 -2.53364578e+01  2.21968632e+01 
 2.23872114e+08 -2.48298824e+01  2.22708201e+01 
 2.29086765e+08 -2.43201920e+01  2.23333923e+01 
 2.34422882e+08 -2.38079027e+01  2.23844170e+01 
 2.39883292e+08 -2.32935415e+01  2.24237607e+01 
 2.45470892e+08 -2.27776438e+01  2.24513202e+01 
 2.51188643e+08 -2.22607517e+01  2.24670228e+01 
 2.57039578e+08 -2.17434115e+01  2.24708272e+01 
 2.63026799e+08 -2.12261712e+01  2.24627234e+01 
 2.69153480e+08 -2.07095785e+01  2.24427331e+01 
 2.75422870e+08 -2.01941783e+01  2.24109092e+01 
 2.81838293e+08 -1.96805105e+01  2.23673360e+01 
 2.88403150e+08 -1.91691076e+01  2.23121279e+01 
 2.95120923e+08 -1.86604928e+01  2.22454294e+01 
 3.01995172e+08 -1.81551776e+01  2.21674137e+01 
 3.09029543e+08 -1.76536600e+01  2.20782820e+01 
 3.16227766e+08 -1.71564223e+01  2.19782618e+01 
 3.23593657e+08 -1.66639300e+01  2.18676058e+01 
 3.31131121e+08 -1.61766294e+01  2.17465905e+01 
 3.38844156e+08 -1.56949469e+01  2.16155142e+01 
 3.46736850e+08 -1.52192871e+01  2.14746956e+01 
 3.54813389e+08 -1.47500318e+01  2.13244718e+01 
 3.63078055e+08 -1.42875396e+01  2.11651965e+01 
 3.71535229e+08 -1.38321444e+01  2.09972380e+01 
 3.80189396e+08 -1.33841551e+01  2.08209776e+01 
 3.89045145e+08 -1.29438552e+01  2.06368071e+01 
 3.98107171e+08 -1.25115027e+01  2.04451274e+01 
 4.07380278e+08 -1.20873296e+01  2.02463462e+01 
 4.16869383e+08 -1.16715421e+01  2.00408764e+01 
 4.26579519e+08 -1.12643212e+01  1.98291341e+01 
 4.36515832e+08 -1.08658224e+01  1.96115372e+01 
 4.46683592e+08 -1.04761767e+01  1.93885032e+01 
 4.57088190e+08 -1.00954908e+01  1.91604479e+01 
 4.67735141e+08 -9.72384821e+00  1.89277841e+01 
 4.78630092e+08 -9.36130950e+00  1.86909199e+01 
 4.89778819e+08 -9.00791362e+00  1.84502573e+01 
 5.01187234e+08 -8.66367861e+00  1.82061915e+01 
 5.12861384e+08 -8.32860266e+00  1.79591093e+01 
 5.24807460e+08 -8.00266511e+00  1.77093886e+01 
 5.37031796e+08 -7.68582755e+00  1.74573970e+01 
 5.49540874e+08 -7.37803489e+00  1.72034916e+01 
 5.62341325e+08 -7.07921648e+00  1.69480179e+01 
 5.75439937e+08 -6.78928724e+00  1.66913094e+01 
 5.88843655e+08 -6.50814876e+00  1.64336872e+01 
 6.02559586e+08 -6.23569040e+00  1.61754598e+01 
 6.16595002e+08 -5.97179037e+00  1.59169222e+01 
 6.30957344e+08 -5.71631683e+00  1.56583565e+01 
 6.45654229e+08 -5.46912889e+00  1.54000312e+01 
 6.60693448e+08 -5.23007763e+00  1.51422015e+01 
 6.76082975e+08 -4.99900705e+00  1.48851089e+01 
 6.91830971e+08 -4.77575504e+00  1.46289820e+01 
 7.07945784e+08 -4.56015421e+00  1.43740357e+01 
 7.24435960e+08 -4.35203278e+00  1.41204722e+01 
 7.41310241e+08 -4.15121533e+00  1.38684808e+01 
 7.58577575e+08 -3.95752360e+00  1.36182383e+01 
 7.76247117e+08 -3.77077718e+00  1.33699092e+01 
 7.94328235e+08 -3.59079413e+00  1.31236462e+01 
 8.12830516e+08 -3.41739164e+00  1.28795903e+01 
 8.31763771e+08 -3.25038657e+00  1.26378713e+01 
 8.51138038e+08 -3.08959600e+00  1.23986083e+01 
 8.70963590e+08 -2.93483768e+00  1.21619100e+01 
 8.91250938e+08 -2.78593046e+00  1.19278750e+01 
 9.12010839e+08 -2.64269474e+00  1.16965923e+01 
 9.33254301e+08 -2.50495278e+00  1.14681419e+01 
 9.54992586e+08 -2.37252902e+00  1.12425948e+01 
 9.77237221e+08 -2.24525043e+00  1.10200138e+01 
 1.00000000e+09 -2.12294668e+00  1.08004538e+01 
 1.02329299e+09 -2.00545042e+00  1.05839621e+01 
 1.04712855e+09 -1.89259747e+00  1.03705788e+01 
 1.07151931e+09 -1.78422695e+00  1.01603373e+01 
 1.09647820e+09 -1.68018148e+00  9.95326486e+00 
 1.12201845e+09 -1.58030723e+00  9.74938244e+00 
 1.14815362e+09 -1.48445409e+00  9.54870554e+00 
 1.17489755e+09 -1.39247567e+00  9.35124435e+00 
 1.20226443e+09 -1.30422943e+00  9.15700414e+00 
 1.23026877e+09 -1.21957666e+00  8.96598555e+00 
 1.25892541e+09 -1.13838255e+00  8.77818491e+00 
 1.28824955e+09 -1.06051617e+00  8.59359458e+00 
 1.31825674e+09 -9.85850477e-01  8.41220318e+00 
 1.34896288e+09 -9.14262309e-01  8.23399591e+00 
 1.38038426e+09 -8.45632356e-01  8.05895479e+00 
 1.41253754e+09 -7.79845124e-01  7.88705892e+00 
 1.44543977e+09 -7.16788899e-01  7.71828471e+00 
 1.47910839e+09 -6.56355693e-01  7.55260613e+00 
 1.51356125e+09 -5.98441191e-01  7.38999488e+00 
 1.54881662e+09 -5.42944694e-01  7.23042064e+00 
 1.58489319e+09 -4.89769047e-01  7.07385125e+00 
 1.62181010e+09 -4.38820573e-01  6.92025286e+00 
 1.65958691e+09 -3.90009000e-01  6.76959016e+00 
 1.69824365e+09 -3.43247384e-01  6.62182650e+00 
 1.73780083e+09 -2.98452032e-01  6.47692405e+00 
 1.77827941e+09 -2.55542417e-01  6.33484395e+00 
 1.81970086e+09 -2.14441102e-01  6.19554646e+00 
 1.86208714e+09 -1.75073652e-01  6.05899105e+00 
 1.90546072e+09 -1.37368555e-01  5.92513655e+00 
 1.94984460e+09 -1.01257132e-01  5.79394125e+00 
 1.99526231e+09 -6.66734572e-02  5.66536301e+00 
 2.04173794e+09 -3.35542702e-02  5.53935935e+00 
 2.08929613e+09 -1.83889458e-03  5.41588754e+00 
 2.13796209e+09  2.85308471e-02  5.29490469e+00 
 2.18776162e+09  5.76107158e-02  5.17636781e+00 
 2.23872114e+09  8.54541377e-02  5.06023392e+00 
 2.29086765e+09  1.12112285e-01  4.94646008e+00 
 2.34422882e+09  1.37634156e-01  4.83500346e+00 
 2.39883292e+09  1.62066653e-01  4.72582139e+00 
 2.45470892e+09  1.85454658e-01  4.61887146e+00 
 2.51188643e+09  2.07841111e-01  4.51411148e+00 
 2.57039578e+09  2.29267080e-01  4.41149960e+00 
 2.63026799e+09  2.49771837e-01  4.31099432e+00 
 2.69153480e+09  2.69392923e-01  4.21255450e+00 
 2.75422870e+09  2.88166221e-01  4.11613944e+00 
 2.81838293e+09  3.06126021e-01  4.02170888e+00 
 2.88403150e+09  3.23305082e-01  3.92922301e+00 
 2.95120923e+09  3.39734697e-01  3.83864252e+00 
 3.01995172e+09  3.55444754e-01  3.74992861e+00 
 3.09029543e+09  3.70463790e-01  3.66304300e+00 
 3.16227766e+09  3.84819055e-01  3.57794796e+00 
 3.23593657e+09  3.98536556e-01  3.49460629e+00 
 3.31131121e+09  4.11641118e-01  3.41298136e+00 
 3.38844156e+09  4.24156430e-01  3.33303709e+00 
 3.46736850e+09  4.36105092e-01  3.25473801e+00 
 3.54813389e+09  4.47508665e-01  3.17804919e+00 
 3.63078055e+09  4.58387711e-01  3.10293629e+00 
 3.71535229e+09  4.68761835e-01  3.02936555e+00 
 3.80189396e+09  4.78649729e-01  2.95730380e+00 
 3.89045145e+09  4.88069206e-01  2.88671844e+00 
 3.98107171e+09  4.97037239e-01  2.81757746e+00 
 4.07380278e+09  5.05569993e-01  2.74984941e+00 
 4.16869383e+09  5.13682861e-01  2.68350344e+00 
 4.26579519e+09  5.21390493e-01  2.61850925e+00 
 4.36515832e+09  5.28706826e-01  2.55483711e+00 
 4.46683592e+09  5.35645112e-01  2.49245787e+00 
 4.57088190e+09  5.42217946e-01  2.43134292e+00 
 4.67735141e+09  5.48437289e-01  2.37146423e+00 
 4.78630092e+09  5.54314494e-01  2.31279428e+00 
 4.89778819e+09  5.59860329e-01  2.25530614e+00 
 5.01187234e+09  5.65084997e-01  2.19897339e+00 
 5.12861384e+09  5.69998157e-01  2.14377017e+00 
 5.24807460e+09  5.74608943e-01  2.08967113e+00 
 5.37031796e+09  5.78925987e-01  2.03665147e+00 
 5.49540874e+09  5.82957430e-01  1.98468691e+00 
 5.62341325e+09  5.86710944e-01  1.93375368e+00 
 5.75439937e+09  5.90193748e-01  1.88382853e+00 
 5.88843655e+09  5.93412619e-01  1.83488873e+00 
 6.02559586e+09  5.96373915e-01  1.78691207e+00 
 6.16595002e+09  5.99083582e-01  1.73987682e+00 
 6.30957344e+09  6.01547174e-01  1.69376179e+00 
 6.45654229e+09  6.03769861e-01  1.64854628e+00 
 6.60693448e+09  6.05756451e-01  1.60421008e+00 
 6.76082975e+09  6.07511392e-01  1.56073350e+00 
 6.91830971e+09  6.09038797e-01  1.51809734e+00 
 7.07945784e+09  6.10342448e-01  1.47628290e+00 
 7.24435960e+09  6.11425811e-01  1.43527198e+00 
 7.41310241e+09  6.12292054e-01  1.39504687e+00 
 7.58577575e+09  6.12944051e-01  1.35559039e+00 
 7.76247117e+09  6.13384405e-01  1.31688581e+00 
 7.94328235e+09  6.13615451e-01  1.27891693e+00 
 8.12830516e+09  6.13639277e-01  1.24166805e+00 
 8.31763771e+09  6.13457735e-01  1.20512396e+00 
 8.51138038e+09  6.13072454e-01  1.16926995e+00 
 8.70963590e+09  6.12484856e-01  1.13409181e+00 
 8.91250938e+09  6.11696167e-01  1.09957584e+00 
 9.12010839e+09  6.10707439e-01  1.06570883e+00 
 9.33254301e+09  6.09519556e-01  1.03247810e+00 
 9.54992586e+09  6.08133259e-01  9.99871448e-01 
 9.77237221e+09  6.06549157e-01  9.67877179e-01 
 1.00000000e+10  6.04767745e-01  9.36484110e-01 
 1.02329299e+10  6.02789421e-01  9.05681558e-01 
 1.04712855e+10  6.00614509e-01  8.75459341e-01 
 1.07151931e+10  5.98243269e-01  8.45807778e-01 
 1.09647820e+10  5.95675923e-01  8.16717689e-01 
 1.12201845e+10  5.92912673e-01  7.88180386e-01 
 1.14815362e+10  5.89953719e-01  7.60187674e-01 
 1.17489755e+10  5.86799285e-01  7.32731845e-01 
 1.20226443e+10  5.83449632e-01  7.05805672e-01 
 1.23026877e+10  5.79905088e-01  6.79402402e-01 
 1.25892541e+10  5.76166063e-01  6.53515749e-01 
 1.28824955e+10  5.72233077e-01  6.28139884e-01 
 1.31825674e+10  5.68106776e-01  6.03269424e-01 
 1.34896288e+10  5.63787961e-01  5.78899419e-01 
 1.38038426e+10  5.59277603e-01  5.55025340e-01 
 1.41253754e+10  5.54576870e-01  5.31643063e-01 
 1.44543977e+10  5.49687147e-01  5.08748852e-01 
 1.47910839e+10  5.44610057e-01  4.86339341e-01 
 1.51356125e+10  5.39347479e-01  4.64411510e-01 
 1.54881662e+10  5.33901572e-01  4.42962669e-01 
 1.58489319e+10  5.28274789e-01  4.21990429e-01 
 1.62181010e+10  5.22469896e-01  4.01492678e-01 
 1.65958691e+10  5.16489988e-01  3.81467556e-01 
 1.69824365e+10  5.10338503e-01  3.61913422e-01 
 1.73780083e+10  5.04019231e-01  3.42828827e-01 
 1.77827941e+10  4.97536330e-01  3.24212483e-01 
 1.81970086e+10  4.90894329e-01  3.06063228e-01 
 1.86208714e+10  4.84098134e-01  2.88379992e-01 
 1.90546072e+10  4.77153035e-01  2.71161766e-01 
 1.94984460e+10  4.70064702e-01  2.54407562e-01 
 1.99526231e+10  4.62839185e-01  2.38116383e-01 
 2.04173794e+10  4.55482908e-01  2.22287182e-01 
 2.08929613e+10  4.48002661e-01  2.06918830e-01 
 2.13796209e+10  4.40405590e-01  1.92010079e-01 
 2.18776162e+10  4.32699181e-01  1.77559531e-01 
 2.23872114e+10  4.24891245e-01  1.63565601e-01 
 2.29086765e+10  4.16989895e-01  1.50026485e-01 
 2.34422882e+10  4.09003528e-01  1.36940135e-01 
 2.39883292e+10  4.00940797e-01  1.24304224e-01 
 2.45470892e+10  3.92810584e-01  1.12116124e-01 
 2.51188643e+10  3.84621969e-01  1.00372884e-01 
 2.57039578e+10  3.76384201e-01  8.90712028e-02 
 2.63026799e+10  3.68106661e-01  7.82074167e-02 
 2.69153480e+10  3.59798829e-01  6.77774822e-02 
 2.75422870e+10  3.51470249e-01  5.77769647e-02 
 2.81838293e+10  3.43130489e-01  4.82010301e-02 
 2.88403150e+10  3.34789106e-01  3.90444397e-02 
 2.95120923e+10  3.26455608e-01  3.03015489e-02 
 3.01995172e+10  3.18139416e-01  2.19663086e-02 
 3.09029543e+10  3.09849829e-01  1.40322708e-02 
 3.16227766e+10  3.01595987e-01  6.49259687e-03 
 3.23593657e+10  2.93386835e-01 -6.59930897e-04 
 3.31131121e+10  2.85231094e-01 -7.43289464e-03 
 3.38844156e+10  2.77137226e-01 -1.38342237e-02 
 3.46736850e+10  2.69113408e-01 -1.98721745e-02 
 3.54813389e+10  2.61167503e-01 -2.55553088e-02 
 3.63078055e+10  2.53307036e-01 -3.08924693e-02 
 3.71535229e+10  2.45539174e-01 -3.58927533e-02 
 3.80189396e+10  2.37870703e-01 -4.05654860e-02 
 3.89045145e+10  2.30308016e-01 -4.49201917e-02 
 3.98107171e+10  2.22857100e-01 -4.89665643e-02 
 4.07380278e+10  2.15523521e-01 -5.27144374e-02 
 4.16869383e+10  2.08312420e-01 -5.61737544e-02 
 4.26579519e+10  2.01228507e-01 -5.93545380e-02 
 4.36515832e+10  1.94276060e-01 -6.22668608e-02 
 4.46683592e+10  1.87458924e-01 -6.49208155e-02 
 4.57088190e+10  1.80780515e-01 -6.73264868e-02 
 4.67735141e+10  1.74243825e-01 -6.94939236e-02 
 4.78630092e+10  1.67851429e-01 -7.14331127e-02 
 4.89778819e+10  1.61605496e-01 -7.31539539e-02 
 5.01187234e+10  1.55507797e-01 -7.46662360e-02 
 5.12861384e+10  1.49559723e-01 -7.59796151e-02 
 5.24807460e+10  1.43762293e-01 -7.71035942e-02 
 5.37031796e+10  1.38116176e-01 -7.80475042e-02 
 5.49540874e+10  1.32621701e-01 -7.88204874e-02 
 5.62341325e+10  1.27278880e-01 -7.94314822e-02 
 5.75439937e+10  1.22087421e-01 -7.98892097e-02 
 5.88843655e+10  1.17046751e-01 -8.02021622e-02 
 6.02559586e+10  1.12156029e-01 -8.03785933e-02 
 6.16595002e+10  1.07414173e-01 -8.04265097e-02 
 6.30957344e+10  1.02819869e-01 -8.03536649e-02 
 6.45654229e+10  9.83715970e-02 -8.01675539e-02 
 6.60693448e+10  9.40676467e-02 -7.98754099e-02 
 6.76082975e+10  8.99061352e-02 -7.94842023e-02 
 6.91830971e+10  8.58850251e-02 -7.90006359e-02 
 7.07945784e+10  8.20021417e-02 -7.84311513e-02 
 7.24435960e+10  7.82551888e-02 -7.77819265e-02 
 7.41310241e+10  7.46417647e-02 -7.70588799e-02 
 7.58577575e+10  7.11593773e-02 -7.62676735e-02 
 7.76247117e+10  6.78054578e-02 -7.54137173e-02 
 7.94328235e+10  6.45773749e-02 -7.45021750e-02 
 8.12830516e+10  6.14724465e-02 -7.35379697e-02 
 8.31763771e+10  5.84879520e-02 -7.25257902e-02 
 8.51138038e+10  5.56211429e-02 -7.14700980e-02 
 8.70963590e+10  5.28692531e-02 -7.03751351e-02 
 8.91250938e+10  5.02295078e-02 -6.92449315e-02 
 9.12010839e+10  4.76991319e-02 -6.80833131e-02 
 9.33254301e+10  4.52753576e-02 -6.68939103e-02 
 9.54992586e+10  4.29554310e-02 -6.56801663e-02 
 9.77237221e+10  4.07366180e-02 -6.44453453e-02 
 1.00000000e+11  3.86162094e-02 -6.31925416e-02 
 1.02329299e+11  3.65915253e-02 -6.19246874e-02 
 1.04712855e+11  3.46599184e-02 -6.06445615e-02 
 1.07151931e+11  3.28187774e-02 -5.93547978e-02 
 1.09647820e+11  3.10655286e-02 -5.80578928e-02 
 1.12201845e+11  2.93976381e-02 -5.67562138e-02 
 1.14815362e+11  2.78126122e-02 -5.54520064e-02 
 1.17489755e+11  2.63079980e-02 -5.41474014e-02 
 1.20226443e+11  2.48813833e-02 -5.28444219e-02 
 1.23026877e+11  2.35303958e-02 -5.15449899e-02 
 1.25892541e+11  2.22527020e-02 -5.02509316e-02 
 1.28824955e+11  2.10460055e-02 -4.89639835e-02 
 1.31825674e+11  1.99080456e-02 -4.76857972e-02 
 1.34896288e+11  1.88365946e-02 -4.64179436e-02 
 1.38038426e+11  1.78294556e-02 -4.51619169e-02 
 1.41253754e+11  1.68844602e-02 -4.39191379e-02 
 1.44543977e+11  1.59994653e-02 -4.26909567e-02 
 1.47910839e+11  1.51723512e-02 -4.14786543e-02 
 1.51356125e+11  1.44010180e-02 -4.02834448e-02 
 1.54881662e+11  1.36833840e-02 -3.91064755e-02 
 1.58489319e+11  1.30173831e-02 -3.79488278e-02 
 1.62181010e+11  1.24009629e-02 -3.68115166e-02 
 1.65958691e+11  1.18320829e-02 -3.56954896e-02 
 1.69824365e+11  1.13087136e-02 -3.46016266e-02 
 1.73780083e+11  1.08288358e-02 -3.35307375e-02 
 1.77827941e+11  1.03904404e-02 -3.24835608e-02 
 1.81970086e+11  9.99152887e-03 -3.14607617e-02 
 1.86208714e+11  9.63011447e-03 -3.04629302e-02 
 1.90546072e+11  9.30422389e-03 -2.94905788e-02 
 1.94984460e+11  9.01189963e-03 -2.85441410e-02 
 1.99526231e+11  8.75120292e-03 -2.76239696e-02 
 2.04173794e+11  8.52021724e-03 -2.67303354e-02 
 2.08929613e+11  8.31705236e-03 -2.58634264e-02 
 2.13796209e+11  8.13984872e-03 -2.50233474e-02 
 2.18776162e+11  7.98678221e-03 -2.42101206e-02 
 2.23872114e+11  7.85606916e-03 -2.34236863e-02 
 2.29086765e+11  7.74597146e-03 -2.26639048e-02 
 2.34422882e+11  7.65480165e-03 -2.19305584e-02 
 2.39883292e+11  7.58092790e-03 -2.12233547e-02 
 2.45470892e+11  7.52277882e-03 -2.05419306e-02 
 2.51188643e+11  7.47884778e-03 -1.98858562e-02 
 2.57039578e+11  7.44769696e-03 -1.92546401e-02 
 2.63026799e+11  7.42796069e-03 -1.86477349e-02 
 2.69153480e+11  7.41834837e-03 -1.80645431e-02 
 2.75422870e+11  7.41764654e-03 -1.75044232e-02 
 2.81838293e+11  7.42472038e-03 -1.69666961e-02 
 2.88403150e+11  7.43851448e-03 -1.64506520e-02 
 2.95120923e+11  7.45805285e-03 -1.59555564e-02 
 3.01995172e+11  7.48243830e-03 -1.54806570e-02 
 3.09029543e+11  7.51085110e-03 -1.50251895e-02 
 3.16227766e+11  7.54254711e-03 -1.45883839e-02 
 3.23593657e+11  7.57685528e-03 -1.41694698e-02 
 3.31131121e+11  7.61317475e-03 -1.37676817e-02 
 3.38844156e+11  7.65097148e-03 -1.33822634e-02 
 3.46736850e+11  7.68977463e-03 -1.30124728e-02 
 3.54813389e+11  7.72917258e-03 -1.26575849e-02 
 3.63078055e+11  7.76880891e-03 -1.23168953e-02 
 3.71535229e+11  7.80837815e-03 -1.19897226e-02 
 3.80189396e+11  7.84762161e-03 -1.16754109e-02 
 3.89045145e+11  7.88632312e-03 -1.13733310e-02 
 3.98107171e+11  7.92430497e-03 -1.10828819e-02 
 4.07380278e+11  7.96142391e-03 -1.08034913e-02 
 4.16869383e+11  7.99756727e-03 -1.05346163e-02 
 4.26579519e+11  8.03264938e-03 -1.02757432e-02 
 4.36515832e+11  8.06660812e-03 -1.00263874e-02 
 4.46683592e+11  8.09940176e-03 -9.78609273e-03 
 4.57088190e+11  8.13100598e-03 -9.55443107e-03 
 4.67735141e+11  8.16141123e-03 -9.33100112e-03 
 4.78630092e+11  8.19062022e-03 -9.11542754e-03 
 4.89778819e+11  8.21864576e-03 -8.90735983e-03 
 5.01187234e+11  8.24550879e-03 -8.70647104e-03 
 5.12861384e+11  8.27123662e-03 -8.51245662e-03 
 5.24807460e+11  8.29586137e-03 -8.32503303e-03 
 5.37031796e+11  8.31941872e-03 -8.14393654e-03 
 5.49540874e+11  8.34194668e-03 -7.96892193e-03 
 5.62341325e+11  8.36348462e-03 -7.79976120e-03 
 5.75439937e+11  8.38407248e-03 -7.63624243e-03 
 5.88843655e+11  8.40375004e-03 -7.47816856e-03 
 6.02559586e+11  8.42255635e-03 -7.32535630e-03 
 6.16595002e+11  8.44052930e-03 -7.17763512e-03 
 6.30957344e+11  8.45770518e-03 -7.03484617e-03 
 6.45654229e+11  8.47411848e-03 -6.89684145e-03 
 6.60693448e+11  8.48980159e-03 -6.76348289e-03 
 6.76082975e+11  8.50478470e-03 -6.63464157e-03 
 6.91830971e+11  8.51909565e-03 -6.51019699e-03 
 7.07945784e+11  8.53275987e-03 -6.39003639e-03 
 7.24435960e+11  8.54580036e-03 -6.27405412e-03 
 7.41310241e+11  8.55823765e-03 -6.16215110e-03 
 7.58577575e+11  8.57008983e-03 -6.05423425e-03 
 7.76247117e+11  8.58137254e-03 -5.95021610e-03 
 7.94328235e+11  8.59209903e-03 -5.85001429e-03 
 8.12830516e+11  8.60228019e-03 -5.75355123e-03 
 8.31763771e+11  8.61192460e-03 -5.66075371e-03 
 8.51138038e+11  8.62103852e-03 -5.57155263e-03 
 8.70963590e+11  8.62962600e-03 -5.48588264e-03 
 8.91250938e+11  8.63768886e-03 -5.40368192e-03 
 9.12010839e+11  8.64522674e-03 -5.32489193e-03 
 9.33254301e+11  8.65223713e-03 -5.24945715e-03 
 9.54992586e+11  8.65871537e-03 -5.17732490e-03 
 9.77237221e+11  8.66465469e-03 -5.10844509e-03 
 1.00000000e+12  8.67004617e-03 -5.04277011e-03 
