 frequency       ac1.vout1-ac1.vout2 ac1.vout1-ac1.vout2
 1.00000000e+01 -5.79346771e+00  8.54722067e-09 
 1.02329299e+01 -5.79346771e+00  8.74631102e-09 
 1.04712855e+01 -5.79346771e+00  8.95003877e-09 
 1.07151931e+01 -5.79346771e+00  9.15851196e-09 
 1.09647820e+01 -5.79346771e+00  9.37184111e-09 
 1.12201845e+01 -5.79346771e+00  9.59013933e-09 
 1.14815362e+01 -5.79346771e+00  9.81352237e-09 
 1.17489755e+01 -5.79346771e+00  1.00421087e-08 
 1.20226443e+01 -5.79346771e+00  1.02760194e-08 
 1.23026877e+01 -5.79346771e+00  1.05153787e-08 
 1.25892541e+01 -5.79346771e+00  1.07603133e-08 
 1.28824955e+01 -5.79346771e+00  1.10109532e-08 
 1.31825674e+01 -5.79346771e+00  1.12674312e-08 
 1.34896288e+01 -5.79346771e+00  1.15298834e-08 
 1.38038426e+01 -5.79346771e+00  1.17984489e-08 
 1.41253754e+01 -5.79346771e+00  1.20732701e-08 
 1.44543977e+01 -5.79346771e+00  1.23544927e-08 
 1.47910839e+01 -5.79346771e+00  1.26422658e-08 
 1.51356125e+01 -5.79346771e+00  1.29367420e-08 
 1.54881662e+01 -5.79346771e+00  1.32380774e-08 
 1.58489319e+01 -5.79346771e+00  1.35464319e-08 
 1.62181010e+01 -5.79346771e+00  1.38619688e-08 
 1.65958691e+01 -5.79346771e+00  1.41848555e-08 
 1.69824365e+01 -5.79346771e+00  1.45152633e-08 
 1.73780083e+01 -5.79346771e+00  1.48533672e-08 
 1.77827941e+01 -5.79346771e+00  1.51993465e-08 
 1.81970086e+01 -5.79346771e+00  1.55533848e-08 
 1.86208714e+01 -5.79346771e+00  1.59156697e-08 
 1.90546072e+01 -5.79346771e+00  1.62863932e-08 
 1.94984460e+01 -5.79346771e+00  1.66657521e-08 
 1.99526231e+01 -5.79346771e+00  1.70539473e-08 
 2.04173794e+01 -5.79346771e+00  1.74511848e-08 
 2.08929613e+01 -5.79346771e+00  1.78576751e-08 
 2.13796209e+01 -5.79346771e+00  1.82736338e-08 
 2.18776162e+01 -5.79346771e+00  1.86992814e-08 
 2.23872114e+01 -5.79346771e+00  1.91348436e-08 
 2.29086765e+01 -5.79346771e+00  1.95805514e-08 
 2.34422882e+01 -5.79346771e+00  2.00366410e-08 
 2.39883292e+01 -5.79346771e+00  2.05033543e-08 
 2.45470892e+01 -5.79346771e+00  2.09809388e-08 
 2.51188643e+01 -5.79346771e+00  2.14696476e-08 
 2.57039578e+01 -5.79346771e+00  2.19697400e-08 
 2.63026799e+01 -5.79346771e+00  2.24814810e-08 
 2.69153480e+01 -5.79346771e+00  2.30051419e-08 
 2.75422870e+01 -5.79346771e+00  2.35410005e-08 
 2.81838293e+01 -5.79346771e+00  2.40893409e-08 
 2.88403150e+01 -5.79346771e+00  2.46504537e-08 
 2.95120923e+01 -5.79346771e+00  2.52246365e-08 
 3.01995172e+01 -5.79346771e+00  2.58121938e-08 
 3.09029543e+01 -5.79346771e+00  2.64134370e-08 
 3.16227766e+01 -5.79346771e+00  2.70286850e-08 
 3.23593657e+01 -5.79346771e+00  2.76582639e-08 
 3.31131121e+01 -5.79346771e+00  2.83025077e-08 
 3.38844156e+01 -5.79346771e+00  2.89617578e-08 
 3.46736850e+01 -5.79346771e+00  2.96363638e-08 
 3.54813389e+01 -5.79346771e+00  3.03266834e-08 
 3.63078055e+01 -5.79346771e+00  3.10330826e-08 
 3.71535229e+01 -5.79346771e+00  3.17559359e-08 
 3.80189396e+01 -5.79346771e+00  3.24956267e-08 
 3.89045145e+01 -5.79346771e+00  3.32525471e-08 
 3.98107171e+01 -5.79346771e+00  3.40270984e-08 
 4.07380278e+01 -5.79346771e+00  3.48196913e-08 
 4.16869383e+01 -5.79346771e+00  3.56307461e-08 
 4.26579519e+01 -5.79346771e+00  3.64606928e-08 
 4.36515832e+01 -5.79346771e+00  3.73099715e-08 
 4.46683592e+01 -5.79346771e+00  3.81790323e-08 
 4.57088190e+01 -5.79346771e+00  3.90683362e-08 
 4.67735141e+01 -5.79346771e+00  3.99783547e-08 
 4.78630092e+01 -5.79346771e+00  4.09095702e-08 
 4.89778819e+01 -5.79346771e+00  4.18624765e-08 
 5.01187234e+01 -5.79346771e+00  4.28375788e-08 
 5.12861384e+01 -5.79346771e+00  4.38353942e-08 
 5.24807460e+01 -5.79346771e+00  4.48564517e-08 
 5.37031796e+01 -5.79346771e+00  4.59012927e-08 
 5.49540874e+01 -5.79346771e+00  4.69704712e-08 
 5.62341325e+01 -5.79346771e+00  4.80645540e-08 
 5.75439937e+01 -5.79346771e+00  4.91841213e-08 
 5.88843655e+01 -5.79346771e+00  5.03297666e-08 
 6.02559586e+01 -5.79346771e+00  5.15020975e-08 
 6.16595002e+01 -5.79346771e+00  5.27017355e-08 
 6.30957344e+01 -5.79346771e+00  5.39293166e-08 
 6.45654229e+01 -5.79346771e+00  5.51854917e-08 
 6.60693448e+01 -5.79346771e+00  5.64709270e-08 
 6.76082975e+01 -5.79346771e+00  5.77863038e-08 
 6.91830971e+01 -5.79346771e+00  5.91323198e-08 
 7.07945784e+01 -5.79346771e+00  6.05096884e-08 
 7.24435960e+01 -5.79346771e+00  6.19191401e-08 
 7.41310241e+01 -5.79346771e+00  6.33614222e-08 
 7.58577575e+01 -5.79346771e+00  6.48372993e-08 
 7.76247117e+01 -5.79346771e+00  6.63475540e-08 
 7.94328235e+01 -5.79346771e+00  6.78929871e-08 
 8.12830516e+01 -5.79346771e+00  6.94744179e-08 
 8.31763771e+01 -5.79346771e+00  7.10926850e-08 
 8.51138038e+01 -5.79346771e+00  7.27486464e-08 
 8.70963590e+01 -5.79346771e+00  7.44431800e-08 
 8.91250938e+01 -5.79346771e+00  7.61771844e-08 
 9.12010839e+01 -5.79346771e+00  7.79515790e-08 
 9.33254301e+01 -5.79346771e+00  7.97673045e-08 
 9.54992586e+01 -5.79346771e+00  8.16253237e-08 
 9.77237221e+01 -5.79346771e+00  8.35266218e-08 
 1.00000000e+02 -5.79346771e+00  8.54722067e-08 
 1.02329299e+02 -5.79346771e+00  8.74631102e-08 
 1.04712855e+02 -5.79346771e+00  8.95003877e-08 
 1.07151931e+02 -5.79346771e+00  9.15851196e-08 
 1.09647820e+02 -5.79346771e+00  9.37184111e-08 
 1.12201845e+02 -5.79346771e+00  9.59013933e-08 
 1.14815362e+02 -5.79346771e+00  9.81352237e-08 
 1.17489755e+02 -5.79346771e+00  1.00421087e-07 
 1.20226443e+02 -5.79346771e+00  1.02760194e-07 
 1.23026877e+02 -5.79346771e+00  1.05153787e-07 
 1.25892541e+02 -5.79346771e+00  1.07603133e-07 
 1.28824955e+02 -5.79346771e+00  1.10109532e-07 
 1.31825674e+02 -5.79346771e+00  1.12674312e-07 
 1.34896288e+02 -5.79346771e+00  1.15298834e-07 
 1.38038426e+02 -5.79346771e+00  1.17984489e-07 
 1.41253754e+02 -5.79346771e+00  1.20732701e-07 
 1.44543977e+02 -5.79346771e+00  1.23544927e-07 
 1.47910839e+02 -5.79346771e+00  1.26422658e-07 
 1.51356125e+02 -5.79346771e+00  1.29367420e-07 
 1.54881662e+02 -5.79346771e+00  1.32380774e-07 
 1.58489319e+02 -5.79346771e+00  1.35464319e-07 
 1.62181010e+02 -5.79346771e+00  1.38619688e-07 
 1.65958691e+02 -5.79346771e+00  1.41848555e-07 
 1.69824365e+02 -5.79346771e+00  1.45152633e-07 
 1.73780083e+02 -5.79346771e+00  1.48533672e-07 
 1.77827941e+02 -5.79346771e+00  1.51993465e-07 
 1.81970086e+02 -5.79346771e+00  1.55533848e-07 
 1.86208714e+02 -5.79346771e+00  1.59156697e-07 
 1.90546072e+02 -5.79346771e+00  1.62863932e-07 
 1.94984460e+02 -5.79346771e+00  1.66657521e-07 
 1.99526231e+02 -5.79346771e+00  1.70539473e-07 
 2.04173794e+02 -5.79346771e+00  1.74511848e-07 
 2.08929613e+02 -5.79346771e+00  1.78576751e-07 
 2.13796209e+02 -5.79346771e+00  1.82736338e-07 
 2.18776162e+02 -5.79346771e+00  1.86992814e-07 
 2.23872114e+02 -5.79346771e+00  1.91348436e-07 
 2.29086765e+02 -5.79346771e+00  1.95805514e-07 
 2.34422882e+02 -5.79346771e+00  2.00366410e-07 
 2.39883292e+02 -5.79346771e+00  2.05033543e-07 
 2.45470892e+02 -5.79346771e+00  2.09809388e-07 
 2.51188643e+02 -5.79346771e+00  2.14696476e-07 
 2.57039578e+02 -5.79346771e+00  2.19697400e-07 
 2.63026799e+02 -5.79346771e+00  2.24814810e-07 
 2.69153480e+02 -5.79346771e+00  2.30051419e-07 
 2.75422870e+02 -5.79346771e+00  2.35410005e-07 
 2.81838293e+02 -5.79346771e+00  2.40893409e-07 
 2.88403150e+02 -5.79346771e+00  2.46504537e-07 
 2.95120923e+02 -5.79346771e+00  2.52246365e-07 
 3.01995172e+02 -5.79346771e+00  2.58121938e-07 
 3.09029543e+02 -5.79346771e+00  2.64134370e-07 
 3.16227766e+02 -5.79346771e+00  2.70286850e-07 
 3.23593657e+02 -5.79346771e+00  2.76582639e-07 
 3.31131121e+02 -5.79346771e+00  2.83025077e-07 
 3.38844156e+02 -5.79346771e+00  2.89617578e-07 
 3.46736850e+02 -5.79346771e+00  2.96363638e-07 
 3.54813389e+02 -5.79346771e+00  3.03266834e-07 
 3.63078055e+02 -5.79346771e+00  3.10330826e-07 
 3.71535229e+02 -5.79346771e+00  3.17559359e-07 
 3.80189396e+02 -5.79346771e+00  3.24956267e-07 
 3.89045145e+02 -5.79346771e+00  3.32525471e-07 
 3.98107171e+02 -5.79346771e+00  3.40270984e-07 
 4.07380278e+02 -5.79346771e+00  3.48196913e-07 
 4.16869383e+02 -5.79346771e+00  3.56307461e-07 
 4.26579519e+02 -5.79346771e+00  3.64606928e-07 
 4.36515832e+02 -5.79346771e+00  3.73099715e-07 
 4.46683592e+02 -5.79346771e+00  3.81790323e-07 
 4.57088190e+02 -5.79346771e+00  3.90683362e-07 
 4.67735141e+02 -5.79346771e+00  3.99783547e-07 
 4.78630092e+02 -5.79346771e+00  4.09095702e-07 
 4.89778819e+02 -5.79346771e+00  4.18624765e-07 
 5.01187234e+02 -5.79346771e+00  4.28375788e-07 
 5.12861384e+02 -5.79346771e+00  4.38353942e-07 
 5.24807460e+02 -5.79346771e+00  4.48564517e-07 
 5.37031796e+02 -5.79346771e+00  4.59012927e-07 
 5.49540874e+02 -5.79346771e+00  4.69704712e-07 
 5.62341325e+02 -5.79346771e+00  4.80645540e-07 
 5.75439937e+02 -5.79346771e+00  4.91841213e-07 
 5.88843655e+02 -5.79346771e+00  5.03297666e-07 
 6.02559586e+02 -5.79346771e+00  5.15020975e-07 
 6.16595002e+02 -5.79346771e+00  5.27017355e-07 
 6.30957344e+02 -5.79346771e+00  5.39293166e-07 
 6.45654229e+02 -5.79346771e+00  5.51854917e-07 
 6.60693448e+02 -5.79346771e+00  5.64709270e-07 
 6.76082975e+02 -5.79346771e+00  5.77863038e-07 
 6.91830971e+02 -5.79346771e+00  5.91323198e-07 
 7.07945784e+02 -5.79346771e+00  6.05096884e-07 
 7.24435960e+02 -5.79346771e+00  6.19191401e-07 
 7.41310241e+02 -5.79346771e+00  6.33614222e-07 
 7.58577575e+02 -5.79346771e+00  6.48372993e-07 
 7.76247117e+02 -5.79346771e+00  6.63475540e-07 
 7.94328235e+02 -5.79346771e+00  6.78929871e-07 
 8.12830516e+02 -5.79346771e+00  6.94744179e-07 
 8.31763771e+02 -5.79346771e+00  7.10926850e-07 
 8.51138038e+02 -5.79346771e+00  7.27486464e-07 
 8.70963590e+02 -5.79346771e+00  7.44431800e-07 
 8.91250938e+02 -5.79346771e+00  7.61771844e-07 
 9.12010839e+02 -5.79346771e+00  7.79515790e-07 
 9.33254301e+02 -5.79346771e+00  7.97673045e-07 
 9.54992586e+02 -5.79346771e+00  8.16253237e-07 
 9.77237221e+02 -5.79346771e+00  8.35266218e-07 
 1.00000000e+03 -5.79346771e+00  8.54722067e-07 
 1.02329299e+03 -5.79346771e+00  8.74631102e-07 
 1.04712855e+03 -5.79346771e+00  8.95003877e-07 
 1.07151931e+03 -5.79346771e+00  9.15851196e-07 
 1.09647820e+03 -5.79346771e+00  9.37184111e-07 
 1.12201845e+03 -5.79346771e+00  9.59013933e-07 
 1.14815362e+03 -5.79346771e+00  9.81352237e-07 
 1.17489755e+03 -5.79346771e+00  1.00421087e-06 
 1.20226443e+03 -5.79346771e+00  1.02760194e-06 
 1.23026877e+03 -5.79346771e+00  1.05153787e-06 
 1.25892541e+03 -5.79346771e+00  1.07603133e-06 
 1.28824955e+03 -5.79346771e+00  1.10109532e-06 
 1.31825674e+03 -5.79346771e+00  1.12674312e-06 
 1.34896288e+03 -5.79346771e+00  1.15298834e-06 
 1.38038426e+03 -5.79346771e+00  1.17984489e-06 
 1.41253754e+03 -5.79346771e+00  1.20732701e-06 
 1.44543977e+03 -5.79346771e+00  1.23544927e-06 
 1.47910839e+03 -5.79346771e+00  1.26422658e-06 
 1.51356125e+03 -5.79346771e+00  1.29367420e-06 
 1.54881662e+03 -5.79346771e+00  1.32380774e-06 
 1.58489319e+03 -5.79346771e+00  1.35464319e-06 
 1.62181010e+03 -5.79346771e+00  1.38619688e-06 
 1.65958691e+03 -5.79346771e+00  1.41848555e-06 
 1.69824365e+03 -5.79346771e+00  1.45152633e-06 
 1.73780083e+03 -5.79346771e+00  1.48533672e-06 
 1.77827941e+03 -5.79346771e+00  1.51993465e-06 
 1.81970086e+03 -5.79346771e+00  1.55533848e-06 
 1.86208714e+03 -5.79346771e+00  1.59156697e-06 
 1.90546072e+03 -5.79346771e+00  1.62863932e-06 
 1.94984460e+03 -5.79346771e+00  1.66657521e-06 
 1.99526231e+03 -5.79346771e+00  1.70539473e-06 
 2.04173794e+03 -5.79346771e+00  1.74511848e-06 
 2.08929613e+03 -5.79346771e+00  1.78576751e-06 
 2.13796209e+03 -5.79346771e+00  1.82736338e-06 
 2.18776162e+03 -5.79346771e+00  1.86992814e-06 
 2.23872114e+03 -5.79346771e+00  1.91348436e-06 
 2.29086765e+03 -5.79346771e+00  1.95805514e-06 
 2.34422882e+03 -5.79346771e+00  2.00366410e-06 
 2.39883292e+03 -5.79346771e+00  2.05033543e-06 
 2.45470892e+03 -5.79346771e+00  2.09809388e-06 
 2.51188643e+03 -5.79346771e+00  2.14696476e-06 
 2.57039578e+03 -5.79346771e+00  2.19697400e-06 
 2.63026799e+03 -5.79346771e+00  2.24814810e-06 
 2.69153480e+03 -5.79346771e+00  2.30051419e-06 
 2.75422870e+03 -5.79346771e+00  2.35410005e-06 
 2.81838293e+03 -5.79346771e+00  2.40893409e-06 
 2.88403150e+03 -5.79346771e+00  2.46504537e-06 
 2.95120923e+03 -5.79346771e+00  2.52246365e-06 
 3.01995172e+03 -5.79346771e+00  2.58121938e-06 
 3.09029543e+03 -5.79346771e+00  2.64134370e-06 
 3.16227766e+03 -5.79346771e+00  2.70286850e-06 
 3.23593657e+03 -5.79346771e+00  2.76582639e-06 
 3.31131121e+03 -5.79346771e+00  2.83025077e-06 
 3.38844156e+03 -5.79346771e+00  2.89617578e-06 
 3.46736850e+03 -5.79346771e+00  2.96363638e-06 
 3.54813389e+03 -5.79346771e+00  3.03266834e-06 
 3.63078055e+03 -5.79346771e+00  3.10330826e-06 
 3.71535229e+03 -5.79346771e+00  3.17559359e-06 
 3.80189396e+03 -5.79346771e+00  3.24956267e-06 
 3.89045145e+03 -5.79346771e+00  3.32525471e-06 
 3.98107171e+03 -5.79346771e+00  3.40270984e-06 
 4.07380278e+03 -5.79346771e+00  3.48196913e-06 
 4.16869383e+03 -5.79346771e+00  3.56307461e-06 
 4.26579519e+03 -5.79346771e+00  3.64606928e-06 
 4.36515832e+03 -5.79346771e+00  3.73099715e-06 
 4.46683592e+03 -5.79346771e+00  3.81790323e-06 
 4.57088190e+03 -5.79346771e+00  3.90683362e-06 
 4.67735141e+03 -5.79346771e+00  3.99783547e-06 
 4.78630092e+03 -5.79346771e+00  4.09095702e-06 
 4.89778819e+03 -5.79346771e+00  4.18624765e-06 
 5.01187234e+03 -5.79346771e+00  4.28375788e-06 
 5.12861384e+03 -5.79346771e+00  4.38353942e-06 
 5.24807460e+03 -5.79346771e+00  4.48564517e-06 
 5.37031796e+03 -5.79346771e+00  4.59012927e-06 
 5.49540874e+03 -5.79346771e+00  4.69704712e-06 
 5.62341325e+03 -5.79346771e+00  4.80645540e-06 
 5.75439937e+03 -5.79346771e+00  4.91841213e-06 
 5.88843655e+03 -5.79346771e+00  5.03297666e-06 
 6.02559586e+03 -5.79346771e+00  5.15020975e-06 
 6.16595002e+03 -5.79346771e+00  5.27017355e-06 
 6.30957344e+03 -5.79346771e+00  5.39293166e-06 
 6.45654229e+03 -5.79346771e+00  5.51854917e-06 
 6.60693448e+03 -5.79346771e+00  5.64709270e-06 
 6.76082975e+03 -5.79346771e+00  5.77863038e-06 
 6.91830971e+03 -5.79346771e+00  5.91323198e-06 
 7.07945784e+03 -5.79346771e+00  6.05096884e-06 
 7.24435960e+03 -5.79346771e+00  6.19191401e-06 
 7.41310241e+03 -5.79346771e+00  6.33614222e-06 
 7.58577575e+03 -5.79346771e+00  6.48372993e-06 
 7.76247117e+03 -5.79346771e+00  6.63475540e-06 
 7.94328235e+03 -5.79346771e+00  6.78929871e-06 
 8.12830516e+03 -5.79346771e+00  6.94744179e-06 
 8.31763771e+03 -5.79346771e+00  7.10926850e-06 
 8.51138038e+03 -5.79346771e+00  7.27486464e-06 
 8.70963590e+03 -5.79346771e+00  7.44431800e-06 
 8.91250938e+03 -5.79346771e+00  7.61771844e-06 
 9.12010839e+03 -5.79346771e+00  7.79515790e-06 
 9.33254301e+03 -5.79346771e+00  7.97673045e-06 
 9.54992586e+03 -5.79346771e+00  8.16253237e-06 
 9.77237221e+03 -5.79346771e+00  8.35266218e-06 
 1.00000000e+04 -5.79346771e+00  8.54722067e-06 
 1.02329299e+04 -5.79346771e+00  8.74631102e-06 
 1.04712855e+04 -5.79346771e+00  8.95003877e-06 
 1.07151931e+04 -5.79346771e+00  9.15851196e-06 
 1.09647820e+04 -5.79346771e+00  9.37184111e-06 
 1.12201845e+04 -5.79346771e+00  9.59013933e-06 
 1.14815362e+04 -5.79346771e+00  9.81352237e-06 
 1.17489755e+04 -5.79346771e+00  1.00421087e-05 
 1.20226443e+04 -5.79346771e+00  1.02760194e-05 
 1.23026877e+04 -5.79346771e+00  1.05153787e-05 
 1.25892541e+04 -5.79346771e+00  1.07603133e-05 
 1.28824955e+04 -5.79346771e+00  1.10109532e-05 
 1.31825674e+04 -5.79346771e+00  1.12674312e-05 
 1.34896288e+04 -5.79346771e+00  1.15298834e-05 
 1.38038426e+04 -5.79346771e+00  1.17984489e-05 
 1.41253754e+04 -5.79346771e+00  1.20732701e-05 
 1.44543977e+04 -5.79346771e+00  1.23544927e-05 
 1.47910839e+04 -5.79346771e+00  1.26422658e-05 
 1.51356125e+04 -5.79346771e+00  1.29367420e-05 
 1.54881662e+04 -5.79346771e+00  1.32380774e-05 
 1.58489319e+04 -5.79346771e+00  1.35464319e-05 
 1.62181010e+04 -5.79346771e+00  1.38619688e-05 
 1.65958691e+04 -5.79346771e+00  1.41848555e-05 
 1.69824365e+04 -5.79346771e+00  1.45152633e-05 
 1.73780083e+04 -5.79346771e+00  1.48533672e-05 
 1.77827941e+04 -5.79346771e+00  1.51993465e-05 
 1.81970086e+04 -5.79346771e+00  1.55533848e-05 
 1.86208714e+04 -5.79346771e+00  1.59156697e-05 
 1.90546072e+04 -5.79346771e+00  1.62863932e-05 
 1.94984460e+04 -5.79346771e+00  1.66657521e-05 
 1.99526231e+04 -5.79346771e+00  1.70539473e-05 
 2.04173794e+04 -5.79346771e+00  1.74511848e-05 
 2.08929613e+04 -5.79346771e+00  1.78576751e-05 
 2.13796209e+04 -5.79346771e+00  1.82736338e-05 
 2.18776162e+04 -5.79346771e+00  1.86992814e-05 
 2.23872114e+04 -5.79346771e+00  1.91348436e-05 
 2.29086765e+04 -5.79346771e+00  1.95805514e-05 
 2.34422882e+04 -5.79346771e+00  2.00366410e-05 
 2.39883292e+04 -5.79346771e+00  2.05033543e-05 
 2.45470892e+04 -5.79346771e+00  2.09809388e-05 
 2.51188643e+04 -5.79346771e+00  2.14696476e-05 
 2.57039578e+04 -5.79346771e+00  2.19697400e-05 
 2.63026799e+04 -5.79346771e+00  2.24814810e-05 
 2.69153480e+04 -5.79346771e+00  2.30051419e-05 
 2.75422870e+04 -5.79346771e+00  2.35410005e-05 
 2.81838293e+04 -5.79346771e+00  2.40893409e-05 
 2.88403150e+04 -5.79346771e+00  2.46504537e-05 
 2.95120923e+04 -5.79346771e+00  2.52246365e-05 
 3.01995172e+04 -5.79346771e+00  2.58121938e-05 
 3.09029543e+04 -5.79346771e+00  2.64134370e-05 
 3.16227766e+04 -5.79346771e+00  2.70286850e-05 
 3.23593657e+04 -5.79346771e+00  2.76582639e-05 
 3.31131121e+04 -5.79346771e+00  2.83025077e-05 
 3.38844156e+04 -5.79346771e+00  2.89617578e-05 
 3.46736850e+04 -5.79346771e+00  2.96363638e-05 
 3.54813389e+04 -5.79346771e+00  3.03266834e-05 
 3.63078055e+04 -5.79346771e+00  3.10330826e-05 
 3.71535229e+04 -5.79346771e+00  3.17559359e-05 
 3.80189396e+04 -5.79346771e+00  3.24956267e-05 
 3.89045145e+04 -5.79346771e+00  3.32525471e-05 
 3.98107171e+04 -5.79346771e+00  3.40270984e-05 
 4.07380278e+04 -5.79346771e+00  3.48196913e-05 
 4.16869383e+04 -5.79346771e+00  3.56307461e-05 
 4.26579519e+04 -5.79346771e+00  3.64606928e-05 
 4.36515832e+04 -5.79346771e+00  3.73099715e-05 
 4.46683592e+04 -5.79346771e+00  3.81790323e-05 
 4.57088190e+04 -5.79346771e+00  3.90683362e-05 
 4.67735141e+04 -5.79346771e+00  3.99783547e-05 
 4.78630092e+04 -5.79346771e+00  4.09095702e-05 
 4.89778819e+04 -5.79346771e+00  4.18624765e-05 
 5.01187234e+04 -5.79346771e+00  4.28375788e-05 
 5.12861384e+04 -5.79346771e+00  4.38353942e-05 
 5.24807460e+04 -5.79346771e+00  4.48564517e-05 
 5.37031796e+04 -5.79346771e+00  4.59012927e-05 
 5.49540874e+04 -5.79346771e+00  4.69704712e-05 
 5.62341325e+04 -5.79346771e+00  4.80645540e-05 
 5.75439937e+04 -5.79346771e+00  4.91841213e-05 
 5.88843655e+04 -5.79346771e+00  5.03297666e-05 
 6.02559586e+04 -5.79346771e+00  5.15020975e-05 
 6.16595002e+04 -5.79346771e+00  5.27017355e-05 
 6.30957344e+04 -5.79346771e+00  5.39293166e-05 
 6.45654229e+04 -5.79346771e+00  5.51854917e-05 
 6.60693448e+04 -5.79346771e+00  5.64709270e-05 
 6.76082975e+04 -5.79346771e+00  5.77863038e-05 
 6.91830971e+04 -5.79346771e+00  5.91323198e-05 
 7.07945784e+04 -5.79346771e+00  6.05096884e-05 
 7.24435960e+04 -5.79346771e+00  6.19191401e-05 
 7.41310241e+04 -5.79346771e+00  6.33614222e-05 
 7.58577575e+04 -5.79346771e+00  6.48372993e-05 
 7.76247117e+04 -5.79346771e+00  6.63475540e-05 
 7.94328235e+04 -5.79346771e+00  6.78929871e-05 
 8.12830516e+04 -5.79346771e+00  6.94744179e-05 
 8.31763771e+04 -5.79346771e+00  7.10926850e-05 
 8.51138038e+04 -5.79346771e+00  7.27486464e-05 
 8.70963590e+04 -5.79346771e+00  7.44431800e-05 
 8.91250938e+04 -5.79346771e+00  7.61771844e-05 
 9.12010839e+04 -5.79346771e+00  7.79515790e-05 
 9.33254301e+04 -5.79346771e+00  7.97673045e-05 
 9.54992586e+04 -5.79346771e+00  8.16253237e-05 
 9.77237221e+04 -5.79346771e+00  8.35266218e-05 
 1.00000000e+05 -5.79346771e+00  8.54722067e-05 
 1.02329299e+05 -5.79346771e+00  8.74631102e-05 
 1.04712855e+05 -5.79346771e+00  8.95003877e-05 
 1.07151931e+05 -5.79346771e+00  9.15851196e-05 
 1.09647820e+05 -5.79346771e+00  9.37184110e-05 
 1.12201845e+05 -5.79346771e+00  9.59013933e-05 
 1.14815362e+05 -5.79346771e+00  9.81352237e-05 
 1.17489755e+05 -5.79346771e+00  1.00421087e-04 
 1.20226443e+05 -5.79346771e+00  1.02760194e-04 
 1.23026877e+05 -5.79346771e+00  1.05153787e-04 
 1.25892541e+05 -5.79346771e+00  1.07603133e-04 
 1.28824955e+05 -5.79346771e+00  1.10109532e-04 
 1.31825674e+05 -5.79346771e+00  1.12674312e-04 
 1.34896288e+05 -5.79346771e+00  1.15298834e-04 
 1.38038426e+05 -5.79346771e+00  1.17984489e-04 
 1.41253754e+05 -5.79346771e+00  1.20732701e-04 
 1.44543977e+05 -5.79346771e+00  1.23544927e-04 
 1.47910839e+05 -5.79346771e+00  1.26422658e-04 
 1.51356125e+05 -5.79346771e+00  1.29367420e-04 
 1.54881662e+05 -5.79346771e+00  1.32380774e-04 
 1.58489319e+05 -5.79346771e+00  1.35464319e-04 
 1.62181010e+05 -5.79346771e+00  1.38619688e-04 
 1.65958691e+05 -5.79346771e+00  1.41848555e-04 
 1.69824365e+05 -5.79346771e+00  1.45152632e-04 
 1.73780083e+05 -5.79346771e+00  1.48533672e-04 
 1.77827941e+05 -5.79346771e+00  1.51993465e-04 
 1.81970086e+05 -5.79346770e+00  1.55533848e-04 
 1.86208714e+05 -5.79346770e+00  1.59156697e-04 
 1.90546072e+05 -5.79346770e+00  1.62863932e-04 
 1.94984460e+05 -5.79346770e+00  1.66657521e-04 
 1.99526231e+05 -5.79346770e+00  1.70539473e-04 
 2.04173794e+05 -5.79346770e+00  1.74511848e-04 
 2.08929613e+05 -5.79346770e+00  1.78576751e-04 
 2.13796209e+05 -5.79346770e+00  1.82736338e-04 
 2.18776162e+05 -5.79346770e+00  1.86992814e-04 
 2.23872114e+05 -5.79346770e+00  1.91348436e-04 
 2.29086765e+05 -5.79346770e+00  1.95805513e-04 
 2.34422882e+05 -5.79346770e+00  2.00366410e-04 
 2.39883292e+05 -5.79346770e+00  2.05033543e-04 
 2.45470892e+05 -5.79346770e+00  2.09809388e-04 
 2.51188643e+05 -5.79346770e+00  2.14696476e-04 
 2.57039578e+05 -5.79346770e+00  2.19697399e-04 
 2.63026799e+05 -5.79346770e+00  2.24814809e-04 
 2.69153480e+05 -5.79346770e+00  2.30051419e-04 
 2.75422870e+05 -5.79346770e+00  2.35410005e-04 
 2.81838293e+05 -5.79346770e+00  2.40893408e-04 
 2.88403150e+05 -5.79346770e+00  2.46504537e-04 
 2.95120923e+05 -5.79346770e+00  2.52246365e-04 
 3.01995172e+05 -5.79346770e+00  2.58121937e-04 
 3.09029543e+05 -5.79346770e+00  2.64134370e-04 
 3.16227766e+05 -5.79346770e+00  2.70286849e-04 
 3.23593657e+05 -5.79346770e+00  2.76582639e-04 
 3.31131121e+05 -5.79346770e+00  2.83025076e-04 
 3.38844156e+05 -5.79346770e+00  2.89617577e-04 
 3.46736850e+05 -5.79346770e+00  2.96363637e-04 
 3.54813389e+05 -5.79346769e+00  3.03266833e-04 
 3.63078055e+05 -5.79346769e+00  3.10330825e-04 
 3.71535229e+05 -5.79346769e+00  3.17559358e-04 
 3.80189396e+05 -5.79346769e+00  3.24956266e-04 
 3.89045145e+05 -5.79346769e+00  3.32525470e-04 
 3.98107171e+05 -5.79346769e+00  3.40270983e-04 
 4.07380278e+05 -5.79346769e+00  3.48196912e-04 
 4.16869383e+05 -5.79346769e+00  3.56307460e-04 
 4.26579519e+05 -5.79346769e+00  3.64606927e-04 
 4.36515832e+05 -5.79346769e+00  3.73099713e-04 
 4.46683592e+05 -5.79346769e+00  3.81790322e-04 
 4.57088190e+05 -5.79346769e+00  3.90683361e-04 
 4.67735141e+05 -5.79346768e+00  3.99783545e-04 
 4.78630092e+05 -5.79346768e+00  4.09095700e-04 
 4.89778819e+05 -5.79346768e+00  4.18624763e-04 
 5.01187234e+05 -5.79346768e+00  4.28375787e-04 
 5.12861384e+05 -5.79346768e+00  4.38353940e-04 
 5.24807460e+05 -5.79346768e+00  4.48564515e-04 
 5.37031796e+05 -5.79346768e+00  4.59012925e-04 
 5.49540874e+05 -5.79346768e+00  4.69704709e-04 
 5.62341325e+05 -5.79346767e+00  4.80645537e-04 
 5.75439937e+05 -5.79346767e+00  4.91841210e-04 
 5.88843655e+05 -5.79346767e+00  5.03297664e-04 
 6.02559586e+05 -5.79346767e+00  5.15020972e-04 
 6.16595002e+05 -5.79346767e+00  5.27017351e-04 
 6.30957344e+05 -5.79346766e+00  5.39293162e-04 
 6.45654229e+05 -5.79346766e+00  5.51854914e-04 
 6.60693448e+05 -5.79346766e+00  5.64709266e-04 
 6.76082975e+05 -5.79346766e+00  5.77863034e-04 
 6.91830971e+05 -5.79346766e+00  5.91323193e-04 
 7.07945784e+05 -5.79346765e+00  6.05096879e-04 
 7.24435960e+05 -5.79346765e+00  6.19191396e-04 
 7.41310241e+05 -5.79346765e+00  6.33614216e-04 
 7.58577575e+05 -5.79346764e+00  6.48372987e-04 
 7.76247117e+05 -5.79346764e+00  6.63475534e-04 
 7.94328235e+05 -5.79346764e+00  6.78929864e-04 
 8.12830516e+05 -5.79346764e+00  6.94744172e-04 
 8.31763771e+05 -5.79346763e+00  7.10926842e-04 
 8.51138038e+05 -5.79346763e+00  7.27486455e-04 
 8.70963590e+05 -5.79346762e+00  7.44431791e-04 
 8.91250938e+05 -5.79346762e+00  7.61771834e-04 
 9.12010839e+05 -5.79346762e+00  7.79515779e-04 
 9.33254301e+05 -5.79346761e+00  7.97673034e-04 
 9.54992586e+05 -5.79346761e+00  8.16253225e-04 
 9.77237221e+05 -5.79346760e+00  8.35266205e-04 
 1.00000000e+06 -5.79346760e+00  8.54722053e-04 
 1.02329299e+06 -5.79346759e+00  8.74631087e-04 
 1.04712855e+06 -5.79346759e+00  8.95003861e-04 
 1.07151931e+06 -5.79346758e+00  9.15851178e-04 
 1.09647820e+06 -5.79346758e+00  9.37184092e-04 
 1.12201845e+06 -5.79346757e+00  9.59013913e-04 
 1.14815362e+06 -5.79346756e+00  9.81352215e-04 
 1.17489755e+06 -5.79346756e+00  1.00421084e-03 
 1.20226443e+06 -5.79346755e+00  1.02760192e-03 
 1.23026877e+06 -5.79346754e+00  1.05153784e-03 
 1.25892541e+06 -5.79346753e+00  1.07603130e-03 
 1.28824955e+06 -5.79346752e+00  1.10109529e-03 
 1.31825674e+06 -5.79346752e+00  1.12674309e-03 
 1.34896288e+06 -5.79346751e+00  1.15298831e-03 
 1.38038426e+06 -5.79346750e+00  1.17984485e-03 
 1.41253754e+06 -5.79346749e+00  1.20732697e-03 
 1.44543977e+06 -5.79346748e+00  1.23544923e-03 
 1.47910839e+06 -5.79346747e+00  1.26422653e-03 
 1.51356125e+06 -5.79346745e+00  1.29367415e-03 
 1.54881662e+06 -5.79346744e+00  1.32380769e-03 
 1.58489319e+06 -5.79346743e+00  1.35464313e-03 
 1.62181010e+06 -5.79346742e+00  1.38619682e-03 
 1.65958691e+06 -5.79346740e+00  1.41848549e-03 
 1.69824365e+06 -5.79346739e+00  1.45152626e-03 
 1.73780083e+06 -5.79346737e+00  1.48533664e-03 
 1.77827941e+06 -5.79346736e+00  1.51993457e-03 
 1.81970086e+06 -5.79346734e+00  1.55533839e-03 
 1.86208714e+06 -5.79346732e+00  1.59156688e-03 
 1.90546072e+06 -5.79346731e+00  1.62863923e-03 
 1.94984460e+06 -5.79346729e+00  1.66657510e-03 
 1.99526231e+06 -5.79346727e+00  1.70539462e-03 
 2.04173794e+06 -5.79346725e+00  1.74511836e-03 
 2.08929613e+06 -5.79346723e+00  1.78576738e-03 
 2.13796209e+06 -5.79346720e+00  1.82736324e-03 
 2.18776162e+06 -5.79346718e+00  1.86992799e-03 
 2.23872114e+06 -5.79346715e+00  1.91348420e-03 
 2.29086765e+06 -5.79346713e+00  1.95805497e-03 
 2.34422882e+06 -5.79346710e+00  2.00366392e-03 
 2.39883292e+06 -5.79346707e+00  2.05033524e-03 
 2.45470892e+06 -5.79346704e+00  2.09809367e-03 
 2.51188643e+06 -5.79346701e+00  2.14696454e-03 
 2.57039578e+06 -5.79346698e+00  2.19697376e-03 
 2.63026799e+06 -5.79346694e+00  2.24814784e-03 
 2.69153480e+06 -5.79346691e+00  2.30051391e-03 
 2.75422870e+06 -5.79346687e+00  2.35409975e-03 
 2.81838293e+06 -5.79346683e+00  2.40893377e-03 
 2.88403150e+06 -5.79346679e+00  2.46504503e-03 
 2.95120923e+06 -5.79346674e+00  2.52246329e-03 
 3.01995172e+06 -5.79346670e+00  2.58121899e-03 
 3.09029543e+06 -5.79346665e+00  2.64134328e-03 
 3.16227766e+06 -5.79346660e+00  2.70286805e-03 
 3.23593657e+06 -5.79346655e+00  2.76582591e-03 
 3.31131121e+06 -5.79346649e+00  2.83025025e-03 
 3.38844156e+06 -5.79346644e+00  2.89617522e-03 
 3.46736850e+06 -5.79346638e+00  2.96363578e-03 
 3.54813389e+06 -5.79346631e+00  3.03266770e-03 
 3.63078055e+06 -5.79346625e+00  3.10330758e-03 
 3.71535229e+06 -5.79346618e+00  3.17559286e-03 
 3.80189396e+06 -5.79346611e+00  3.24956189e-03 
 3.89045145e+06 -5.79346603e+00  3.32525387e-03 
 3.98107171e+06 -5.79346595e+00  3.40270894e-03 
 4.07380278e+06 -5.79346587e+00  3.48196817e-03 
 4.16869383e+06 -5.79346578e+00  3.56307358e-03 
 4.26579519e+06 -5.79346569e+00  3.64606818e-03 
 4.36515832e+06 -5.79346560e+00  3.73099596e-03 
 4.46683592e+06 -5.79346550e+00  3.81790197e-03 
 4.57088190e+06 -5.79346539e+00  3.90683227e-03 
 4.67735141e+06 -5.79346529e+00  3.99783401e-03 
 4.78630092e+06 -5.79346517e+00  4.09095546e-03 
 4.89778819e+06 -5.79346505e+00  4.18624598e-03 
 5.01187234e+06 -5.79346493e+00  4.28375609e-03 
 5.12861384e+06 -5.79346480e+00  4.38353751e-03 
 5.24807460e+06 -5.79346466e+00  4.48564312e-03 
 5.37031796e+06 -5.79346451e+00  4.59012707e-03 
 5.49540874e+06 -5.79346436e+00  4.69704476e-03 
 5.62341325e+06 -5.79346421e+00  4.80645287e-03 
 5.75439937e+06 -5.79346404e+00  4.91840942e-03 
 5.88843655e+06 -5.79346387e+00  5.03297376e-03 
 6.02559586e+06 -5.79346369e+00  5.15020664e-03 
 6.16595002e+06 -5.79346350e+00  5.27017021e-03 
 6.30957344e+06 -5.79346330e+00  5.39292809e-03 
 6.45654229e+06 -5.79346309e+00  5.51854535e-03 
 6.60693448e+06 -5.79346287e+00  5.64708860e-03 
 6.76082975e+06 -5.79346265e+00  5.77862599e-03 
 6.91830971e+06 -5.79346241e+00  5.91322727e-03 
 7.07945784e+06 -5.79346216e+00  6.05096380e-03 
 7.24435960e+06 -5.79346190e+00  6.19190861e-03 
 7.41310241e+06 -5.79346162e+00  6.33613643e-03 
 7.58577575e+06 -5.79346133e+00  6.48372372e-03 
 7.76247117e+06 -5.79346103e+00  6.63474875e-03 
 7.94328235e+06 -5.79346072e+00  6.78929158e-03 
 8.12830516e+06 -5.79346039e+00  6.94743415e-03 
 8.31763771e+06 -5.79346005e+00  7.10926032e-03 
 8.51138038e+06 -5.79345968e+00  7.27485587e-03 
 8.70963590e+06 -5.79345931e+00  7.44430861e-03 
 8.91250938e+06 -5.79345891e+00  7.61770838e-03 
 9.12010839e+06 -5.79345850e+00  7.79514711e-03 
 9.33254301e+06 -5.79345806e+00  7.97671889e-03 
 9.54992586e+06 -5.79345761e+00  8.16251999e-03 
 9.77237221e+06 -5.79345713e+00  8.35264890e-03 
 1.00000000e+07 -5.79345663e+00  8.54720645e-03 
 1.02329299e+07 -5.79345611e+00  8.74629578e-03 
 1.04712855e+07 -5.79345556e+00  8.95002244e-03 
 1.07151931e+07 -5.79345499e+00  9.15849446e-03 
 1.09647820e+07 -5.79345439e+00  9.37182236e-03 
 1.12201845e+07 -5.79345376e+00  9.59011924e-03 
 1.14815362e+07 -5.79345311e+00  9.81350084e-03 
 1.17489755e+07 -5.79345242e+00  1.00420856e-02 
 1.20226443e+07 -5.79345170e+00  1.02759947e-02 
 1.23026877e+07 -5.79345094e+00  1.05153522e-02 
 1.25892541e+07 -5.79345015e+00  1.07602849e-02 
 1.28824955e+07 -5.79344933e+00  1.10109228e-02 
 1.31825674e+07 -5.79344846e+00  1.12673987e-02 
 1.34896288e+07 -5.79344755e+00  1.15298485e-02 
 1.38038426e+07 -5.79344660e+00  1.17984115e-02 
 1.41253754e+07 -5.79344561e+00  1.20732300e-02 
 1.44543977e+07 -5.79344457e+00  1.23544497e-02 
 1.47910839e+07 -5.79344348e+00  1.26422198e-02 
 1.51356125e+07 -5.79344233e+00  1.29366927e-02 
 1.54881662e+07 -5.79344114e+00  1.32380246e-02 
 1.58489319e+07 -5.79343989e+00  1.35463752e-02 
 1.62181010e+07 -5.79343858e+00  1.38619081e-02 
 1.65958691e+07 -5.79343720e+00  1.41847905e-02 
 1.69824365e+07 -5.79343576e+00  1.45151936e-02 
 1.73780083e+07 -5.79343426e+00  1.48532925e-02 
 1.77827941e+07 -5.79343268e+00  1.51992666e-02 
 1.81970086e+07 -5.79343103e+00  1.55532991e-02 
 1.86208714e+07 -5.79342930e+00  1.59155778e-02 
 1.90546072e+07 -5.79342749e+00  1.62862948e-02 
 1.94984460e+07 -5.79342560e+00  1.66656466e-02 
 1.99526231e+07 -5.79342361e+00  1.70538343e-02 
 2.04173794e+07 -5.79342154e+00  1.74510637e-02 
 2.08929613e+07 -5.79341936e+00  1.78575454e-02 
 2.13796209e+07 -5.79341708e+00  1.82734948e-02 
 2.18776162e+07 -5.79341470e+00  1.86991325e-02 
 2.23872114e+07 -5.79341220e+00  1.91346840e-02 
 2.29086765e+07 -5.79340958e+00  1.95803804e-02 
 2.34422882e+07 -5.79340684e+00  2.00364578e-02 
 2.39883292e+07 -5.79340397e+00  2.05031580e-02 
 2.45470892e+07 -5.79340097e+00  2.09807284e-02 
 2.51188643e+07 -5.79339782e+00  2.14694222e-02 
 2.57039578e+07 -5.79339453e+00  2.19694984e-02 
 2.63026799e+07 -5.79339108e+00  2.24812222e-02 
 2.69153480e+07 -5.79338747e+00  2.30048646e-02 
 2.75422870e+07 -5.79338369e+00  2.35407034e-02 
 2.81838293e+07 -5.79337973e+00  2.40890225e-02 
 2.88403150e+07 -5.79337558e+00  2.46501125e-02 
 2.95120923e+07 -5.79337124e+00  2.52242709e-02 
 3.01995172e+07 -5.79336669e+00  2.58118021e-02 
 3.09029543e+07 -5.79336193e+00  2.64130173e-02 
 3.16227766e+07 -5.79335695e+00  2.70282353e-02 
 3.23593657e+07 -5.79335173e+00  2.76577820e-02 
 3.31131121e+07 -5.79334626e+00  2.83019913e-02 
 3.38844156e+07 -5.79334054e+00  2.89612045e-02 
 3.46736850e+07 -5.79333455e+00  2.96357709e-02 
 3.54813389e+07 -5.79332827e+00  3.03260481e-02 
 3.63078055e+07 -5.79332170e+00  3.10324018e-02 
 3.71535229e+07 -5.79331482e+00  3.17552065e-02 
 3.80189396e+07 -5.79330761e+00  3.24948451e-02 
 3.89045145e+07 -5.79330007e+00  3.32517096e-02 
 3.98107171e+07 -5.79329217e+00  3.40262010e-02 
 4.07380278e+07 -5.79328390e+00  3.48187298e-02 
 4.16869383e+07 -5.79327523e+00  3.56297158e-02 
 4.26579519e+07 -5.79326616e+00  3.64595888e-02 
 4.36515832e+07 -5.79325666e+00  3.73087885e-02 
 4.46683592e+07 -5.79324672e+00  3.81777648e-02 
 4.57088190e+07 -5.79323630e+00  3.90669781e-02 
 4.67735141e+07 -5.79322540e+00  3.99768994e-02 
 4.78630092e+07 -5.79321398e+00  4.09080108e-02 
 4.89778819e+07 -5.79320202e+00  4.18608056e-02 
 5.01187234e+07 -5.79318950e+00  4.28357884e-02 
 5.12861384e+07 -5.79317639e+00  4.38334758e-02 
 5.24807460e+07 -5.79316266e+00  4.48543961e-02 
 5.37031796e+07 -5.79314829e+00  4.58990900e-02 
 5.49540874e+07 -5.79313323e+00  4.69681110e-02 
 5.62341325e+07 -5.79311747e+00  4.80620250e-02 
 5.75439937e+07 -5.79310096e+00  4.91814114e-02 
 5.88843655e+07 -5.79308368e+00  5.03268630e-02 
 6.02559586e+07 -5.79306558e+00  5.14989862e-02 
 6.16595002e+07 -5.79304663e+00  5.26984016e-02 
 6.30957344e+07 -5.79302679e+00  5.39257443e-02 
 6.45654229e+07 -5.79300601e+00  5.51816640e-02 
 6.60693448e+07 -5.79298425e+00  5.64668255e-02 
 6.76082975e+07 -5.79296147e+00  5.77819091e-02 
 6.91830971e+07 -5.79293761e+00  5.91276107e-02 
 7.07945784e+07 -5.79291263e+00  6.05046426e-02 
 7.24435960e+07 -5.79288648e+00  6.19137334e-02 
 7.41310241e+07 -5.79285909e+00  6.33556288e-02 
 7.58577575e+07 -5.79283041e+00  6.48310916e-02 
 7.76247117e+07 -5.79280037e+00  6.63409024e-02 
 7.94328235e+07 -5.79276893e+00  6.78858598e-02 
 8.12830516e+07 -5.79273600e+00  6.94667809e-02 
 8.31763771e+07 -5.79270152e+00  7.10845018e-02 
 8.51138038e+07 -5.79266541e+00  7.27398780e-02 
 8.70963590e+07 -5.79262761e+00  7.44337846e-02 
 8.91250938e+07 -5.79258802e+00  7.61671171e-02 
 9.12010839e+07 -5.79254656e+00  7.79407917e-02 
 9.33254301e+07 -5.79250316e+00  7.97557458e-02 
 9.54992586e+07 -5.79245771e+00  8.16129385e-02 
 9.77237221e+07 -5.79241012e+00  8.35133508e-02 
 1.00000000e+08 -5.79236028e+00  8.54579867e-02 
 1.02329299e+08 -5.79230810e+00  8.74478733e-02 
 1.04712855e+08 -5.79225346e+00  8.94840613e-02 
 1.07151931e+08 -5.79219624e+00  9.15676256e-02 
 1.09647820e+08 -5.79213633e+00  9.36996661e-02 
 1.12201845e+08 -5.79207360e+00  9.58813079e-02 
 1.14815362e+08 -5.79200791e+00  9.81137020e-02 
 1.17489755e+08 -5.79193913e+00  1.00398026e-01 
 1.20226443e+08 -5.79186711e+00  1.02735485e-01 
 1.23026877e+08 -5.79179169e+00  1.05127310e-01 
 1.25892541e+08 -5.79171272e+00  1.07574763e-01 
 1.28824955e+08 -5.79163004e+00  1.10079133e-01 
 1.31825674e+08 -5.79154345e+00  1.12641740e-01 
 1.34896288e+08 -5.79145279e+00  1.15263933e-01 
 1.38038426e+08 -5.79135786e+00  1.17947092e-01 
 1.41253754e+08 -5.79125846e+00  1.20692630e-01 
 1.44543977e+08 -5.79115438e+00  1.23501991e-01 
 1.47910839e+08 -5.79104539e+00  1.26376652e-01 
 1.51356125e+08 -5.79093128e+00  1.29318124e-01 
 1.54881662e+08 -5.79081179e+00  1.32327954e-01 
 1.58489319e+08 -5.79068667e+00  1.35407722e-01 
 1.62181010e+08 -5.79055566e+00  1.38559045e-01 
 1.65958691e+08 -5.79041848e+00  1.41783576e-01 
 1.69824365e+08 -5.79027484e+00  1.45083008e-01 
 1.73780083e+08 -5.79012444e+00  1.48459069e-01 
 1.77827941e+08 -5.78996696e+00  1.51913529e-01 
 1.81970086e+08 -5.78980207e+00  1.55448197e-01 
 1.86208714e+08 -5.78962941e+00  1.59064922e-01 
 1.90546072e+08 -5.78944862e+00  1.62765597e-01 
 1.94984460e+08 -5.78925933e+00  1.66552155e-01 
 1.99526231e+08 -5.78906112e+00  1.70426575e-01 
 2.04173794e+08 -5.78885359e+00  1.74390879e-01 
 2.08929613e+08 -5.78863629e+00  1.78447135e-01 
 2.13796209e+08 -5.78840876e+00  1.82597456e-01 
 2.18776162e+08 -5.78817053e+00  1.86844005e-01 
 2.23872114e+08 -5.78792109e+00  1.91188990e-01 
 2.29086765e+08 -5.78765991e+00  1.95634671e-01 
 2.34422882e+08 -5.78738644e+00  2.00183356e-01 
 2.39883292e+08 -5.78710011e+00  2.04837406e-01 
 2.45470892e+08 -5.78680031e+00  2.09599232e-01 
 2.51188643e+08 -5.78648641e+00  2.14471301e-01 
 2.57039578e+08 -5.78615775e+00  2.19456132e-01 
 2.63026799e+08 -5.78581364e+00  2.24556300e-01 
 2.69153480e+08 -5.78545334e+00  2.29774436e-01 
 2.75422870e+08 -5.78507611e+00  2.35113229e-01 
 2.81838293e+08 -5.78468114e+00  2.40575425e-01 
 2.88403150e+08 -5.78426761e+00  2.46163833e-01 
 2.95120923e+08 -5.78383464e+00  2.51881318e-01 
 3.01995172e+08 -5.78338133e+00  2.57730809e-01 
 3.09029543e+08 -5.78290672e+00  2.63715297e-01 
 3.16227766e+08 -5.78240982e+00  2.69837838e-01 
 3.23593657e+08 -5.78188957e+00  2.76101552e-01 
 3.31131121e+08 -5.78134489e+00  2.82509624e-01 
 3.38844156e+08 -5.78077464e+00  2.89065307e-01 
 3.46736850e+08 -5.78017762e+00  2.95771922e-01 
 3.54813389e+08 -5.77955257e+00  3.02632857e-01 
 3.63078055e+08 -5.77889819e+00  3.09651574e-01 
 3.71535229e+08 -5.77821311e+00  3.16831602e-01 
 3.80189396e+08 -5.77749589e+00  3.24176544e-01 
 3.89045145e+08 -5.77674503e+00  3.31690076e-01 
 3.98107171e+08 -5.77595897e+00  3.39375947e-01 
 4.07380278e+08 -5.77513606e+00  3.47237982e-01 
 4.16869383e+08 -5.77427458e+00  3.55280080e-01 
 4.26579519e+08 -5.77337274e+00  3.63506217e-01 
 4.36515832e+08 -5.77242865e+00  3.71920447e-01 
 4.46683592e+08 -5.77144036e+00  3.80526901e-01 
 4.57088190e+08 -5.77040580e+00  3.89329790e-01 
 4.67735141e+08 -5.76932283e+00  3.98333402e-01 
 4.78630092e+08 -5.76818919e+00  4.07542106e-01 
 4.89778819e+08 -5.76700254e+00  4.16960351e-01 
 5.01187234e+08 -5.76576041e+00  4.26592667e-01 
 5.12861384e+08 -5.76446024e+00  4.36443663e-01 
 5.24807460e+08 -5.76309933e+00  4.46518032e-01 
 5.37031796e+08 -5.76167488e+00  4.56820544e-01 
 5.49540874e+08 -5.76018395e+00  4.67356053e-01 
 5.62341325e+08 -5.75862346e+00  4.78129493e-01 
 5.75439937e+08 -5.75699020e+00  4.89145877e-01 
 5.88843655e+08 -5.75528083e+00  5.00410299e-01 
 6.02559586e+08 -5.75349184e+00  5.11927931e-01 
 6.16595002e+08 -5.75161956e+00  5.23704025e-01 
 6.30957344e+08 -5.74966016e+00  5.35743909e-01 
 6.45654229e+08 -5.74760965e+00  5.48052985e-01 
 6.60693448e+08 -5.74546385e+00  5.60636732e-01 
 6.76082975e+08 -5.74321840e+00  5.73500701e-01 
 6.91830971e+08 -5.74086875e+00  5.86650511e-01 
 7.07945784e+08 -5.73841013e+00  6.00091853e-01 
 7.24435960e+08 -5.73583758e+00  6.13830478e-01 
 7.41310241e+08 -5.73314592e+00  6.27872204e-01 
 7.58577575e+08 -5.73032973e+00  6.42222906e-01 
 7.76247117e+08 -5.72738336e+00  6.56888513e-01 
 7.94328235e+08 -5.72430093e+00  6.71875005e-01 
 8.12830516e+08 -5.72107629e+00  6.87188411e-01 
 8.31763771e+08 -5.71770302e+00  7.02834797e-01 
 8.51138038e+08 -5.71417444e+00  7.18820266e-01 
 8.70963590e+08 -5.71048357e+00  7.35150950e-01 
 8.91250938e+08 -5.70662315e+00  7.51833005e-01 
 9.12010839e+08 -5.70258560e+00  7.68872598e-01 
 9.33254301e+08 -5.69836303e+00  7.86275907e-01 
 9.54992586e+08 -5.69394721e+00  8.04049103e-01 
 9.77237221e+08 -5.68932958e+00  8.22198351e-01 
 1.00000000e+09 -5.68450122e+00  8.40729791e-01 
 1.02329299e+09 -5.67945285e+00  8.59649529e-01 
 1.04712855e+09 -5.67417480e+00  8.78963627e-01 
 1.07151931e+09 -5.66865704e+00  8.98678091e-01 
 1.09647820e+09 -5.66288910e+00  9.18798852e-01 
 1.12201845e+09 -5.65686013e+00  9.39331754e-01 
 1.14815362e+09 -5.65055882e+00  9.60282540e-01 
 1.17489755e+09 -5.64397345e+00  9.81656831e-01 
 1.20226443e+09 -5.63709182e+00  1.00346011e+00 
 1.23026877e+09 -5.62990130e+00  1.02569770e+00 
 1.25892541e+09 -5.62238875e+00  1.04837474e+00 
 1.28824955e+09 -5.61454057e+00  1.07149618e+00 
 1.31825674e+09 -5.60634263e+00  1.09506673e+00 
 1.34896288e+09 -5.59778032e+00  1.11909085e+00 
 1.38038426e+09 -5.58883848e+00  1.14357274e+00 
 1.41253754e+09 -5.57950144e+00  1.16851626e+00 
 1.44543977e+09 -5.56975298e+00  1.19392497e+00 
 1.47910839e+09 -5.55957634e+00  1.21980202e+00 
 1.51356125e+09 -5.54895417e+00  1.24615020e+00 
 1.54881662e+09 -5.53786861e+00  1.27297183e+00 
 1.58489319e+09 -5.52630118e+00  1.30026877e+00 
 1.62181010e+09 -5.51423285e+00  1.32804236e+00 
 1.65958691e+09 -5.50164402e+00  1.35629337e+00 
 1.69824365e+09 -5.48851450e+00  1.38502199e+00 
 1.73780083e+09 -5.47482353e+00  1.41422777e+00 
 1.77827941e+09 -5.46054979e+00  1.44390955e+00 
 1.81970086e+09 -5.44567138e+00  1.47406544e+00 
 1.86208714e+09 -5.43016584e+00  1.50469275e+00 
 1.90546072e+09 -5.41401018e+00  1.53578797e+00 
 1.94984460e+09 -5.39718086e+00  1.56734666e+00 
 1.99526231e+09 -5.37965385e+00  1.59936345e+00 
 2.04173794e+09 -5.36140459e+00  1.63183195e+00 
 2.08929613e+09 -5.34240809e+00  1.66474471e+00 
 2.13796209e+09 -5.32263889e+00  1.69809314e+00 
 2.18776162e+09 -5.30207115e+00  1.73186746e+00 
 2.23872114e+09 -5.28067863e+00  1.76605664e+00 
 2.29086765e+09 -5.25843478e+00  1.80064833e+00 
 2.34422882e+09 -5.23531280e+00  1.83562883e+00 
 2.39883292e+09 -5.21128562e+00  1.87098295e+00 
 2.45470892e+09 -5.18632603e+00  1.90669404e+00 
 2.51188643e+09 -5.16040673e+00  1.94274387e+00 
 2.57039578e+09 -5.13350039e+00  1.97911259e+00 
 2.63026799e+09 -5.10557971e+00  2.01577867e+00 
 2.69153480e+09 -5.07661755e+00  2.05271883e+00 
 2.75422870e+09 -5.04658701e+00  2.08990801e+00 
 2.81838293e+09 -5.01546148e+00  2.12731932e+00 
 2.88403150e+09 -4.98321483e+00  2.16492397e+00 
 2.95120923e+09 -4.94982144e+00  2.20269125e+00 
 3.01995172e+09 -4.91525638e+00  2.24058850e+00 
 3.09029543e+09 -4.87949551e+00  2.27858106e+00 
 3.16227766e+09 -4.84251561e+00  2.31663228e+00 
 3.23593657e+09 -4.80429452e+00  2.35470347e+00 
 3.31131121e+09 -4.76481132e+00  2.39275395e+00 
 3.38844156e+09 -4.72404642e+00  2.43074099e+00 
 3.46736850e+09 -4.68198176e+00  2.46861989e+00 
 3.54813389e+09 -4.63860098e+00  2.50634397e+00 
 3.63078055e+09 -4.59388953e+00  2.54386462e+00 
 3.71535229e+09 -4.54783490e+00  2.58113137e+00 
 3.80189396e+09 -4.50042672e+00  2.61809194e+00 
 3.89045145e+09 -4.45165699e+00  2.65469232e+00 
 3.98107171e+09 -4.40152022e+00  2.69087690e+00 
 4.07380278e+09 -4.35001359e+00  2.72658856e+00 
 4.16869383e+09 -4.29713712e+00  2.76176878e+00 
 4.26579519e+09 -4.24289381e+00  2.79635784e+00 
 4.36515832e+09 -4.18728983e+00  2.83029493e+00 
 4.46683592e+09 -4.13033461e+00  2.86351835e+00 
 4.57088190e+09 -4.07204099e+00  2.89596573e+00 
 4.67735141e+09 -4.01242536e+00  2.92757420e+00 
 4.78630092e+09 -3.95150773e+00  2.95828062e+00 
 4.89778819e+09 -3.88931184e+00  2.98802184e+00 
 5.01187234e+09 -3.82586521e+00  3.01673496e+00 
 5.12861384e+09 -3.76119922e+00  3.04435754e+00 
 5.24807460e+09 -3.69534912e+00  3.07082793e+00 
 5.37031796e+09 -3.62835405e+00  3.09608551e+00 
 5.49540874e+09 -3.56025700e+00  3.12007102e+00 
 5.62341325e+09 -3.49110482e+00  3.14272679e+00 
 5.75439937e+09 -3.42094811e+00  3.16399709e+00 
 5.88843655e+09 -3.34984113e+00  3.18382840e+00 
 6.02559586e+09 -3.27784174e+00  3.20216968e+00 
 6.16595002e+09 -3.20501117e+00  3.21897266e+00 
 6.30957344e+09 -3.13141395e+00  3.23419215e+00 
 6.45654229e+09 -3.05711761e+00  3.24778622e+00 
 6.60693448e+09 -2.98219255e+00  3.25971654e+00 
 6.76082975e+09 -2.90671176e+00  3.26994853e+00 
 6.91830971e+09 -2.83075054e+00  3.27845161e+00 
 7.07945784e+09 -2.75438627e+00  3.28519938e+00 
 7.24435960e+09 -2.67769804e+00  3.29016979e+00 
 7.41310241e+09 -2.60076640e+00  3.29334525e+00 
 7.58577575e+09 -2.52367299e+00  3.29471276e+00 
 7.76247117e+09 -2.44650020e+00  3.29426400e+00 
 7.94328235e+09 -2.36933087e+00  3.29199535e+00 
 8.12830516e+09 -2.29224788e+00  3.28790794e+00 
 8.31763771e+09 -2.21533386e+00  3.28200763e+00 
 8.51138038e+09 -2.13867078e+00  3.27430495e+00 
 8.70963590e+09 -2.06233969e+00  3.26481505e+00 
 8.91250938e+09 -1.98642031e+00  3.25355762e+00 
 9.12010839e+09 -1.91099075e+00  3.24055669e+00 
 9.33254301e+09 -1.83612721e+00  3.22584057e+00 
 9.54992586e+09 -1.76190368e+00  3.20944157e+00 
 9.77237221e+09 -1.68839166e+00  3.19139590e+00 
 1.00000000e+10 -1.61565993e+00  3.17174335e+00 
 1.02329299e+10 -1.54377432e+00  3.15052712e+00 
 1.04712855e+10 -1.47279750e+00  3.12779355e+00 
 1.07151931e+10 -1.40278884e+00  3.10359181e+00 
 1.09647820e+10 -1.33380418e+00  3.07797367e+00 
 1.12201845e+10 -1.26589582e+00  3.05099320e+00 
 1.14815362e+10 -1.19911231e+00  3.02270647e+00 
 1.17489755e+10 -1.13349847e+00  2.99317128e+00 
 1.20226443e+10 -1.06909529e+00  2.96244683e+00 
 1.23026877e+10 -1.00593991e+00  2.93059348e+00 
 1.25892541e+10 -9.44065683e-01  2.89767244e+00 
 1.28824955e+10 -8.83502117e-01  2.86374551e+00 
 1.31825674e+10 -8.24274984e-01  2.82887480e+00 
 1.34896288e+10 -7.66406363e-01  2.79312248e+00 
 1.38038426e+10 -7.09914728e-01  2.75655057e+00 
 1.41253754e+10 -6.54815051e-01  2.71922065e+00 
 1.44543977e+10 -6.01118919e-01  2.68119372e+00 
 1.47910839e+10 -5.48834659e-01  2.64252995e+00 
 1.51356125e+10 -4.97967481e-01  2.60328852e+00 
 1.54881662e+10 -4.48519624e-01  2.56352745e+00 
 1.58489319e+10 -4.00490516e-01  2.52330348e+00 
 1.62181010e+10 -3.53876927e-01  2.48267188e+00 
 1.65958691e+10 -3.08673146e-01  2.44168640e+00 
 1.69824365e+10 -2.64871137e-01  2.40039913e+00 
 1.73780083e+10 -2.22460718e-01  2.35886041e+00 
 1.77827941e+10 -1.81429724e-01  2.31711882e+00 
 1.81970086e+10 -1.41764176e-01  2.27522106e+00 
 1.86208714e+10 -1.03448445e-01  2.23321194e+00 
 1.90546072e+10 -6.64654136e-02  2.19113435e+00 
 1.94984460e+10 -3.07966353e-02  2.14902926e+00 
 1.99526231e+10  3.57751733e-03  2.10693569e+00 
 2.04173794e+10  3.66777044e-02  2.06489072e+00 
 2.08929613e+10  6.85254789e-02  2.02292953e+00 
 2.13796209e+10  9.91431539e-02  1.98108540e+00 
 2.18776162e+10  1.28553675e-01  1.93938977e+00 
 2.23872114e+10  1.56780504e-01  1.89787223e+00 
 2.29086765e+10  1.83847503e-01  1.85656061e+00 
 2.34422882e+10  2.09778834e-01  1.81548104e+00 
 2.39883292e+10  2.34598860e-01  1.77465795e+00 
 2.45470892e+10  2.58332057e-01  1.73411418e+00 
 2.51188643e+10  2.81002931e-01  1.69387102e+00 
 2.57039578e+10  3.02635945e-01  1.65394828e+00 
 2.63026799e+10  3.23255452e-01  1.61436436e+00 
 2.69153480e+10  3.42885634e-01  1.57513629e+00 
 2.75422870e+10  3.61550448e-01  1.53627986e+00 
 2.81838293e+10  3.79273580e-01  1.49780963e+00 
 2.88403150e+10  3.96078407e-01  1.45973901e+00 
 2.95120923e+10  4.11987958e-01  1.42208037e+00 
 3.01995172e+10  4.27024889e-01  1.38484506e+00 
 3.09029543e+10  4.41211459e-01  1.34804348e+00 
 3.16227766e+10  4.54569510e-01  1.31168519e+00 
 3.23593657e+10  4.67120460e-01  1.27577891e+00 
 3.31131121e+10  4.78885288e-01  1.24033263e+00 
 3.38844156e+10  4.89884535e-01  1.20535366e+00 
 3.46736850e+10  5.00138303e-01  1.17084866e+00 
 3.54813389e+10  5.09666257e-01  1.13682372e+00 
 3.63078055e+10  5.18487636e-01  1.10328440e+00 
 3.71535229e+10  5.26621261e-01  1.07023579e+00 
 3.80189396e+10  5.34085551e-01  1.03768253e+00 
 3.89045145e+10  5.40898535e-01  1.00562888e+00 
 3.98107171e+10  5.47077877e-01  9.74078738e-01 
 4.07380278e+10  5.52640890e-01  9.43035678e-01 
 4.16869383e+10  5.57604562e-01  9.12502989e-01 
 4.26579519e+10  5.61985577e-01  8.82483698e-01 
 4.36515832e+10  5.65800343e-01  8.52980592e-01 
 4.46683592e+10  5.69065013e-01  8.23996242e-01 
 4.57088190e+10  5.71795514e-01  7.95533015e-01 
 4.67735141e+10  5.74007573e-01  7.67593094e-01 
 4.78630092e+10  5.75716741e-01  7.40178482e-01 
 4.89778819e+10  5.76938417e-01  7.13291012e-01 
 5.01187234e+10  5.77687878e-01  6.86932348e-01 
 5.12861384e+10  5.77980298e-01  6.61103986e-01 
 5.24807460e+10  5.77830772e-01  6.35807251e-01 
 5.37031796e+10  5.77254334e-01  6.11043290e-01 
 5.49540874e+10  5.76265981e-01  5.86813067e-01 
 5.62341325e+10  5.74880685e-01  5.63117344e-01 
 5.75439937e+10  5.73113410e-01  5.39956676e-01 
 5.88843655e+10  5.70979124e-01  5.17331391e-01 
 6.02559586e+10  5.68492806e-01  4.95241575e-01 
 6.16595002e+10  5.65669455e-01  4.73687052e-01 
 6.30957344e+10  5.62524090e-01  4.52667366e-01 
 6.45654229e+10  5.59071755e-01  4.32181758e-01 
 6.60693448e+10  5.55327515e-01  4.12229152e-01 
 6.76082975e+10  5.51306445e-01  3.92808124e-01 
 6.91830971e+10  5.47023630e-01  3.73916893e-01 
 7.07945784e+10  5.42494144e-01  3.55553291e-01 
 7.24435960e+10  5.37733044e-01  3.37714754e-01 
 7.41310241e+10  5.32755344e-01  3.20398295e-01 
 7.58577575e+10  5.27576000e-01  3.03600495e-01 
 7.76247117e+10  5.22209885e-01  2.87317486e-01 
 7.94328235e+10  5.16671767e-01  2.71544941e-01 
 8.12830516e+10  5.10976276e-01  2.56278061e-01 
 8.31763771e+10  5.05137881e-01  2.41511572e-01 
 8.51138038e+10  4.99170859e-01  2.27239718e-01 
 8.70963590e+10  4.93089261e-01  2.13456262e-01 
 8.91250938e+10  4.86906882e-01  2.00154483e-01 
 9.12010839e+10  4.80637229e-01  1.87327187e-01 
 9.33254301e+10  4.74293489e-01  1.74966706e-01 
 9.54992586e+10  4.67888492e-01  1.63064916e-01 
 9.77237221e+10  4.61434687e-01  1.51613246e-01 
 1.00000000e+11  4.54944103e-01  1.40602692e-01 
 1.02329299e+11  4.48428322e-01  1.30023840e-01 
 1.04712855e+11  4.41898450e-01  1.19866882e-01 
 1.07151931e+11  4.35365088e-01  1.10121642e-01 
 1.09647820e+11  4.28838306e-01  1.00777598e-01 
 1.12201845e+11  4.22327617e-01  9.18239115e-02 
 1.14815362e+11  4.15841951e-01  8.32494535e-02 
 1.17489755e+11  4.09389638e-01  7.50428347e-02 
 1.20226443e+11  4.02978383e-01  6.71924364e-02 
 1.23026877e+11  3.96615245e-01  5.96864422e-02 
 1.25892541e+11  3.90306622e-01  5.25128712e-02 
 1.28824955e+11  3.84058232e-01  4.56596113e-02 
 1.31825674e+11  3.77875092e-01  3.91144542e-02 
 1.34896288e+11  3.71761506e-01  3.28651311e-02 
 1.38038426e+11  3.65721046e-01  2.68993494e-02 
 1.41253754e+11  3.59756532e-01  2.12048313e-02 
 1.44543977e+11  3.53870016e-01  1.57693544e-02 
 1.47910839e+11  3.48062763e-01  1.05807944e-02 
 1.51356125e+11  3.42335227e-01  5.62717184e-03 
 1.54881662e+11  3.36687030e-01  8.96702631e-04 
 1.58489319e+11  3.31116936e-01 -3.62214508e-03 
 1.62181010e+11  3.25622827e-01 -7.94058712e-03 
 1.65958691e+11  3.20201669e-01 -1.20694501e-02 
 1.69824365e+11  3.14849488e-01 -1.60190865e-02 
 1.73780083e+11  3.09561335e-01 -1.97992760e-02 
 1.77827941e+11  3.04331265e-01 -2.34191085e-02 
 1.81970086e+11  2.99152308e-01 -2.68868474e-02 
 1.86208714e+11  2.94016460e-01 -3.02097679e-02 
 1.90546072e+11  2.88914683e-01 -3.33939665e-02 
 1.94984460e+11  2.83836924e-01 -3.64441396e-02 
 1.99526231e+11  2.78772177e-01 -3.93633268e-02 
 2.04173794e+11  2.73708578e-01 -4.21526187e-02 
 2.08929613e+11  2.68633568e-01 -4.48108299e-02 
 2.13796209e+11  2.63534143e-01 -4.73341434e-02 
 2.18776162e+11  2.58397191e-01 -4.97157383e-02 
 2.23872114e+11  2.53209976e-01 -5.19454206e-02 
 2.29086765e+11  2.47960767e-01 -5.40092895e-02 
 2.34422882e+11  2.42639635e-01 -5.58894863e-02 
 2.39883292e+11  2.37239444e-01 -5.75640865e-02 
 2.45470892e+11  2.31757009e-01 -5.90072144e-02 
 2.51188643e+11  2.26194394e-01 -6.01894710e-02 
 2.57039578e+11  2.20560275e-01 -6.10787679e-02 
 2.63026799e+11  2.14871231e-01 -6.16416500e-02 
 2.69153480e+11  2.09152804e-01 -6.18451494e-02 
 2.75422870e+11  2.03440098e-01 -6.16591498e-02 
 2.81838293e+11  1.97777676e-01 -6.10591461e-02 
 2.88403150e+11  1.92218569e-01 -6.00291674e-02 
 2.95120923e+11  1.86822252e-01 -5.85645280e-02 
 3.01995172e+11  1.81651623e-01 -5.66739956e-02 
 3.09029543e+11  1.76769192e-01 -5.43809684e-02 
 3.16227766e+11  1.72232884e-01 -5.17233510e-02 
 3.23593657e+11  1.68091960e-01 -4.87520023e-02 
 3.31131121e+11  1.64383639e-01 -4.55278760e-02 
 3.38844156e+11  1.61130849e-01 -4.21182042e-02 
 3.46736850e+11  1.58341393e-01 -3.85922412e-02 
 3.54813389e+11  1.56008532e-01 -3.50171286e-02 
 3.63078055e+11  1.54112761e-01 -3.14543721e-02 
 3.71535229e+11  1.52624421e-01 -2.79572558e-02 
 3.80189396e+11  1.51506696e-01 -2.45693248e-02 
 3.89045145e+11  1.50718610e-01 -2.13238870e-02 
 3.98107171e+11  1.50217710e-01 -1.82443570e-02 
 4.07380278e+11  1.49962258e-01 -1.53452033e-02 
 4.16869383e+11  1.49912853e-01 -1.26332536e-02 
 4.26579519e+11  1.50033502e-01 -1.01091438e-02 
 4.36515832e+11  1.50292220e-01 -7.76875071e-03 
 4.46683592e+11  1.50661240e-01 -5.60450096e-03 
 4.57088190e+11  1.51116950e-01 -3.60649860e-03 
 4.67735141e+11  1.51639640e-01 -1.76345013e-03 
 4.78630092e+11  1.52213146e-01 -6.33911992e-05 
 4.89778819e+11  1.52824430e-01  1.50576574e-03 
 5.01187234e+11  1.53463164e-01  2.95583667e-03 
 5.12861384e+11  1.54121315e-01  4.29809588e-03 
 5.24807460e+11  1.54792776e-01  5.54310388e-03 
 5.37031796e+11  1.55473025e-01  6.70060980e-03 
 5.49540874e+11  1.56158839e-01  7.77950859e-03 
 5.62341325e+11  1.56848039e-01  8.78783716e-03 
 5.75439937e+11  1.57539282e-01  9.73279701e-03 
 5.88843655e+11  1.58231884e-01  1.06207939e-02 
 6.02559586e+11  1.58925677e-01  1.14574877e-02 
 6.16595002e+11  1.59620888e-01  1.22478470e-02 
 6.30957344e+11  1.60318043e-01  1.29962058e-02 
 6.45654229e+11  1.61017892e-01  1.37063185e-02 
 6.60693448e+11  1.61721341e-01  1.43814132e-02 
 6.76082975e+11  1.62429406e-01  1.50242415e-02 
 6.91830971e+11  1.63143175e-01  1.56371236e-02 
 7.07945784e+11  1.63863769e-01  1.62219910e-02 
 7.24435960e+11  1.64592325e-01  1.67804234e-02 
 7.41310241e+11  1.65329970e-01  1.73136833e-02 
 7.58577575e+11  1.66077811e-01  1.78227459e-02 
 7.76247117e+11  1.66836915e-01  1.83083261e-02 
 7.94328235e+11  1.67608308e-01  1.87709029e-02 
 8.12830516e+11  1.68392958e-01  1.92107402e-02 
 8.31763771e+11  1.69191777e-01  1.96279063e-02 
 8.51138038e+11  1.70005606e-01  2.00222901e-02 
 8.70963590e+11  1.70835220e-01  2.03936169e-02 
 8.91250938e+11  1.71681316e-01  2.07414610e-02 
 9.12010839e+11  1.72544515e-01  2.10652588e-02 
 9.33254301e+11  1.73425354e-01  2.13643189e-02 
 9.54992586e+11  1.74324285e-01  2.16378329e-02 
 9.77237221e+11  1.75241671e-01  2.18848846e-02 
 1.00000000e+12  1.76177783e-01  2.21044584e-02 
