 frequency       (ac1.vout1)     (ac1.vout1)    
 1.00000000e+01 -2.22829366e+01  2.70768744e-05 
 1.02329299e+01 -2.22829366e+01  2.77075758e-05 
 1.04712855e+01 -2.22829366e+01  2.83529682e-05 
 1.07151931e+01 -2.22829366e+01  2.90133936e-05 
 1.09647820e+01 -2.22829366e+01  2.96892024e-05 
 1.12201845e+01 -2.22829366e+01  3.03807527e-05 
 1.14815362e+01 -2.22829366e+01  3.10884114e-05 
 1.17489755e+01 -2.22829366e+01  3.18125535e-05 
 1.20226443e+01 -2.22829366e+01  3.25535631e-05 
 1.23026877e+01 -2.22829366e+01  3.33118330e-05 
 1.25892541e+01 -2.22829366e+01  3.40877652e-05 
 1.28824955e+01 -2.22829366e+01  3.48817713e-05 
 1.31825674e+01 -2.22829366e+01  3.56942721e-05 
 1.34896288e+01 -2.22829366e+01  3.65256985e-05 
 1.38038426e+01 -2.22829366e+01  3.73764913e-05 
 1.41253754e+01 -2.22829366e+01  3.82471017e-05 
 1.44543977e+01 -2.22829366e+01  3.91379911e-05 
 1.47910839e+01 -2.22829366e+01  4.00496320e-05 
 1.51356125e+01 -2.22829366e+01  4.09825078e-05 
 1.54881662e+01 -2.22829366e+01  4.19371130e-05 
 1.58489319e+01 -2.22829366e+01  4.29139539e-05 
 1.62181010e+01 -2.22829366e+01  4.39135483e-05 
 1.65958691e+01 -2.22829366e+01  4.49364262e-05 
 1.69824365e+01 -2.22829366e+01  4.59831300e-05 
 1.73780083e+01 -2.22829366e+01  4.70542147e-05 
 1.77827941e+01 -2.22829366e+01  4.81502482e-05 
 1.81970086e+01 -2.22829366e+01  4.92718116e-05 
 1.86208714e+01 -2.22829366e+01  5.04194995e-05 
 1.90546072e+01 -2.22829366e+01  5.15939205e-05 
 1.94984460e+01 -2.22829366e+01  5.27956973e-05 
 1.99526231e+01 -2.22829366e+01  5.40254671e-05 
 2.04173794e+01 -2.22829366e+01  5.52838818e-05 
 2.08929613e+01 -2.22829366e+01  5.65716089e-05 
 2.13796209e+01 -2.22829366e+01  5.78893309e-05 
 2.18776162e+01 -2.22829366e+01  5.92377467e-05 
 2.23872114e+01 -2.22829366e+01  6.06175710e-05 
 2.29086765e+01 -2.22829366e+01  6.20295357e-05 
 2.34422882e+01 -2.22829366e+01  6.34743891e-05 
 2.39883292e+01 -2.22829366e+01  6.49528976e-05 
 2.45470892e+01 -2.22829366e+01  6.64658449e-05 
 2.51188643e+01 -2.22829366e+01  6.80140334e-05 
 2.57039578e+01 -2.22829366e+01  6.95982837e-05 
 2.63026799e+01 -2.22829366e+01  7.12194360e-05 
 2.69153480e+01 -2.22829366e+01  7.28783498e-05 
 2.75422870e+01 -2.22829366e+01  7.45759046e-05 
 2.81838293e+01 -2.22829366e+01  7.63130006e-05 
 2.88403150e+01 -2.22829366e+01  7.80905587e-05 
 2.95120923e+01 -2.22829366e+01  7.99095215e-05 
 3.01995172e+01 -2.22829366e+01  8.17708534e-05 
 3.09029543e+01 -2.22829366e+01  8.36755412e-05 
 3.16227766e+01 -2.22829366e+01  8.56245950e-05 
 3.23593657e+01 -2.22829366e+01  8.76190480e-05 
 3.31131121e+01 -2.22829366e+01  8.96599578e-05 
 3.38844156e+01 -2.22829366e+01  9.17484065e-05 
 3.46736850e+01 -2.22829366e+01  9.38855014e-05 
 3.54813389e+01 -2.22829366e+01  9.60723757e-05 
 3.63078055e+01 -2.22829366e+01  9.83101888e-05 
 3.71535229e+01 -2.22829366e+01  1.00600127e-04 
 3.80189396e+01 -2.22829366e+01  1.02943405e-04 
 3.89045145e+01 -2.22829366e+01  1.05341265e-04 
 3.98107171e+01 -2.22829366e+01  1.07794978e-04 
 4.07380278e+01 -2.22829366e+01  1.10305846e-04 
 4.16869383e+01 -2.22829366e+01  1.12875199e-04 
 4.26579519e+01 -2.22829366e+01  1.15504400e-04 
 4.36515832e+01 -2.22829366e+01  1.18194844e-04 
 4.46683592e+01 -2.22829366e+01  1.20947955e-04 
 4.57088190e+01 -2.22829366e+01  1.23765195e-04 
 4.67735141e+01 -2.22829366e+01  1.26648057e-04 
 4.78630092e+01 -2.22829366e+01  1.29598069e-04 
 4.89778819e+01 -2.22829366e+01  1.32616796e-04 
 5.01187234e+01 -2.22829366e+01  1.35705838e-04 
 5.12861384e+01 -2.22829366e+01  1.38866833e-04 
 5.24807460e+01 -2.22829366e+01  1.42101457e-04 
 5.37031796e+01 -2.22829366e+01  1.45411425e-04 
 5.49540874e+01 -2.22829366e+01  1.48798492e-04 
 5.62341325e+01 -2.22829366e+01  1.52264454e-04 
 5.75439937e+01 -2.22829366e+01  1.55811149e-04 
 5.88843655e+01 -2.22829366e+01  1.59440457e-04 
 6.02559586e+01 -2.22829366e+01  1.63154302e-04 
 6.16595002e+01 -2.22829366e+01  1.66954654e-04 
 6.30957344e+01 -2.22829366e+01  1.70843528e-04 
 6.45654229e+01 -2.22829366e+01  1.74822985e-04 
 6.60693448e+01 -2.22829366e+01  1.78895135e-04 
 6.76082975e+01 -2.22829366e+01  1.83062138e-04 
 6.91830971e+01 -2.22829366e+01  1.87326203e-04 
 7.07945784e+01 -2.22829366e+01  1.91689591e-04 
 7.24435960e+01 -2.22829366e+01  1.96154615e-04 
 7.41310241e+01 -2.22829366e+01  2.00723643e-04 
 7.58577575e+01 -2.22829366e+01  2.05399097e-04 
 7.76247117e+01 -2.22829366e+01  2.10183457e-04 
 7.94328235e+01 -2.22829366e+01  2.15079258e-04 
 8.12830516e+01 -2.22829366e+01  2.20089098e-04 
 8.31763771e+01 -2.22829366e+01  2.25215631e-04 
 8.51138038e+01 -2.22829366e+01  2.30461577e-04 
 8.70963590e+01 -2.22829366e+01  2.35829717e-04 
 8.91250938e+01 -2.22829366e+01  2.41322897e-04 
 9.12010839e+01 -2.22829366e+01  2.46944029e-04 
 9.33254301e+01 -2.22829366e+01  2.52696095e-04 
 9.54992586e+01 -2.22829366e+01  2.58582143e-04 
 9.77237221e+01 -2.22829366e+01  2.64605295e-04 
 1.00000000e+02 -2.22829366e+01  2.70768744e-04 
 1.02329299e+02 -2.22829366e+01  2.77075758e-04 
 1.04712855e+02 -2.22829366e+01  2.83529682e-04 
 1.07151931e+02 -2.22829366e+01  2.90133936e-04 
 1.09647820e+02 -2.22829366e+01  2.96892024e-04 
 1.12201845e+02 -2.22829366e+01  3.03807527e-04 
 1.14815362e+02 -2.22829366e+01  3.10884114e-04 
 1.17489755e+02 -2.22829366e+01  3.18125535e-04 
 1.20226443e+02 -2.22829366e+01  3.25535631e-04 
 1.23026877e+02 -2.22829366e+01  3.33118330e-04 
 1.25892541e+02 -2.22829366e+01  3.40877652e-04 
 1.28824955e+02 -2.22829366e+01  3.48817713e-04 
 1.31825674e+02 -2.22829366e+01  3.56942721e-04 
 1.34896288e+02 -2.22829366e+01  3.65256985e-04 
 1.38038426e+02 -2.22829366e+01  3.73764913e-04 
 1.41253754e+02 -2.22829366e+01  3.82471016e-04 
 1.44543977e+02 -2.22829366e+01  3.91379911e-04 
 1.47910839e+02 -2.22829366e+01  4.00496320e-04 
 1.51356125e+02 -2.22829366e+01  4.09825078e-04 
 1.54881662e+02 -2.22829366e+01  4.19371130e-04 
 1.58489319e+02 -2.22829366e+01  4.29139539e-04 
 1.62181010e+02 -2.22829366e+01  4.39135483e-04 
 1.65958691e+02 -2.22829366e+01  4.49364262e-04 
 1.69824365e+02 -2.22829366e+01  4.59831300e-04 
 1.73780083e+02 -2.22829366e+01  4.70542147e-04 
 1.77827941e+02 -2.22829366e+01  4.81502482e-04 
 1.81970086e+02 -2.22829366e+01  4.92718115e-04 
 1.86208714e+02 -2.22829366e+01  5.04194995e-04 
 1.90546072e+02 -2.22829366e+01  5.15939205e-04 
 1.94984460e+02 -2.22829366e+01  5.27956973e-04 
 1.99526231e+02 -2.22829366e+01  5.40254670e-04 
 2.04173794e+02 -2.22829366e+01  5.52838818e-04 
 2.08929613e+02 -2.22829366e+01  5.65716088e-04 
 2.13796209e+02 -2.22829366e+01  5.78893309e-04 
 2.18776162e+02 -2.22829366e+01  5.92377466e-04 
 2.23872114e+02 -2.22829366e+01  6.06175710e-04 
 2.29086765e+02 -2.22829366e+01  6.20295356e-04 
 2.34422882e+02 -2.22829366e+01  6.34743891e-04 
 2.39883292e+02 -2.22829366e+01  6.49528976e-04 
 2.45470892e+02 -2.22829366e+01  6.64658449e-04 
 2.51188643e+02 -2.22829366e+01  6.80140333e-04 
 2.57039578e+02 -2.22829366e+01  6.95982836e-04 
 2.63026799e+02 -2.22829366e+01  7.12194359e-04 
 2.69153480e+02 -2.22829366e+01  7.28783497e-04 
 2.75422870e+02 -2.22829366e+01  7.45759045e-04 
 2.81838293e+02 -2.22829366e+01  7.63130005e-04 
 2.88403150e+02 -2.22829366e+01  7.80905586e-04 
 2.95120923e+02 -2.22829366e+01  7.99095214e-04 
 3.01995172e+02 -2.22829366e+01  8.17708533e-04 
 3.09029543e+02 -2.22829366e+01  8.36755411e-04 
 3.16227766e+02 -2.22829366e+01  8.56245948e-04 
 3.23593657e+02 -2.22829366e+01  8.76190479e-04 
 3.31131121e+02 -2.22829366e+01  8.96599577e-04 
 3.38844156e+02 -2.22829366e+01  9.17484063e-04 
 3.46736850e+02 -2.22829366e+01  9.38855013e-04 
 3.54813389e+02 -2.22829366e+01  9.60723755e-04 
 3.63078055e+02 -2.22829366e+01  9.83101886e-04 
 3.71535229e+02 -2.22829366e+01  1.00600127e-03 
 3.80189396e+02 -2.22829366e+01  1.02943405e-03 
 3.89045145e+02 -2.22829366e+01  1.05341265e-03 
 3.98107171e+02 -2.22829366e+01  1.07794978e-03 
 4.07380278e+02 -2.22829366e+01  1.10305846e-03 
 4.16869383e+02 -2.22829366e+01  1.12875199e-03 
 4.26579519e+02 -2.22829366e+01  1.15504400e-03 
 4.36515832e+02 -2.22829366e+01  1.18194843e-03 
 4.46683592e+02 -2.22829366e+01  1.20947955e-03 
 4.57088190e+02 -2.22829366e+01  1.23765195e-03 
 4.67735141e+02 -2.22829366e+01  1.26648056e-03 
 4.78630092e+02 -2.22829366e+01  1.29598068e-03 
 4.89778819e+02 -2.22829366e+01  1.32616795e-03 
 5.01187234e+02 -2.22829366e+01  1.35705837e-03 
 5.12861384e+02 -2.22829366e+01  1.38866832e-03 
 5.24807460e+02 -2.22829365e+01  1.42101456e-03 
 5.37031796e+02 -2.22829365e+01  1.45411424e-03 
 5.49540874e+02 -2.22829365e+01  1.48798491e-03 
 5.62341325e+02 -2.22829365e+01  1.52264454e-03 
 5.75439937e+02 -2.22829365e+01  1.55811148e-03 
 5.88843655e+02 -2.22829365e+01  1.59440456e-03 
 6.02559586e+02 -2.22829365e+01  1.63154301e-03 
 6.16595002e+02 -2.22829365e+01  1.66954653e-03 
 6.30957344e+02 -2.22829365e+01  1.70843527e-03 
 6.45654229e+02 -2.22829365e+01  1.74822983e-03 
 6.60693448e+02 -2.22829365e+01  1.78895134e-03 
 6.76082975e+02 -2.22829365e+01  1.83062137e-03 
 6.91830971e+02 -2.22829365e+01  1.87326202e-03 
 7.07945784e+02 -2.22829365e+01  1.91689589e-03 
 7.24435960e+02 -2.22829365e+01  1.96154613e-03 
 7.41310241e+02 -2.22829365e+01  2.00723641e-03 
 7.58577575e+02 -2.22829365e+01  2.05399095e-03 
 7.76247117e+02 -2.22829364e+01  2.10183455e-03 
 7.94328235e+02 -2.22829364e+01  2.15079256e-03 
 8.12830516e+02 -2.22829364e+01  2.20089096e-03 
 8.31763771e+02 -2.22829364e+01  2.25215629e-03 
 8.51138038e+02 -2.22829364e+01  2.30461575e-03 
 8.70963590e+02 -2.22829364e+01  2.35829715e-03 
 8.91250938e+02 -2.22829364e+01  2.41322894e-03 
 9.12010839e+02 -2.22829364e+01  2.46944026e-03 
 9.33254301e+02 -2.22829364e+01  2.52696092e-03 
 9.54992586e+02 -2.22829363e+01  2.58582139e-03 
 9.77237221e+02 -2.22829363e+01  2.64605291e-03 
 1.00000000e+03 -2.22829363e+01  2.70768740e-03 
 1.02329299e+03 -2.22829363e+01  2.77075754e-03 
 1.04712855e+03 -2.22829363e+01  2.83529677e-03 
 1.07151931e+03 -2.22829363e+01  2.90133931e-03 
 1.09647820e+03 -2.22829362e+01  2.96892019e-03 
 1.12201845e+03 -2.22829362e+01  3.03807522e-03 
 1.14815362e+03 -2.22829362e+01  3.10884108e-03 
 1.17489755e+03 -2.22829362e+01  3.18125529e-03 
 1.20226443e+03 -2.22829362e+01  3.25535624e-03 
 1.23026877e+03 -2.22829361e+01  3.33118322e-03 
 1.25892541e+03 -2.22829361e+01  3.40877645e-03 
 1.28824955e+03 -2.22829361e+01  3.48817705e-03 
 1.31825674e+03 -2.22829361e+01  3.56942712e-03 
 1.34896288e+03 -2.22829360e+01  3.65256976e-03 
 1.38038426e+03 -2.22829360e+01  3.73764903e-03 
 1.41253754e+03 -2.22829360e+01  3.82471006e-03 
 1.44543977e+03 -2.22829360e+01  3.91379899e-03 
 1.47910839e+03 -2.22829359e+01  4.00496308e-03 
 1.51356125e+03 -2.22829359e+01  4.09825064e-03 
 1.54881662e+03 -2.22829359e+01  4.19371116e-03 
 1.58489319e+03 -2.22829358e+01  4.29139523e-03 
 1.62181010e+03 -2.22829358e+01  4.39135466e-03 
 1.65958691e+03 -2.22829357e+01  4.49364244e-03 
 1.69824365e+03 -2.22829357e+01  4.59831281e-03 
 1.73780083e+03 -2.22829357e+01  4.70542127e-03 
 1.77827941e+03 -2.22829356e+01  4.81502460e-03 
 1.81970086e+03 -2.22829356e+01  4.92718092e-03 
 1.86208714e+03 -2.22829355e+01  5.04194970e-03 
 1.90546072e+03 -2.22829355e+01  5.15939178e-03 
 1.94984460e+03 -2.22829354e+01  5.27956944e-03 
 1.99526231e+03 -2.22829353e+01  5.40254640e-03 
 2.04173794e+03 -2.22829353e+01  5.52838785e-03 
 2.08929613e+03 -2.22829352e+01  5.65716053e-03 
 2.13796209e+03 -2.22829352e+01  5.78893271e-03 
 2.18776162e+03 -2.22829351e+01  5.92377426e-03 
 2.23872114e+03 -2.22829350e+01  6.06175667e-03 
 2.29086765e+03 -2.22829349e+01  6.20295310e-03 
 2.34422882e+03 -2.22829349e+01  6.34743842e-03 
 2.39883292e+03 -2.22829348e+01  6.49528923e-03 
 2.45470892e+03 -2.22829347e+01  6.64658392e-03 
 2.51188643e+03 -2.22829346e+01  6.80140272e-03 
 2.57039578e+03 -2.22829345e+01  6.95982771e-03 
 2.63026799e+03 -2.22829344e+01  7.12194289e-03 
 2.69153480e+03 -2.22829343e+01  7.28783422e-03 
 2.75422870e+03 -2.22829342e+01  7.45758965e-03 
 2.81838293e+03 -2.22829341e+01  7.63129919e-03 
 2.88403150e+03 -2.22829339e+01  7.80905494e-03 
 2.95120923e+03 -2.22829338e+01  7.99095115e-03 
 3.01995172e+03 -2.22829337e+01  8.17708427e-03 
 3.09029543e+03 -2.22829335e+01  8.36755298e-03 
 3.16227766e+03 -2.22829334e+01  8.56245827e-03 
 3.23593657e+03 -2.22829332e+01  8.76190349e-03 
 3.31131121e+03 -2.22829331e+01  8.96599437e-03 
 3.38844156e+03 -2.22829329e+01  9.17483914e-03 
 3.46736850e+03 -2.22829327e+01  9.38854853e-03 
 3.54813389e+03 -2.22829326e+01  9.60723584e-03 
 3.63078055e+03 -2.22829324e+01  9.83101702e-03 
 3.71535229e+03 -2.22829322e+01  1.00600107e-02 
 3.80189396e+03 -2.22829320e+01  1.02943384e-02 
 3.89045145e+03 -2.22829317e+01  1.05341242e-02 
 3.98107171e+03 -2.22829315e+01  1.07794954e-02 
 4.07380278e+03 -2.22829313e+01  1.10305820e-02 
 4.16869383e+03 -2.22829310e+01  1.12875171e-02 
 4.26579519e+03 -2.22829307e+01  1.15504370e-02 
 4.36515832e+03 -2.22829305e+01  1.18194811e-02 
 4.46683592e+03 -2.22829302e+01  1.20947921e-02 
 4.57088190e+03 -2.22829299e+01  1.23765158e-02 
 4.67735141e+03 -2.22829295e+01  1.26648017e-02 
 4.78630092e+03 -2.22829292e+01  1.29598026e-02 
 4.89778819e+03 -2.22829289e+01  1.32616750e-02 
 5.01187234e+03 -2.22829285e+01  1.35705789e-02 
 5.12861384e+03 -2.22829281e+01  1.38866780e-02 
 5.24807460e+03 -2.22829277e+01  1.42101401e-02 
 5.37031796e+03 -2.22829273e+01  1.45411365e-02 
 5.49540874e+03 -2.22829269e+01  1.48798428e-02 
 5.62341325e+03 -2.22829264e+01  1.52264385e-02 
 5.75439937e+03 -2.22829259e+01  1.55811075e-02 
 5.88843655e+03 -2.22829254e+01  1.59440378e-02 
 6.02559586e+03 -2.22829249e+01  1.63154217e-02 
 6.16595002e+03 -2.22829243e+01  1.66954563e-02 
 6.30957344e+03 -2.22829237e+01  1.70843430e-02 
 6.45654229e+03 -2.22829231e+01  1.74822880e-02 
 6.60693448e+03 -2.22829225e+01  1.78895023e-02 
 6.76082975e+03 -2.22829218e+01  1.83062018e-02 
 6.91830971e+03 -2.22829211e+01  1.87326074e-02 
 7.07945784e+03 -2.22829204e+01  1.91689453e-02 
 7.24435960e+03 -2.22829196e+01  1.96154467e-02 
 7.41310241e+03 -2.22829188e+01  2.00723485e-02 
 7.58577575e+03 -2.22829180e+01  2.05398928e-02 
 7.76247117e+03 -2.22829171e+01  2.10183275e-02 
 7.94328235e+03 -2.22829162e+01  2.15079064e-02 
 8.12830516e+03 -2.22829152e+01  2.20088890e-02 
 8.31763771e+03 -2.22829142e+01  2.25215408e-02 
 8.51138038e+03 -2.22829132e+01  2.30461338e-02 
 8.70963590e+03 -2.22829121e+01  2.35829461e-02 
 8.91250938e+03 -2.22829109e+01  2.41322622e-02 
 9.12010839e+03 -2.22829097e+01  2.46943735e-02 
 9.33254301e+03 -2.22829084e+01  2.52695779e-02 
 9.54992586e+03 -2.22829071e+01  2.58581805e-02 
 9.77237221e+03 -2.22829057e+01  2.64604933e-02 
 1.00000000e+04 -2.22829042e+01  2.70768356e-02 
 1.02329299e+04 -2.22829027e+01  2.77075343e-02 
 1.04712855e+04 -2.22829011e+01  2.83529236e-02 
 1.07151931e+04 -2.22828994e+01  2.90133459e-02 
 1.09647820e+04 -2.22828977e+01  2.96891513e-02 
 1.12201845e+04 -2.22828958e+01  3.03806980e-02 
 1.14815362e+04 -2.22828939e+01  3.10883527e-02 
 1.17489755e+04 -2.22828919e+01  3.18124906e-02 
 1.20226443e+04 -2.22828898e+01  3.25534957e-02 
 1.23026877e+04 -2.22828876e+01  3.33117608e-02 
 1.25892541e+04 -2.22828853e+01  3.40876879e-02 
 1.28824955e+04 -2.22828829e+01  3.48816884e-02 
 1.31825674e+04 -2.22828803e+01  3.56941833e-02 
 1.34896288e+04 -2.22828777e+01  3.65256033e-02 
 1.38038426e+04 -2.22828749e+01  3.73763893e-02 
 1.41253754e+04 -2.22828720e+01  3.82469924e-02 
 1.44543977e+04 -2.22828689e+01  3.91378740e-02 
 1.47910839e+04 -2.22828657e+01  4.00495065e-02 
 1.51356125e+04 -2.22828624e+01  4.09823733e-02 
 1.54881662e+04 -2.22828589e+01  4.19369690e-02 
 1.58489319e+04 -2.22828552e+01  4.29137995e-02 
 1.62181010e+04 -2.22828514e+01  4.39133829e-02 
 1.65958691e+04 -2.22828474e+01  4.49362490e-02 
 1.69824365e+04 -2.22828432e+01  4.59829401e-02 
 1.73780083e+04 -2.22828388e+01  4.70540112e-02 
 1.77827941e+04 -2.22828342e+01  4.81500302e-02 
 1.81970086e+04 -2.22828293e+01  4.92715779e-02 
 1.86208714e+04 -2.22828243e+01  5.04192491e-02 
 1.90546072e+04 -2.22828190e+01  5.15936522e-02 
 1.94984460e+04 -2.22828134e+01  5.27954098e-02 
 1.99526231e+04 -2.22828076e+01  5.40251591e-02 
 2.04173794e+04 -2.22828016e+01  5.52835518e-02 
 2.08929613e+04 -2.22827952e+01  5.65712553e-02 
 2.13796209e+04 -2.22827885e+01  5.78889520e-02 
 2.18776162e+04 -2.22827815e+01  5.92373407e-02 
 2.23872114e+04 -2.22827742e+01  6.06171360e-02 
 2.29086765e+04 -2.22827666e+01  6.20290695e-02 
 2.34422882e+04 -2.22827586e+01  6.34738897e-02 
 2.39883292e+04 -2.22827502e+01  6.49523624e-02 
 2.45470892e+04 -2.22827414e+01  6.64652715e-02 
 2.51188643e+04 -2.22827322e+01  6.80134188e-02 
 2.57039578e+04 -2.22827225e+01  6.95976253e-02 
 2.63026799e+04 -2.22827125e+01  7.12187305e-02 
 2.69153480e+04 -2.22827019e+01  7.28775938e-02 
 2.75422870e+04 -2.22826908e+01  7.45750945e-02 
 2.81838293e+04 -2.22826792e+01  7.63121326e-02 
 2.88403150e+04 -2.22826671e+01  7.80896286e-02 
 2.95120923e+04 -2.22826544e+01  7.99085249e-02 
 3.01995172e+04 -2.22826411e+01  8.17697855e-02 
 3.09029543e+04 -2.22826272e+01  8.36743970e-02 
 3.16227766e+04 -2.22826126e+01  8.56233689e-02 
 3.23593657e+04 -2.22825973e+01  8.76177342e-02 
 3.31131121e+04 -2.22825813e+01  8.96585501e-02 
 3.38844156e+04 -2.22825646e+01  9.17468981e-02 
 3.46736850e+04 -2.22825471e+01  9.38838851e-02 
 3.54813389e+04 -2.22825287e+01  9.60706438e-02 
 3.63078055e+04 -2.22825095e+01  9.83083330e-02 
 3.71535229e+04 -2.22824893e+01  1.00598139e-01 
 3.80189396e+04 -2.22824683e+01  1.02941275e-01 
 3.89045145e+04 -2.22824462e+01  1.05338982e-01 
 3.98107171e+04 -2.22824231e+01  1.07792532e-01 
 4.07380278e+04 -2.22823989e+01  1.10303225e-01 
 4.16869383e+04 -2.22823735e+01  1.12872391e-01 
 4.26579519e+04 -2.22823470e+01  1.15501391e-01 
 4.36515832e+04 -2.22823192e+01  1.18191619e-01 
 4.46683592e+04 -2.22822901e+01  1.20944500e-01 
 4.57088190e+04 -2.22822596e+01  1.23761492e-01 
 4.67735141e+04 -2.22822277e+01  1.26644089e-01 
 4.78630092e+04 -2.22821943e+01  1.29593818e-01 
 4.89778819e+04 -2.22821593e+01  1.32612240e-01 
 5.01187234e+04 -2.22821227e+01  1.35700957e-01 
 5.12861384e+04 -2.22820844e+01  1.38861603e-01 
 5.24807460e+04 -2.22820442e+01  1.42095853e-01 
 5.37031796e+04 -2.22820021e+01  1.45405420e-01 
 5.49540874e+04 -2.22819581e+01  1.48792058e-01 
 5.62341325e+04 -2.22819120e+01  1.52257560e-01 
 5.75439937e+04 -2.22818637e+01  1.55803761e-01 
 5.88843655e+04 -2.22818131e+01  1.59432541e-01 
 6.02559586e+04 -2.22817602e+01  1.63145820e-01 
 6.16595002e+04 -2.22817047e+01  1.66945565e-01 
 6.30957344e+04 -2.22816467e+01  1.70833789e-01 
 6.45654229e+04 -2.22815859e+01  1.74812549e-01 
 6.60693448e+04 -2.22815222e+01  1.78883953e-01 
 6.76082975e+04 -2.22814556e+01  1.83050157e-01 
 6.91830971e+04 -2.22813858e+01  1.87313365e-01 
 7.07945784e+04 -2.22813127e+01  1.91675835e-01 
 7.24435960e+04 -2.22812362e+01  1.96139875e-01 
 7.41310241e+04 -2.22811560e+01  2.00707849e-01 
 7.58577575e+04 -2.22810721e+01  2.05382174e-01 
 7.76247117e+04 -2.22809843e+01  2.10165323e-01 
 7.94328235e+04 -2.22808923e+01  2.15059828e-01 
 8.12830516e+04 -2.22807959e+01  2.20068278e-01 
 8.31763771e+04 -2.22806950e+01  2.25193322e-01 
 8.51138038e+04 -2.22805894e+01  2.30437673e-01 
 8.70963590e+04 -2.22804788e+01  2.35804103e-01 
 8.91250938e+04 -2.22803630e+01  2.41295451e-01 
 9.12010839e+04 -2.22802417e+01  2.46914621e-01 
 9.33254301e+04 -2.22801147e+01  2.52664583e-01 
 9.54992586e+04 -2.22799817e+01  2.58548378e-01 
 9.77237221e+04 -2.22798425e+01  2.64569115e-01 
 1.00000000e+05 -2.22796967e+01  2.70729977e-01 
 1.02329299e+05 -2.22795440e+01  2.77034219e-01 
 1.04712855e+05 -2.22793842e+01  2.83485172e-01 
 1.07151931e+05 -2.22792168e+01  2.90086243e-01 
 1.09647820e+05 -2.22790415e+01  2.96840920e-01 
 1.12201845e+05 -2.22788579e+01  3.03752770e-01 
 1.14815362e+05 -2.22786658e+01  3.10825440e-01 
 1.17489755e+05 -2.22784645e+01  3.18062666e-01 
 1.20226443e+05 -2.22782538e+01  3.25468266e-01 
 1.23026877e+05 -2.22780331e+01  3.33046147e-01 
 1.25892541e+05 -2.22778021e+01  3.40800309e-01 
 1.28824955e+05 -2.22775602e+01  3.48734838e-01 
 1.31825674e+05 -2.22773069e+01  3.56853921e-01 
 1.34896288e+05 -2.22770416e+01  3.65161835e-01 
 1.38038426e+05 -2.22767639e+01  3.73662959e-01 
 1.41253754e+05 -2.22764730e+01  3.82361772e-01 
 1.44543977e+05 -2.22761685e+01  3.91262855e-01 
 1.47910839e+05 -2.22758496e+01  4.00370894e-01 
 1.51356125e+05 -2.22755157e+01  4.09690684e-01 
 1.54881662e+05 -2.22751661e+01  4.19227126e-01 
 1.58489319e+05 -2.22748000e+01  4.28985238e-01 
 1.62181010e+05 -2.22744167e+01  4.38970150e-01 
 1.65958691e+05 -2.22740153e+01  4.49187108e-01 
 1.69824365e+05 -2.22735951e+01  4.59641479e-01 
 1.73780083e+05 -2.22731550e+01  4.70338754e-01 
 1.77827941e+05 -2.22726942e+01  4.81284547e-01 
 1.81970086e+05 -2.22722117e+01  4.92484599e-01 
 1.86208714e+05 -2.22717065e+01  5.03944783e-01 
 1.90546072e+05 -2.22711775e+01  5.15671104e-01 
 1.94984460e+05 -2.22706237e+01  5.27669705e-01 
 1.99526231e+05 -2.22700437e+01  5.39946865e-01 
 2.04173794e+05 -2.22694364e+01  5.52509008e-01 
 2.08929613e+05 -2.22688006e+01  5.65362700e-01 
 2.13796209e+05 -2.22681348e+01  5.78514658e-01 
 2.18776162e+05 -2.22674377e+01  5.91971747e-01 
 2.23872114e+05 -2.22667078e+01  6.05740988e-01 
 2.29086765e+05 -2.22659435e+01  6.19829559e-01 
 2.34422882e+05 -2.22651433e+01  6.34244798e-01 
 2.39883292e+05 -2.22643054e+01  6.48994208e-01 
 2.45470892e+05 -2.22634281e+01  6.64085457e-01 
 2.51188643e+05 -2.22625095e+01  6.79526386e-01 
 2.57039578e+05 -2.22615477e+01  6.95325008e-01 
 2.63026799e+05 -2.22605407e+01  7.11489515e-01 
 2.69153480e+05 -2.22594863e+01  7.28028278e-01 
 2.75422870e+05 -2.22583823e+01  7.44949853e-01 
 2.81838293e+05 -2.22572264e+01  7.62262984e-01 
 2.88403150e+05 -2.22560162e+01  7.79976607e-01 
 2.95120923e+05 -2.22547490e+01  7.98099850e-01 
 3.01995172e+05 -2.22534223e+01  8.16642044e-01 
 3.09029543e+05 -2.22520333e+01  8.35612718e-01 
 3.16227766e+05 -2.22505789e+01  8.55021609e-01 
 3.23593657e+05 -2.22490562e+01  8.74878664e-01 
 3.31131121e+05 -2.22474620e+01  8.95194041e-01 
 3.38844156e+05 -2.22457929e+01  9.15978116e-01 
 3.46736850e+05 -2.22440453e+01  9.37241486e-01 
 3.54813389e+05 -2.22422157e+01  9.58994970e-01 
 3.63078055e+05 -2.22403002e+01  9.81249617e-01 
 3.71535229e+05 -2.22382948e+01  1.00401670e+00 
 3.80189396e+05 -2.22361953e+01  1.02730775e+00 
 3.89045145e+05 -2.22339972e+01  1.05113450e+00 
 3.98107171e+05 -2.22316959e+01  1.07550895e+00 
 4.07380278e+05 -2.22292868e+01  1.10044333e+00 
 4.16869383e+05 -2.22267646e+01  1.12595015e+00 
 4.26579519e+05 -2.22241242e+01  1.15204212e+00 
 4.36515832e+05 -2.22213600e+01  1.17873226e+00 
 4.46683592e+05 -2.22184662e+01  1.20603379e+00 
 4.57088190e+05 -2.22154369e+01  1.23396025e+00 
 4.67735141e+05 -2.22122656e+01  1.26252540e+00 
 4.78630092e+05 -2.22089459e+01  1.29174327e+00 
 4.89778819e+05 -2.22054708e+01  1.32162818e+00 
 5.01187234e+05 -2.22018330e+01  1.35219470e+00 
 5.12861384e+05 -2.21980250e+01  1.38345769e+00 
 5.24807460e+05 -2.21940390e+01  1.41543225e+00 
 5.37031796e+05 -2.21898666e+01  1.44813380e+00 
 5.49540874e+05 -2.21854992e+01  1.48157799e+00 
 5.62341325e+05 -2.21809279e+01  1.51578079e+00 
 5.75439937e+05 -2.21761430e+01  1.55075841e+00 
 5.88843655e+05 -2.21711348e+01  1.58652735e+00 
 6.02559586e+05 -2.21658930e+01  1.62310439e+00 
 6.16595002e+05 -2.21604068e+01  1.66050659e+00 
 6.30957344e+05 -2.21546649e+01  1.69875127e+00 
 6.45654229e+05 -2.21486555e+01  1.73785601e+00 
 6.60693448e+05 -2.21423663e+01  1.77783870e+00 
 6.76082975e+05 -2.21357845e+01  1.81871744e+00 
 6.91830971e+05 -2.21288966e+01  1.86051064e+00 
 7.07945784e+05 -2.21216887e+01  1.90323693e+00 
 7.24435960e+05 -2.21141460e+01  1.94691520e+00 
 7.41310241e+05 -2.21062532e+01  1.99156459e+00 
 7.58577575e+05 -2.20979944e+01  2.03720447e+00 
 7.76247117e+05 -2.20893529e+01  2.08385443e+00 
 7.94328235e+05 -2.20803113e+01  2.13153428e+00 
 8.12830516e+05 -2.20708513e+01  2.18026404e+00 
 8.31763771e+05 -2.20609541e+01  2.23006391e+00 
 8.51138038e+05 -2.20505997e+01  2.28095427e+00 
 8.70963590e+05 -2.20397677e+01  2.33295568e+00 
 8.91250938e+05 -2.20284363e+01  2.38608881e+00 
 9.12010839e+05 -2.20165832e+01  2.44037449e+00 
 9.33254301e+05 -2.20041850e+01  2.49583364e+00 
 9.54992586e+05 -2.19912172e+01  2.55248727e+00 
 9.77237221e+05 -2.19776543e+01  2.61035643e+00 
 1.00000000e+06 -2.19634698e+01  2.66946223e+00 
 1.02329299e+06 -2.19486362e+01  2.72982576e+00 
 1.04712855e+06 -2.19331246e+01  2.79146809e+00 
 1.07151931e+06 -2.19169051e+01  2.85441022e+00 
 1.09647820e+06 -2.18999465e+01  2.91867306e+00 
 1.12201845e+06 -2.18822163e+01  2.98427735e+00 
 1.14815362e+06 -2.18636807e+01  3.05124369e+00 
 1.17489755e+06 -2.18443047e+01  3.11959240e+00 
 1.20226443e+06 -2.18240518e+01  3.18934356e+00 
 1.23026877e+06 -2.18028839e+01  3.26051688e+00 
 1.25892541e+06 -2.17807617e+01  3.33313171e+00 
 1.28824955e+06 -2.17576442e+01  3.40720692e+00 
 1.31825674e+06 -2.17334889e+01  3.48276086e+00 
 1.34896288e+06 -2.17082517e+01  3.55981131e+00 
 1.38038426e+06 -2.16818868e+01  3.63837536e+00 
 1.41253754e+06 -2.16543469e+01  3.71846936e+00 
 1.44543977e+06 -2.16255828e+01  3.80010884e+00 
 1.47910839e+06 -2.15955436e+01  3.88330840e+00 
 1.51356125e+06 -2.15641765e+01  3.96808163e+00 
 1.54881662e+06 -2.15314271e+01  4.05444098e+00 
 1.58489319e+06 -2.14972391e+01  4.14239770e+00 
 1.62181010e+06 -2.14615541e+01  4.23196170e+00 
 1.65958691e+06 -2.14243120e+01  4.32314142e+00 
 1.69824365e+06 -2.13854509e+01  4.41594373e+00 
 1.73780083e+06 -2.13449066e+01  4.51037377e+00 
 1.77827941e+06 -2.13026134e+01  4.60643486e+00 
 1.81970086e+06 -2.12585034e+01  4.70412830e+00 
 1.86208714e+06 -2.12125067e+01  4.80345325e+00 
 1.90546072e+06 -2.11645516e+01  4.90440657e+00 
 1.94984460e+06 -2.11145646e+01  5.00698265e+00 
 1.99526231e+06 -2.10624701e+01  5.11117325e+00 
 2.04173794e+06 -2.10081909e+01  5.21696732e+00 
 2.08929613e+06 -2.09516476e+01  5.32435081e+00 
 2.13796209e+06 -2.08927596e+01  5.43330648e+00 
 2.18776162e+06 -2.08314442e+01  5.54381376e+00 
 2.23872114e+06 -2.07676173e+01  5.65584846e+00 
 2.29086765e+06 -2.07011933e+01  5.76938264e+00 
 2.34422882e+06 -2.06320853e+01  5.88438440e+00 
 2.39883292e+06 -2.05602049e+01  6.00081765e+00 
 2.45470892e+06 -2.04854628e+01  6.11864188e+00 
 2.51188643e+06 -2.04077689e+01  6.23781203e+00 
 2.57039578e+06 -2.03270319e+01  6.35827819e+00 
 2.63026799e+06 -2.02431603e+01  6.47998545e+00 
 2.69153480e+06 -2.01560621e+01  6.60287367e+00 
 2.75422870e+06 -2.00656452e+01  6.72687728e+00 
 2.81838293e+06 -1.99718178e+01  6.85192510e+00 
 2.88403150e+06 -1.98744884e+01  6.97794015e+00 
 2.95120923e+06 -1.97735662e+01  7.10483943e+00 
 3.01995172e+06 -1.96689615e+01  7.23253385e+00 
 3.09029543e+06 -1.95605863e+01  7.36092796e+00 
 3.16227766e+06 -1.94483540e+01  7.48991992e+00 
 3.23593657e+06 -1.93321805e+01  7.61940132e+00 
 3.31131121e+06 -1.92119842e+01  7.74925711e+00 
 3.38844156e+06 -1.90876866e+01  7.87936555e+00 
 3.46736850e+06 -1.89592128e+01  8.00959812e+00 
 3.54813389e+06 -1.88264920e+01  8.13981956e+00 
 3.63078055e+06 -1.86894576e+01  8.26988785e+00 
 3.71535229e+06 -1.85480485e+01  8.39965431e+00 
 3.80189396e+06 -1.84022089e+01  8.52896366e+00 
 3.89045145e+06 -1.82518893e+01  8.65765418e+00 
 3.98107171e+06 -1.80970467e+01  8.78555787e+00 
 4.07380278e+06 -1.79376456e+01  8.91250073e+00 
 4.16869383e+06 -1.77736582e+01  9.03830296e+00 
 4.26579519e+06 -1.76050650e+01  9.16277937e+00 
 4.36515832e+06 -1.74318556e+01  9.28573969e+00 
 4.46683592e+06 -1.72540290e+01  9.40698906e+00 
 4.57088190e+06 -1.70715941e+01  9.52632849e+00 
 4.67735141e+06 -1.68845704e+01  9.64355541e+00 
 4.78630092e+06 -1.66929884e+01  9.75846427e+00 
 4.89778819e+06 -1.64968899e+01  9.87084717e+00 
 5.01187234e+06 -1.62963285e+01  9.98049462e+00 
 5.12861384e+06 -1.60913700e+01  1.00871962e+01 
 5.24807460e+06 -1.58820926e+01  1.01907415e+01 
 5.37031796e+06 -1.56685872e+01  1.02909207e+01 
 5.49540874e+06 -1.54509574e+01  1.03875259e+01 
 5.62341325e+06 -1.52293201e+01  1.04803514e+01 
 5.75439937e+06 -1.50038049e+01  1.05691954e+01 
 5.88843655e+06 -1.47745543e+01  1.06538601e+01 
 6.02559586e+06 -1.45417238e+01  1.07341535e+01 
 6.16595002e+06 -1.43054814e+01  1.08098897e+01 
 6.30957344e+06 -1.40660074e+01  1.08808905e+01 
 6.45654229e+06 -1.38234941e+01  1.09469858e+01 
 6.60693448e+06 -1.35781450e+01  1.10080148e+01 
 6.76082975e+06 -1.33301746e+01  1.10638270e+01 
 6.91830971e+06 -1.30798078e+01  1.11142828e+01 
 7.07945784e+06 -1.28272786e+01  1.11592547e+01 
 7.24435960e+06 -1.25728301e+01  1.11986275e+01 
 7.41310241e+06 -1.23167129e+01  1.12322998e+01 
 7.58577575e+06 -1.20591845e+01  1.12601839e+01 
 7.76247117e+06 -1.18005085e+01  1.12822067e+01 
 7.94328235e+06 -1.15409529e+01  1.12983101e+01 
 8.12830516e+06 -1.12807897e+01  1.13084513e+01 
 8.31763771e+06 -1.10202934e+01  1.13126033e+01 
 8.51138038e+06 -1.07597398e+01  1.13107547e+01 
 8.70963590e+06 -1.04994051e+01  1.13029102e+01 
 8.91250938e+06 -1.02395644e+01  1.12890902e+01 
 9.12010839e+06 -9.98049092e+00  1.12693308e+01 
 9.33254301e+06 -9.72245446e+00  1.12436838e+01 
 9.54992586e+06 -9.46572057e+00  1.12122159e+01 
 9.77237221e+06 -9.21054938e+00  1.11750087e+01 
 1.00000000e+07 -8.95719456e+00  1.11321581e+01 
 1.02329299e+07 -8.70590236e+00  1.10837733e+01 
 1.04712855e+07 -8.45691071e+00  1.10299768e+01 
 1.07151931e+07 -8.21044839e+00  1.09709032e+01 
 1.09647820e+07 -7.96673422e+00  1.09066983e+01 
 1.12201845e+07 -7.72597644e+00  1.08375188e+01 
 1.14815362e+07 -7.48837209e+00  1.07635308e+01 
 1.17489755e+07 -7.25410646e+00  1.06849093e+01 
 1.20226443e+07 -7.02335272e+00  1.06018370e+01 
 1.23026877e+07 -6.79627156e+00  1.05145033e+01 
 1.25892541e+07 -6.57301094e+00  1.04231036e+01 
 1.28824955e+07 -6.35370591e+00  1.03278381e+01 
 1.31825674e+07 -6.13847857e+00  1.02289108e+01 
 1.34896288e+07 -5.92743803e+00  1.01265289e+01 
 1.38038426e+07 -5.72068050e+00  1.00209011e+01 
 1.41253754e+07 -5.51828944e+00  9.91223785e+00 
 1.44543977e+07 -5.32033576e+00  9.80074939e+00 
 1.47910839e+07 -5.12687812e+00  9.68664564e+00 
 1.51356125e+07 -4.93796320e+00  9.57013511e+00 
 1.54881662e+07 -4.75362615e+00  9.45142430e+00 
 1.58489319e+07 -4.57389095e+00  9.33071697e+00 
 1.62181010e+07 -4.39877090e+00  9.20821355e+00 
 1.65958691e+07 -4.22826909e+00  9.08411056e+00 
 1.69824365e+07 -4.06237893e+00  8.95860011e+00 
 1.73780083e+07 -3.90108466e+00  8.83186943e+00 
 1.77827941e+07 -3.74436193e+00  8.70410046e+00 
 1.81970086e+07 -3.59217831e+00  8.57546953e+00 
 1.86208714e+07 -3.44449392e+00  8.44614703e+00 
 1.90546072e+07 -3.30126190e+00  8.31629719e+00 
 1.94984460e+07 -3.16242907e+00  8.18607784e+00 
 1.99526231e+07 -3.02793639e+00  8.05564029e+00 
 2.04173794e+07 -2.89771957e+00  7.92512920e+00 
 2.08929613e+07 -2.77170955e+00  7.79468250e+00 
 2.13796209e+07 -2.64983304e+00  7.66443137e+00 
 2.18776162e+07 -2.53201300e+00  7.53450021e+00 
 2.23872114e+07 -2.41816913e+00  7.40500671e+00 
 2.29086765e+07 -2.30821831e+00  7.27606188e+00 
 2.34422882e+07 -2.20207504e+00  7.14777012e+00 
 2.39883292e+07 -2.09965184e+00  7.02022937e+00 
 2.45470892e+07 -2.00085966e+00  6.89353118e+00 
 2.51188643e+07 -1.90560822e+00  6.76776092e+00 
 2.57039578e+07 -1.81380635e+00  6.64299787e+00 
 2.63026799e+07 -1.72536233e+00  6.51931545e+00 
 2.69153480e+07 -1.64018417e+00  6.39678136e+00 
 2.75422870e+07 -1.55817988e+00  6.27545781e+00 
 2.81838293e+07 -1.47925772e+00  6.15540168e+00 
 2.88403150e+07 -1.40332642e+00  6.03666475e+00 
 2.95120923e+07 -1.33029542e+00  5.91929391e+00 
 3.01995172e+07 -1.26007501e+00  5.80333135e+00 
 3.09029543e+07 -1.19257653e+00  5.68881477e+00 
 3.16227766e+07 -1.12771254e+00  5.57577762e+00 
 3.23593657e+07 -1.06539688e+00  5.46424925e+00 
 3.31131121e+07 -1.00554489e+00  5.35425520e+00 
 3.38844156e+07 -9.48073410e-01  5.24581732e+00 
 3.46736850e+07 -8.92900956e-01  5.13895402e+00 
 3.54813389e+07 -8.39947737e-01  5.03368042e+00 
 3.63078055e+07 -7.89135742e-01  4.93000861e+00 
 3.71535229e+07 -7.40388789e-01  4.82794776e+00 
 3.80189396e+07 -6.93632562e-01  4.72750433e+00 
 3.89045145e+07 -6.48794647e-01  4.62868225e+00 
 3.98107171e+07 -6.05804552e-01  4.53148307e+00 
 4.07380278e+07 -5.64593721e-01  4.43590614e+00 
 4.16869383e+07 -5.25095542e-01  4.34194873e+00 
 4.26579519e+07 -4.87245347e-01  4.24960620e+00 
 4.36515832e+07 -4.50980407e-01  4.15887215e+00 
 4.46683592e+07 -4.16239918e-01  4.06973853e+00 
 4.57088190e+07 -3.82964988e-01  3.98219579e+00 
 4.67735141e+07 -3.51098615e-01  3.89623296e+00 
 4.78630092e+07 -3.20585664e-01  3.81183782e+00 
 4.89778819e+07 -2.91372840e-01  3.72899700e+00 
 5.01187234e+07 -2.63408655e-01  3.64769602e+00 
 5.12861384e+07 -2.36643397e-01  3.56791948e+00 
 5.24807460e+07 -2.11029095e-01  3.48965110e+00 
 5.37031796e+07 -1.86519483e-01  3.41287378e+00 
 5.49540874e+07 -1.63069961e-01  3.33756977e+00 
 5.62341325e+07 -1.40637556e-01  3.26372065e+00 
 5.75439937e+07 -1.19180879e-01  3.19130747e+00 
 5.88843655e+07 -9.86600914e-02  3.12031080e+00 
 6.02559586e+07 -7.90368548e-02  3.05071076e+00 
 6.16595002e+07 -6.02742957e-02  2.98248714e+00 
 6.30957344e+07 -4.23369606e-02  2.91561940e+00 
 6.45654229e+07 -2.51907761e-02  2.85008676e+00 
 6.60693448e+07 -8.80300581e-03  2.78586821e+00 
 6.76082975e+07  6.85778960e-03  2.72294261e+00 
 6.91830971e+07  2.18217933e-02  2.66128867e+00 
 7.07945784e+07  3.61179733e-02  2.60088504e+00 
 7.24435960e+07  4.97741213e-02  2.54171031e+00 
 7.41310241e+07  6.28168914e-02  2.48374307e+00 
 7.58577575e+07  7.52718396e-02  2.42696190e+00 
 7.76247117e+07  8.71634598e-02  2.37134546e+00 
 7.94328235e+07  9.85152215e-02  2.31687246e+00 
 8.12830516e+07  1.09349604e-01  2.26352172e+00 
 8.31763771e+07  1.19688135e-01  2.21127216e+00 
 8.51138038e+07  1.29551418e-01  2.16010285e+00 
 8.70963590e+07  1.38959173e-01  2.10999301e+00 
 8.91250938e+07  1.47930261e-01  2.06092205e+00 
 9.12010839e+07  1.56482724e-01  2.01286953e+00 
 9.33254301e+07  1.64633805e-01  1.96581525e+00 
 9.54992586e+07  1.72399986e-01  1.91973920e+00 
 9.77237221e+07  1.79797011e-01  1.87462161e+00 
 1.00000000e+08  1.86839918e-01  1.83044292e+00 
 1.02329299e+08  1.93543058e-01  1.78718385e+00 
 1.04712855e+08  1.99920130e-01  1.74482535e+00 
 1.07151931e+08  2.05984199e-01  1.70334863e+00 
 1.09647820e+08  2.11747723e-01  1.66273516e+00 
 1.12201845e+08  2.17222573e-01  1.62296671e+00 
 1.14815362e+08  2.22420060e-01  1.58402529e+00 
 1.17489755e+08  2.27350951e-01  1.54589321e+00 
 1.20226443e+08  2.32025495e-01  1.50855307e+00 
 1.23026877e+08  2.36453438e-01  1.47198774e+00 
 1.25892541e+08  2.40644045e-01  1.43618040e+00 
 1.28824955e+08  2.44606117e-01  1.40111450e+00 
 1.31825674e+08  2.48348011e-01  1.36677381e+00 
 1.34896288e+08  2.51877654e-01  1.33314237e+00 
 1.38038426e+08  2.55202561e-01  1.30020453e+00 
 1.41253754e+08  2.58329853e-01  1.26794495e+00 
 1.44543977e+08  2.61266268e-01  1.23634858e+00 
 1.47910839e+08  2.64018178e-01  1.20540065e+00 
 1.51356125e+08  2.66591605e-01  1.17508673e+00 
 1.54881662e+08  2.68992232e-01  1.14539265e+00 
 1.58489319e+08  2.71225417e-01  1.11630457e+00 
 1.62181010e+08  2.73296206e-01  1.08780894e+00 
 1.65958691e+08  2.75209349e-01  1.05989250e+00 
 1.69824365e+08  2.76969305e-01  1.03254232e+00 
 1.73780083e+08  2.78580260e-01  1.00574573e+00 
 1.77827941e+08  2.80046137e-01  9.79490394e-01 
 1.81970086e+08  2.81370605e-01  9.53764258e-01 
 1.86208714e+08  2.82557094e-01  9.28555573e-01 
 1.90546072e+08  2.83608801e-01  9.03852888e-01 
 1.94984460e+08  2.84528706e-01  8.79645050e-01 
 1.99526231e+08  2.85319578e-01  8.55921206e-01 
 2.04173794e+08  2.85983988e-01  8.32670799e-01 
 2.08929613e+08  2.86524318e-01  8.09883571e-01 
 2.13796209e+08  2.86942773e-01  7.87549561e-01 
 2.18776162e+08  2.87241389e-01  7.65659104e-01 
 2.23872114e+08  2.87422045e-01  7.44202831e-01 
 2.29086765e+08  2.87486471e-01  7.23171668e-01 
 2.34422882e+08  2.87436262e-01  7.02556838e-01 
 2.39883292e+08  2.87272883e-01  6.82349856e-01 
 2.45470892e+08  2.86997686e-01  6.62542529e-01 
 2.51188643e+08  2.86611914e-01  6.43126958e-01 
 2.57039578e+08  2.86116716e-01  6.24095534e-01 
 2.63026799e+08  2.85513155e-01  6.05440936e-01 
 2.69153480e+08  2.84802223e-01  5.87156132e-01 
 2.75422870e+08  2.83984845e-01  5.69234372e-01 
 2.81838293e+08  2.83061897e-01  5.51669191e-01 
 2.88403150e+08  2.82034213e-01  5.34454405e-01 
 2.95120923e+08  2.80902599e-01  5.17584103e-01 
 3.01995172e+08  2.79667842e-01  5.01052651e-01 
 3.09029543e+08  2.78330723e-01  4.84854681e-01 
 3.16227766e+08  2.76892030e-01  4.68985090e-01 
 3.23593657e+08  2.75352564e-01  4.53439035e-01 
 3.31131121e+08  2.73713157e-01  4.38211924e-01 
 3.38844156e+08  2.71974683e-01  4.23299415e-01 
 3.46736850e+08  2.70138063e-01  4.08697400e-01 
 3.54813389e+08  2.68204283e-01  3.94402009e-01 
 3.63078055e+08  2.66174403e-01  3.80409588e-01 
 3.71535229e+08  2.64049566e-01  3.66716702e-01 
 3.80189396e+08  2.61831011e-01  3.53320116e-01 
 3.89045145e+08  2.59520082e-01  3.40216789e-01 
 3.98107171e+08  2.57118235e-01  3.27403859e-01 
 4.07380278e+08  2.54627050e-01  3.14878634e-01 
 4.16869383e+08  2.52048238e-01  3.02638575e-01 
 4.26579519e+08  2.49383650e-01  2.90681286e-01 
 4.36515832e+08  2.46635277e-01  2.79004496e-01 
 4.46683592e+08  2.43805266e-01  2.67606047e-01 
 4.57088190e+08  2.40895913e-01  2.56483875e-01 
 4.67735141e+08  2.37909678e-01  2.45635997e-01 
 4.78630092e+08  2.34849175e-01  2.35060492e-01 
 4.89778819e+08  2.31717184e-01  2.24755488e-01 
 5.01187234e+08  2.28516645e-01  2.14719140e-01 
 5.12861384e+08  2.25250655e-01  2.04949615e-01 
 5.24807460e+08  2.21922469e-01  1.95445078e-01 
 5.37031796e+08  2.18535495e-01  1.86203672e-01 
 5.49540874e+08  2.15093284e-01  1.77223501e-01 
 5.62341325e+08  2.11599530e-01  1.68502618e-01 
 5.75439937e+08  2.08058054e-01  1.60039007e-01 
 5.88843655e+08  2.04472800e-01  1.51830568e-01 
 6.02559586e+08  2.00847821e-01  1.43875104e-01 
 6.16595002e+08  1.97187268e-01  1.36170310e-01 
 6.30957344e+08  1.93495377e-01  1.28713759e-01 
 6.45654229e+08  1.89776455e-01  1.21502894e-01 
 6.60693448e+08  1.86034864e-01  1.14535016e-01 
 6.76082975e+08  1.82275006e-01  1.07807280e-01 
 6.91830971e+08  1.78501307e-01  1.01316687e-01 
 7.07945784e+08  1.74718201e-01  9.50600782e-02 
 7.24435960e+08  1.70930112e-01  8.90341361e-02 
 7.41310241e+08  1.67141437e-01  8.32353787e-02 
 7.58577575e+08  1.63356533e-01  7.76601619e-02 
 7.76247117e+08  1.59579693e-01  7.23046810e-02 
 7.94328235e+08  1.55815138e-01  6.71649739e-02 
 8.12830516e+08  1.52066995e-01  6.22369253e-02 
 8.31763771e+08  1.48339286e-01  5.75162736e-02 
 8.51138038e+08  1.44635911e-01  5.29986175e-02 
 8.70963590e+08  1.40960637e-01  4.86794250e-02 
 8.91250938e+08  1.37317086e-01  4.45540431e-02 
 9.12010839e+08  1.33708721e-01  4.06177080e-02 
 9.33254301e+08  1.30138837e-01  3.68655571e-02 
 9.54992586e+08  1.26610557e-01  3.32926406e-02 
 9.77237221e+08  1.23126817e-01  2.98939344e-02 
 1.00000000e+09  1.19690364e-01  2.66643534e-02 
 1.02329299e+09  1.16303754e-01  2.35987645e-02 
 1.04712855e+09  1.12969340e-01  2.06920006e-02 
 1.07151931e+09  1.09689281e-01  1.79388736e-02 
 1.09647820e+09  1.06465530e-01  1.53341883e-02 
 1.12201845e+09  1.03299842e-01  1.28727554e-02 
 1.14815362e+09  1.00193773e-01  1.05494046e-02 
 1.17489755e+09  9.71486804e-02  8.35899655e-03 
 1.20226443e+09  9.41657302e-02  6.29643552e-03 
 1.23026877e+09  9.12458981e-02  4.35668026e-03 
 1.25892541e+09  8.83899766e-02  2.53475487e-03 
 1.28824955e+09  8.55985804e-02  8.25758838e-04 
 1.31825674e+09  8.28721531e-02 -7.75123745e-04 
 1.34896288e+09  8.02109742e-02 -2.27261568e-03 
 1.38038426e+09  7.76151672e-02 -3.67133898e-03 
 1.41253754e+09  7.50847074e-02 -4.97580798e-03 
 1.44543977e+09  7.26194302e-02 -6.19042334e-03 
 1.47910839e+09  7.02190400e-02 -7.31946672e-03 
 1.51356125e+09  6.78831189e-02 -8.36709639e-03 
 1.54881662e+09  6.56111352e-02 -9.33734356e-03 
 1.58489319e+09  6.34024528e-02 -1.02341094e-02 
 1.62181010e+09  6.12563394e-02 -1.10611630e-02 
 1.65958691e+09  5.91719759e-02 -1.18221397e-02 
 1.69824365e+09  5.71484642e-02 -1.25205404e-02 
 1.73780083e+09  5.51848361e-02 -1.31597311e-02 
 1.77827941e+09  5.32800609e-02 -1.37429436e-02 
 1.81970086e+09  5.14330537e-02 -1.42732760e-02 
 1.86208714e+09  4.96426825e-02 -1.47536944e-02 
 1.90546072e+09  4.79077756e-02 -1.51870345e-02 
 1.94984460e+09  4.62271283e-02 -1.55760038e-02 
 1.99526231e+09  4.45995093e-02 -1.59231844e-02 
 2.04173794e+09  4.30236670e-02 -1.62310355e-02 
 2.08929613e+09  4.14983349e-02 -1.65018970e-02 
 2.13796209e+09  4.00222372e-02 -1.67379925e-02 
 2.18776162e+09  3.85940934e-02 -1.69414332e-02 
 2.23872114e+09  3.72126231e-02 -1.71142216e-02 
 2.29086765e+09  3.58765499e-02 -1.72582551e-02 
 2.34422882e+09  3.45846053e-02 -1.73753304e-02 
 2.39883292e+09  3.33355323e-02 -1.74671474e-02 
 2.45470892e+09  3.21280879e-02 -1.75353133e-02 
 2.51188643e+09  3.09610464e-02 -1.75813465e-02 
 2.57039578e+09  2.98332015e-02 -1.76066810e-02 
 2.63026799e+09  2.87433681e-02 -1.76126704e-02 
 2.69153480e+09  2.76903847e-02 -1.76005919e-02 
 2.75422870e+09  2.66731141e-02 -1.75716500e-02 
 2.81838293e+09  2.56904453e-02 -1.75269808e-02 
 2.88403150e+09  2.47412939e-02 -1.74676554e-02 
 2.95120923e+09  2.38246034e-02 -1.73946836e-02 
 3.01995172e+09  2.29393450e-02 -1.73090177e-02 
 3.09029543e+09  2.20845185e-02 -1.72115554e-02 
 3.16227766e+09  2.12591522e-02 -1.71031434e-02 
 3.23593657e+09  2.04623028e-02 -1.69845805e-02 
 3.31131121e+09  1.96930554e-02 -1.68566203e-02 
 3.38844156e+09  1.89505230e-02 -1.67199742e-02 
 3.46736850e+09  1.82338463e-02 -1.65753140e-02 
 3.54813389e+09  1.75421931e-02 -1.64232743e-02 
 3.63078055e+09  1.68747574e-02 -1.62644549e-02 
 3.71535229e+09  1.62307593e-02 -1.60994230e-02 
 3.80189396e+09  1.56094441e-02 -1.59287152e-02 
 3.89045145e+09  1.50100811e-02 -1.57528394e-02 
 3.98107171e+09  1.44319635e-02 -1.55722766e-02 
 4.07380278e+09  1.38744071e-02 -1.53874824e-02 
 4.16869383e+09  1.33367497e-02 -1.51988887e-02 
 4.26579519e+09  1.28183504e-02 -1.50069047e-02 
 4.36515832e+09  1.23185884e-02 -1.48119187e-02 
 4.46683592e+09  1.18368625e-02 -1.46142988e-02 
 4.57088190e+09  1.13725905e-02 -1.44143942e-02 
 4.67735141e+09  1.09252081e-02 -1.42125363e-02 
 4.78630092e+09  1.04941680e-02 -1.40090391e-02 
 4.89778819e+09  1.00789401e-02 -1.38042006e-02 
 5.01187234e+09  9.67900969e-03 -1.35983032e-02 
 5.12861384e+09  9.29387775e-03 -1.33916144e-02 
 5.24807460e+09  8.92305983e-03 -1.31843876e-02 
 5.37031796e+09  8.56608567e-03 -1.29768626e-02 
 5.49540874e+09  8.22249868e-03 -1.27692662e-02 
 5.62341325e+09  7.89185540e-03 -1.25618126e-02 
 5.75439937e+09  7.57372508e-03 -1.23547038e-02 
 5.88843655e+09  7.26768923e-03 -1.21481306e-02 
 6.02559586e+09  6.97334127e-03 -1.19422720e-02 
 6.16595002e+09  6.69028610e-03 -1.17372968e-02 
 6.30957344e+09  6.41813979e-03 -1.15333629e-02 
 6.45654229e+09  6.15652928e-03 -1.13306186e-02 
 6.60693448e+09  5.90509204e-03 -1.11292020e-02 
 6.76082975e+09  5.66347584e-03 -1.09292424e-02 
 6.91830971e+09  5.43133846e-03 -1.07308598e-02 
 7.07945784e+09  5.20834747e-03 -1.05341655e-02 
 7.24435960e+09  4.99417998e-03 -1.03392625e-02 
 7.41310241e+09  4.78852245e-03 -1.01462460e-02 
 7.58577575e+09  4.59107045e-03 -9.95520303e-03 
 7.76247117e+09  4.40152852e-03 -9.76621361e-03 
 7.94328235e+09  4.21960993e-03 -9.57935044e-03 
 8.12830516e+09  4.04503651e-03 -9.39467946e-03 
 8.31763771e+09  3.87753850e-03 -9.21226010e-03 
 8.51138038e+09  3.71685435e-03 -9.03214554e-03 
 8.70963590e+09  3.56273056e-03 -8.85438301e-03 
 8.91250938e+09  3.41492154e-03 -8.67901409e-03 
 9.12010839e+09  3.27318938e-03 -8.50607495e-03 
 9.33254301e+09  3.13730377e-03 -8.33559663e-03 
 9.54992586e+09  3.00704179e-03 -8.16760532e-03 
 9.77237221e+09  2.88218774e-03 -8.00212258e-03 
 1.00000000e+10  2.76253303e-03 -7.83916563e-03 
 1.02329299e+10  2.64787597e-03 -7.67874756e-03 
 1.04712855e+10  2.53802164e-03 -7.52087758e-03 
 1.07151931e+10  2.43278173e-03 -7.36556127e-03 
 1.09647820e+10  2.33197438e-03 -7.21280075e-03 
 1.12201845e+10  2.23542399e-03 -7.06259497e-03 
 1.14815362e+10  2.14296112e-03 -6.91493983e-03 
 1.17489755e+10  2.05442229e-03 -6.76982845e-03 
 1.20226443e+10  1.96964984e-03 -6.62725134e-03 
 1.23026877e+10  1.88849177e-03 -6.48719657e-03 
 1.25892541e+10  1.81080159e-03 -6.34964997e-03 
 1.28824955e+10  1.73643814e-03 -6.21459528e-03 
 1.31825674e+10  1.66526549e-03 -6.08201434e-03 
 1.34896288e+10  1.59715274e-03 -5.95188720e-03 
 1.38038426e+10  1.53197390e-03 -5.82419232e-03 
 1.41253754e+10  1.46960771e-03 -5.69890667e-03 
 1.44543977e+10  1.40993754e-03 -5.57600588e-03 
 1.47910839e+10  1.35285120e-03 -5.45546437e-03 
 1.51356125e+10  1.29824084e-03 -5.33725546e-03 
 1.54881662e+10  1.24600278e-03 -5.22135149e-03 
 1.58489319e+10  1.19603738e-03 -5.10772392e-03 
 1.62181010e+10  1.14824891e-03 -4.99634345e-03 
 1.65958691e+10  1.10254543e-03 -4.88718009e-03 
 1.69824365e+10  1.05883863e-03 -4.78020327e-03 
 1.73780083e+10  1.01704375e-03 -4.67538189e-03 
 1.77827941e+10  9.77079399e-04 -4.57268446e-03 
 1.81970086e+10  9.38867487e-04 -4.47207912e-03 
 1.86208714e+10  9.02333079e-04 -4.37353371e-03 
 1.90546072e+10  8.67404292e-04 -4.27701587e-03 
 1.94984460e+10  8.34012177e-04 -4.18249308e-03 
 1.99526231e+10  8.02090617e-04 -4.08993272e-03 
 2.04173794e+10  7.71576218e-04 -3.99930210e-03 
 2.08929613e+10  7.42408208e-04 -3.91056853e-03 
 2.13796209e+10  7.14528337e-04 -3.82369938e-03 
 2.18776162e+10  6.87880784e-04 -3.73866208e-03 
 2.23872114e+10  6.62412059e-04 -3.65542418e-03 
 2.29086765e+10  6.38070918e-04 -3.57395340e-03 
 2.34422882e+10  6.14808272e-04 -3.49421763e-03 
 2.39883292e+10  5.92577103e-04 -3.41618497e-03 
 2.45470892e+10  5.71332384e-04 -3.33982378e-03 
 2.51188643e+10  5.51030997e-04 -3.26510267e-03 
 2.57039578e+10  5.31631663e-04 -3.19199055e-03 
 2.63026799e+10  5.13094859e-04 -3.12045661e-03 
 2.69153480e+10  4.95382757e-04 -3.05047041e-03 
 2.75422870e+10  4.78459146e-04 -2.98200181e-03 
 2.81838293e+10  4.62289375e-04 -2.91502103e-03 
 2.88403150e+10  4.46840283e-04 -2.84949869e-03 
 2.95120923e+10  4.32080140e-04 -2.78540574e-03 
 3.01995172e+10  4.17978587e-04 -2.72271357e-03 
 3.09029543e+10  4.04506582e-04 -2.66139392e-03 
 3.16227766e+10  3.91636343e-04 -2.60141896e-03 
 3.23593657e+10  3.79341294e-04 -2.54276126e-03 
 3.31131121e+10  3.67596019e-04 -2.48539381e-03 
 3.38844156e+10  3.56376209e-04 -2.42929002e-03 
 3.46736850e+10  3.45658618e-04 -2.37442371e-03 
 3.54813389e+10  3.35421019e-04 -2.32076913e-03 
 3.63078055e+10  3.25642156e-04 -2.26830096e-03 
 3.71535229e+10  3.16301707e-04 -2.21699430e-03 
 3.80189396e+10  3.07380247e-04 -2.16682468e-03 
 3.89045145e+10  2.98859201e-04 -2.11776804e-03 
 3.98107171e+10  2.90720816e-04 -2.06980077e-03 
 4.07380278e+10  2.82948123e-04 -2.02289965e-03 
 4.16869383e+10  2.75524901e-04 -1.97704190e-03 
 4.26579519e+10  2.68435649e-04 -1.93220517e-03 
 4.36515832e+10  2.61665552e-04 -1.88836750e-03 
 4.46683592e+10  2.55200452e-04 -1.84550734e-03 
 4.57088190e+10  2.49026823e-04 -1.80360357e-03 
 4.67735141e+10  2.43131737e-04 -1.76263546e-03 
 4.78630092e+10  2.37502845e-04 -1.72258267e-03 
 4.89778819e+10  2.32128348e-04 -1.68342528e-03 
 5.01187234e+10  2.26996974e-04 -1.64514374e-03 
 5.12861384e+10  2.22097956e-04 -1.60771889e-03 
 5.24807460e+10  2.17421008e-04 -1.57113197e-03 
 5.37031796e+10  2.12956308e-04 -1.53536456e-03 
 5.49540874e+10  2.08694472e-04 -1.50039865e-03 
 5.62341325e+10  2.04626542e-04 -1.46621656e-03 
 5.75439937e+10  2.00743961e-04 -1.43280101e-03 
 5.88843655e+10  1.97038560e-04 -1.40013503e-03 
 6.02559586e+10  1.93502538e-04 -1.36820205e-03 
 6.16595002e+10  1.90128451e-04 -1.33698580e-03 
 6.30957344e+10  1.86909188e-04 -1.30647037e-03 
 6.45654229e+10  1.83837965e-04 -1.27664019e-03 
 6.60693448e+10  1.80908307e-04 -1.24748001e-03 
 6.76082975e+10  1.78114033e-04 -1.21897490e-03 
 6.91830971e+10  1.75449247e-04 -1.19111025e-03 
 7.07945784e+10  1.72908323e-04 -1.16387176e-03 
 7.24435960e+10  1.70485894e-04 -1.13724545e-03 
 7.41310241e+10  1.68176839e-04 -1.11121763e-03 
 7.58577575e+10  1.65976276e-04 -1.08577491e-03 
 7.76247117e+10  1.63879549e-04 -1.06090419e-03 
 7.94328235e+10  1.61882219e-04 -1.03659265e-03 
 8.12830516e+10  1.59980052e-04 -1.01282776e-03 
 8.31763771e+10  1.58169016e-04 -9.89597279e-04 
 8.51138038e+10  1.56445263e-04 -9.66889209e-04 
 8.70963590e+10  1.54805132e-04 -9.44691837e-04 
 8.91250938e+10  1.53245131e-04 -9.22993710e-04 
 9.12010839e+10  1.51761935e-04 -9.01783628e-04 
 9.33254301e+10  1.50352376e-04 -8.81050649e-04 
 9.54992586e+10  1.49013439e-04 -8.60784076e-04 
 9.77237221e+10  1.47742250e-04 -8.40973458e-04 
 1.00000000e+11  1.46536076e-04 -8.21608582e-04 
 1.02329299e+11  1.45392312e-04 -8.02679474e-04 
 1.04712855e+11  1.44308480e-04 -7.84176387e-04 
 1.07151931e+11  1.43282220e-04 -7.66089805e-04 
 1.09647820e+11  1.42311285e-04 -7.48410433e-04 
 1.12201845e+11  1.41393536e-04 -7.31129199e-04 
 1.14815362e+11  1.40526936e-04 -7.14237242e-04 
 1.17489755e+11  1.39709545e-04 -6.97725917e-04 
 1.20226443e+11  1.38939515e-04 -6.81586784e-04 
 1.23026877e+11  1.38215082e-04 -6.65811610e-04 
 1.25892541e+11  1.37534566e-04 -6.50392360e-04 
 1.28824955e+11  1.36896363e-04 -6.35321198e-04 
 1.31825674e+11  1.36298939e-04 -6.20590478e-04 
 1.34896288e+11  1.35740830e-04 -6.06192746e-04 
 1.38038426e+11  1.35220631e-04 -5.92120731e-04 
 1.41253754e+11  1.34736998e-04 -5.78367346e-04 
 1.44543977e+11  1.34288640e-04 -5.64925680e-04 
 1.47910839e+11  1.33874312e-04 -5.51788994e-04 
 1.51356125e+11  1.33492819e-04 -5.38950720e-04 
 1.54881662e+11  1.33143004e-04 -5.26404454e-04 
 1.58489319e+11  1.32823747e-04 -5.14143953e-04 
 1.62181010e+11  1.32533964e-04 -5.02163129e-04 
 1.65958691e+11  1.32272598e-04 -4.90456047e-04 
 1.69824365e+11  1.32038622e-04 -4.79016917e-04 
 1.73780083e+11  1.31831030e-04 -4.67840091e-04 
 1.77827941e+11  1.31648840e-04 -4.56920059e-04 
 1.81970086e+11  1.31491087e-04 -4.46251441e-04 
 1.86208714e+11  1.31356823e-04 -4.35828986e-04 
 1.90546072e+11  1.31245115e-04 -4.25647562e-04 
 1.94984460e+11  1.31155046e-04 -4.15702157e-04 
 1.99526231e+11  1.31085707e-04 -4.05987868e-04 
 2.04173794e+11  1.31036206e-04 -3.96499900e-04 
 2.08929613e+11  1.31005660e-04 -3.87233562e-04 
 2.13796209e+11  1.30993199e-04 -3.78184256e-04 
 2.18776162e+11  1.30997965e-04 -3.69347484e-04 
 2.23872114e+11  1.31019113e-04 -3.60718832e-04 
 2.29086765e+11  1.31055811e-04 -3.52293975e-04 
 2.34422882e+11  1.31107244e-04 -3.44068671e-04 
 2.39883292e+11  1.31172613e-04 -3.36038756e-04 
 2.45470892e+11  1.31251136e-04 -3.28200144e-04 
 2.51188643e+11  1.31342051e-04 -3.20548824e-04 
 2.57039578e+11  1.31444618e-04 -3.13080861e-04 
 2.63026799e+11  1.31558115e-04 -3.05792389e-04 
 2.69153480e+11  1.31681850e-04 -2.98679615e-04 
 2.75422870e+11  1.31815149e-04 -2.91738815e-04 
 2.81838293e+11  1.31957367e-04 -2.84966337e-04 
 2.88403150e+11  1.32107886e-04 -2.78358599e-04 
 2.95120923e+11  1.32266113e-04 -2.71912086e-04 
 3.01995172e+11  1.32431479e-04 -2.65623358e-04 
 3.09029543e+11  1.32603447e-04 -2.59489041e-04 
 3.16227766e+11  1.32781502e-04 -2.53505834e-04 
 3.23593657e+11  1.32965156e-04 -2.47670506e-04 
 3.31131121e+11  1.33153944e-04 -2.41979897e-04 
 3.38844156e+11  1.33347426e-04 -2.36430918e-04 
 3.46736850e+11  1.33545182e-04 -2.31020551e-04 
 3.54813389e+11  1.33746815e-04 -2.25745849e-04 
 3.63078055e+11  1.33951944e-04 -2.20603934e-04 
 3.71535229e+11  1.34160208e-04 -2.15592000e-04 
 3.80189396e+11  1.34371261e-04 -2.10707307e-04 
 3.89045145e+11  1.34584770e-04 -2.05947184e-04 
 3.98107171e+11  1.34800416e-04 -2.01309027e-04 
 4.07380278e+11  1.35017889e-04 -1.96790298e-04 
 4.16869383e+11  1.35236891e-04 -1.92388522e-04 
 4.26579519e+11  1.35457131e-04 -1.88101287e-04 
 4.36515832e+11  1.35678325e-04 -1.83926243e-04 
 4.46683592e+11  1.35900194e-04 -1.79861097e-04 
 4.57088190e+11  1.36122467e-04 -1.75903617e-04 
 4.67735141e+11  1.36344874e-04 -1.72051625e-04 
 4.78630092e+11  1.36567151e-04 -1.68302996e-04 
 4.89778819e+11  1.36789034e-04 -1.64655661e-04 
 5.01187234e+11  1.37010265e-04 -1.61107600e-04 
 5.12861384e+11  1.37230587e-04 -1.57656843e-04 
 5.24807460e+11  1.37449743e-04 -1.54301468e-04 
 5.37031796e+11  1.37667482e-04 -1.51039601e-04 
 5.49540874e+11  1.37883550e-04 -1.47869411e-04 
 5.62341325e+11  1.38097700e-04 -1.44789114e-04 
 5.75439937e+11  1.38309681e-04 -1.41796967e-04 
 5.88843655e+11  1.38519249e-04 -1.38891272e-04 
 6.02559586e+11  1.38726158e-04 -1.36070369e-04 
 6.16595002e+11  1.38930166e-04 -1.33332641e-04 
 6.30957344e+11  1.39131030e-04 -1.30676510e-04 
 6.45654229e+11  1.39328512e-04 -1.28100439e-04 
 6.60693448e+11  1.39522372e-04 -1.25602927e-04 
 6.76082975e+11  1.39712373e-04 -1.23182513e-04 
 6.91830971e+11  1.39898279e-04 -1.20837775e-04 
 7.07945784e+11  1.40079853e-04 -1.18567326e-04 
 7.24435960e+11  1.40256859e-04 -1.16369818e-04 
 7.41310241e+11  1.40429062e-04 -1.14243940e-04 
 7.58577575e+11  1.40596223e-04 -1.12188417e-04 
 7.76247117e+11  1.40758103e-04 -1.10202009e-04 
 7.94328235e+11  1.40914459e-04 -1.08283515e-04 
 8.12830516e+11  1.41065048e-04 -1.06431767e-04 
 8.31763771e+11  1.41209618e-04 -1.04645633e-04 
 8.51138038e+11  1.41347914e-04 -1.02924015e-04 
 8.70963590e+11  1.41479676e-04 -1.01265850e-04 
 8.91250938e+11  1.41604633e-04 -9.96701081e-05 
 9.12010839e+11  1.41722508e-04 -9.81357925e-05 
 9.33254301e+11  1.41833011e-04 -9.66619382e-05 
 9.54992586e+11  1.41935843e-04 -9.52476112e-05 
 9.77237221e+11  1.42030691e-04 -9.38919081e-05 
 1.00000000e+12  1.42117228e-04 -9.25939544e-05 
