 frequency       ac1.vout1-ac1.vout2 ac1.vout1-ac1.vout2
 1.00000000e+01 -3.74954395e+01  1.53504546e-07 
 1.02329299e+01 -3.74954395e+01  1.57080126e-07 
 1.04712855e+01 -3.74954395e+01  1.60738992e-07 
 1.07151931e+01 -3.74954395e+01  1.64483084e-07 
 1.09647820e+01 -3.74954395e+01  1.68314387e-07 
 1.12201845e+01 -3.74954395e+01  1.72234933e-07 
 1.14815362e+01 -3.74954395e+01  1.76246800e-07 
 1.17489755e+01 -3.74954395e+01  1.80352115e-07 
 1.20226443e+01 -3.74954395e+01  1.84553056e-07 
 1.23026877e+01 -3.74954395e+01  1.88851849e-07 
 1.25892541e+01 -3.74954395e+01  1.93250773e-07 
 1.28824955e+01 -3.74954395e+01  1.97752162e-07 
 1.31825674e+01 -3.74954395e+01  2.02358402e-07 
 1.34896288e+01 -3.74954395e+01  2.07071934e-07 
 1.38038426e+01 -3.74954395e+01  2.11895259e-07 
 1.41253754e+01 -3.74954395e+01  2.16830934e-07 
 1.44543977e+01 -3.74954395e+01  2.21881575e-07 
 1.47910839e+01 -3.74954395e+01  2.27049861e-07 
 1.51356125e+01 -3.74954395e+01  2.32338532e-07 
 1.54881662e+01 -3.74954395e+01  2.37750391e-07 
 1.58489319e+01 -3.74954395e+01  2.43288309e-07 
 1.62181010e+01 -3.74954395e+01  2.48955222e-07 
 1.65958691e+01 -3.74954395e+01  2.54754134e-07 
 1.69824365e+01 -3.74954395e+01  2.60688120e-07 
 1.73780083e+01 -3.74954395e+01  2.66760327e-07 
 1.77827941e+01 -3.74954395e+01  2.72973973e-07 
 1.81970086e+01 -3.74954395e+01  2.79332353e-07 
 1.86208714e+01 -3.74954395e+01  2.85838840e-07 
 1.90546072e+01 -3.74954395e+01  2.92496882e-07 
 1.94984460e+01 -3.74954395e+01  2.99310009e-07 
 1.99526231e+01 -3.74954395e+01  3.06281835e-07 
 2.04173794e+01 -3.74954395e+01  3.13416056e-07 
 2.08929613e+01 -3.74954395e+01  3.20716453e-07 
 2.13796209e+01 -3.74954395e+01  3.28186899e-07 
 2.18776162e+01 -3.74954395e+01  3.35831354e-07 
 2.23872114e+01 -3.74954395e+01  3.43653871e-07 
 2.29086765e+01 -3.74954395e+01  3.51658598e-07 
 2.34422882e+01 -3.74954395e+01  3.59849779e-07 
 2.39883292e+01 -3.74954395e+01  3.68231757e-07 
 2.45470892e+01 -3.74954395e+01  3.76808977e-07 
 2.51188643e+01 -3.74954395e+01  3.85585985e-07 
 2.57039578e+01 -3.74954395e+01  3.94567437e-07 
 2.63026799e+01 -3.74954395e+01  4.03758093e-07 
 2.69153480e+01 -3.74954395e+01  4.13162827e-07 
 2.75422870e+01 -3.74954395e+01  4.22786626e-07 
 2.81838293e+01 -3.74954395e+01  4.32634591e-07 
 2.88403150e+01 -3.74954395e+01  4.42711945e-07 
 2.95120923e+01 -3.74954395e+01  4.53024031e-07 
 3.01995172e+01 -3.74954395e+01  4.63576317e-07 
 3.09029543e+01 -3.74954395e+01  4.74374396e-07 
 3.16227766e+01 -3.74954395e+01  4.85423995e-07 
 3.23593657e+01 -3.74954395e+01  4.96730973e-07 
 3.31131121e+01 -3.74954395e+01  5.08301323e-07 
 3.38844156e+01 -3.74954395e+01  5.20141182e-07 
 3.46736850e+01 -3.74954395e+01  5.32256827e-07 
 3.54813389e+01 -3.74954395e+01  5.44654681e-07 
 3.63078055e+01 -3.74954395e+01  5.57341318e-07 
 3.71535229e+01 -3.74954395e+01  5.70323465e-07 
 3.80189396e+01 -3.74954395e+01  5.83608005e-07 
 3.89045145e+01 -3.74954395e+01  5.97201982e-07 
 3.98107171e+01 -3.74954395e+01  6.11112603e-07 
 4.07380278e+01 -3.74954395e+01  6.25347244e-07 
 4.16869383e+01 -3.74954395e+01  6.39913453e-07 
 4.26579519e+01 -3.74954395e+01  6.54818952e-07 
 4.36515832e+01 -3.74954395e+01  6.70071645e-07 
 4.46683592e+01 -3.74954395e+01  6.85679619e-07 
 4.57088190e+01 -3.74954395e+01  7.01651149e-07 
 4.67735141e+01 -3.74954395e+01  7.17994703e-07 
 4.78630092e+01 -3.74954395e+01  7.34718948e-07 
 4.89778819e+01 -3.74954395e+01  7.51832751e-07 
 5.01187234e+01 -3.74954395e+01  7.69345186e-07 
 5.12861384e+01 -3.74954395e+01  7.87265537e-07 
 5.24807460e+01 -3.74954395e+01  8.05603307e-07 
 5.37031796e+01 -3.74954395e+01  8.24368219e-07 
 5.49540874e+01 -3.74954395e+01  8.43570221e-07 
 5.62341325e+01 -3.74954395e+01  8.63219496e-07 
 5.75439937e+01 -3.74954395e+01  8.83326461e-07 
 5.88843655e+01 -3.74954395e+01  9.03901778e-07 
 6.02559586e+01 -3.74954395e+01  9.24956355e-07 
 6.16595002e+01 -3.74954395e+01  9.46501356e-07 
 6.30957344e+01 -3.74954395e+01  9.68548205e-07 
 6.45654229e+01 -3.74954395e+01  9.91108591e-07 
 6.60693448e+01 -3.74954395e+01  1.01419448e-06 
 6.76082975e+01 -3.74954395e+01  1.03781810e-06 
 6.91830971e+01 -3.74954395e+01  1.06199199e-06 
 7.07945784e+01 -3.74954395e+01  1.08672896e-06 
 7.24435960e+01 -3.74954395e+01  1.11204213e-06 
 7.41310241e+01 -3.74954395e+01  1.13794492e-06 
 7.58577575e+01 -3.74954395e+01  1.16445106e-06 
 7.76247117e+01 -3.74954395e+01  1.19157461e-06 
 7.94328235e+01 -3.74954395e+01  1.21932995e-06 
 8.12830516e+01 -3.74954395e+01  1.24773179e-06 
 8.31763771e+01 -3.74954395e+01  1.27679520e-06 
 8.51138038e+01 -3.74954395e+01  1.30653558e-06 
 8.70963590e+01 -3.74954395e+01  1.33696870e-06 
 8.91250938e+01 -3.74954395e+01  1.36811070e-06 
 9.12010839e+01 -3.74954395e+01  1.39997810e-06 
 9.33254301e+01 -3.74954395e+01  1.43258777e-06 
 9.54992586e+01 -3.74954395e+01  1.46595703e-06 
 9.77237221e+01 -3.74954395e+01  1.50010356e-06 
 1.00000000e+02 -3.74954395e+01  1.53504546e-06 
 1.02329299e+02 -3.74954395e+01  1.57080126e-06 
 1.04712855e+02 -3.74954395e+01  1.60738992e-06 
 1.07151931e+02 -3.74954395e+01  1.64483084e-06 
 1.09647820e+02 -3.74954395e+01  1.68314387e-06 
 1.12201845e+02 -3.74954395e+01  1.72234933e-06 
 1.14815362e+02 -3.74954395e+01  1.76246800e-06 
 1.17489755e+02 -3.74954395e+01  1.80352115e-06 
 1.20226443e+02 -3.74954395e+01  1.84553056e-06 
 1.23026877e+02 -3.74954395e+01  1.88851849e-06 
 1.25892541e+02 -3.74954395e+01  1.93250773e-06 
 1.28824955e+02 -3.74954395e+01  1.97752162e-06 
 1.31825674e+02 -3.74954395e+01  2.02358402e-06 
 1.34896288e+02 -3.74954395e+01  2.07071934e-06 
 1.38038426e+02 -3.74954395e+01  2.11895259e-06 
 1.41253754e+02 -3.74954395e+01  2.16830934e-06 
 1.44543977e+02 -3.74954395e+01  2.21881575e-06 
 1.47910839e+02 -3.74954395e+01  2.27049861e-06 
 1.51356125e+02 -3.74954395e+01  2.32338532e-06 
 1.54881662e+02 -3.74954395e+01  2.37750391e-06 
 1.58489319e+02 -3.74954395e+01  2.43288309e-06 
 1.62181010e+02 -3.74954395e+01  2.48955222e-06 
 1.65958691e+02 -3.74954395e+01  2.54754134e-06 
 1.69824365e+02 -3.74954395e+01  2.60688120e-06 
 1.73780083e+02 -3.74954395e+01  2.66760327e-06 
 1.77827941e+02 -3.74954395e+01  2.72973973e-06 
 1.81970086e+02 -3.74954395e+01  2.79332353e-06 
 1.86208714e+02 -3.74954395e+01  2.85838840e-06 
 1.90546072e+02 -3.74954395e+01  2.92496882e-06 
 1.94984460e+02 -3.74954395e+01  2.99310009e-06 
 1.99526231e+02 -3.74954395e+01  3.06281835e-06 
 2.04173794e+02 -3.74954395e+01  3.13416056e-06 
 2.08929613e+02 -3.74954395e+01  3.20716453e-06 
 2.13796209e+02 -3.74954395e+01  3.28186899e-06 
 2.18776162e+02 -3.74954395e+01  3.35831354e-06 
 2.23872114e+02 -3.74954395e+01  3.43653871e-06 
 2.29086765e+02 -3.74954395e+01  3.51658598e-06 
 2.34422882e+02 -3.74954395e+01  3.59849779e-06 
 2.39883292e+02 -3.74954395e+01  3.68231757e-06 
 2.45470892e+02 -3.74954395e+01  3.76808977e-06 
 2.51188643e+02 -3.74954395e+01  3.85585985e-06 
 2.57039578e+02 -3.74954395e+01  3.94567437e-06 
 2.63026799e+02 -3.74954395e+01  4.03758093e-06 
 2.69153480e+02 -3.74954395e+01  4.13162827e-06 
 2.75422870e+02 -3.74954395e+01  4.22786626e-06 
 2.81838293e+02 -3.74954395e+01  4.32634591e-06 
 2.88403150e+02 -3.74954395e+01  4.42711945e-06 
 2.95120923e+02 -3.74954395e+01  4.53024031e-06 
 3.01995172e+02 -3.74954395e+01  4.63576317e-06 
 3.09029543e+02 -3.74954395e+01  4.74374396e-06 
 3.16227766e+02 -3.74954395e+01  4.85423995e-06 
 3.23593657e+02 -3.74954395e+01  4.96730973e-06 
 3.31131121e+02 -3.74954395e+01  5.08301323e-06 
 3.38844156e+02 -3.74954395e+01  5.20141182e-06 
 3.46736850e+02 -3.74954395e+01  5.32256827e-06 
 3.54813389e+02 -3.74954395e+01  5.44654681e-06 
 3.63078055e+02 -3.74954395e+01  5.57341318e-06 
 3.71535229e+02 -3.74954395e+01  5.70323465e-06 
 3.80189396e+02 -3.74954395e+01  5.83608005e-06 
 3.89045145e+02 -3.74954395e+01  5.97201982e-06 
 3.98107171e+02 -3.74954395e+01  6.11112603e-06 
 4.07380278e+02 -3.74954395e+01  6.25347244e-06 
 4.16869383e+02 -3.74954395e+01  6.39913453e-06 
 4.26579519e+02 -3.74954395e+01  6.54818952e-06 
 4.36515832e+02 -3.74954395e+01  6.70071645e-06 
 4.46683592e+02 -3.74954395e+01  6.85679619e-06 
 4.57088190e+02 -3.74954395e+01  7.01651149e-06 
 4.67735141e+02 -3.74954395e+01  7.17994703e-06 
 4.78630092e+02 -3.74954395e+01  7.34718948e-06 
 4.89778819e+02 -3.74954395e+01  7.51832751e-06 
 5.01187234e+02 -3.74954395e+01  7.69345186e-06 
 5.12861384e+02 -3.74954395e+01  7.87265537e-06 
 5.24807460e+02 -3.74954395e+01  8.05603307e-06 
 5.37031796e+02 -3.74954395e+01  8.24368219e-06 
 5.49540874e+02 -3.74954395e+01  8.43570221e-06 
 5.62341325e+02 -3.74954395e+01  8.63219496e-06 
 5.75439937e+02 -3.74954395e+01  8.83326461e-06 
 5.88843655e+02 -3.74954395e+01  9.03901778e-06 
 6.02559586e+02 -3.74954395e+01  9.24956355e-06 
 6.16595002e+02 -3.74954395e+01  9.46501356e-06 
 6.30957344e+02 -3.74954395e+01  9.68548205e-06 
 6.45654229e+02 -3.74954395e+01  9.91108591e-06 
 6.60693448e+02 -3.74954395e+01  1.01419448e-05 
 6.76082975e+02 -3.74954395e+01  1.03781810e-05 
 6.91830971e+02 -3.74954395e+01  1.06199199e-05 
 7.07945784e+02 -3.74954395e+01  1.08672896e-05 
 7.24435960e+02 -3.74954395e+01  1.11204213e-05 
 7.41310241e+02 -3.74954395e+01  1.13794492e-05 
 7.58577575e+02 -3.74954395e+01  1.16445106e-05 
 7.76247117e+02 -3.74954395e+01  1.19157461e-05 
 7.94328235e+02 -3.74954395e+01  1.21932995e-05 
 8.12830516e+02 -3.74954395e+01  1.24773179e-05 
 8.31763771e+02 -3.74954395e+01  1.27679520e-05 
 8.51138038e+02 -3.74954395e+01  1.30653558e-05 
 8.70963590e+02 -3.74954395e+01  1.33696870e-05 
 8.91250938e+02 -3.74954395e+01  1.36811070e-05 
 9.12010839e+02 -3.74954395e+01  1.39997810e-05 
 9.33254301e+02 -3.74954395e+01  1.43258777e-05 
 9.54992586e+02 -3.74954395e+01  1.46595703e-05 
 9.77237221e+02 -3.74954395e+01  1.50010356e-05 
 1.00000000e+03 -3.74954395e+01  1.53504546e-05 
 1.02329299e+03 -3.74954395e+01  1.57080126e-05 
 1.04712855e+03 -3.74954395e+01  1.60738992e-05 
 1.07151931e+03 -3.74954395e+01  1.64483084e-05 
 1.09647820e+03 -3.74954395e+01  1.68314387e-05 
 1.12201845e+03 -3.74954395e+01  1.72234933e-05 
 1.14815362e+03 -3.74954395e+01  1.76246800e-05 
 1.17489755e+03 -3.74954395e+01  1.80352115e-05 
 1.20226443e+03 -3.74954395e+01  1.84553056e-05 
 1.23026877e+03 -3.74954395e+01  1.88851849e-05 
 1.25892541e+03 -3.74954395e+01  1.93250773e-05 
 1.28824955e+03 -3.74954395e+01  1.97752162e-05 
 1.31825674e+03 -3.74954395e+01  2.02358402e-05 
 1.34896288e+03 -3.74954395e+01  2.07071934e-05 
 1.38038426e+03 -3.74954395e+01  2.11895259e-05 
 1.41253754e+03 -3.74954395e+01  2.16830934e-05 
 1.44543977e+03 -3.74954395e+01  2.21881575e-05 
 1.47910839e+03 -3.74954395e+01  2.27049861e-05 
 1.51356125e+03 -3.74954395e+01  2.32338532e-05 
 1.54881662e+03 -3.74954395e+01  2.37750391e-05 
 1.58489319e+03 -3.74954395e+01  2.43288309e-05 
 1.62181010e+03 -3.74954395e+01  2.48955222e-05 
 1.65958691e+03 -3.74954395e+01  2.54754134e-05 
 1.69824365e+03 -3.74954395e+01  2.60688120e-05 
 1.73780083e+03 -3.74954395e+01  2.66760327e-05 
 1.77827941e+03 -3.74954395e+01  2.72973973e-05 
 1.81970086e+03 -3.74954395e+01  2.79332353e-05 
 1.86208714e+03 -3.74954395e+01  2.85838840e-05 
 1.90546072e+03 -3.74954395e+01  2.92496882e-05 
 1.94984460e+03 -3.74954395e+01  2.99310009e-05 
 1.99526231e+03 -3.74954395e+01  3.06281835e-05 
 2.04173794e+03 -3.74954395e+01  3.13416056e-05 
 2.08929613e+03 -3.74954395e+01  3.20716453e-05 
 2.13796209e+03 -3.74954395e+01  3.28186899e-05 
 2.18776162e+03 -3.74954395e+01  3.35831354e-05 
 2.23872114e+03 -3.74954395e+01  3.43653871e-05 
 2.29086765e+03 -3.74954395e+01  3.51658598e-05 
 2.34422882e+03 -3.74954395e+01  3.59849779e-05 
 2.39883292e+03 -3.74954395e+01  3.68231757e-05 
 2.45470892e+03 -3.74954395e+01  3.76808977e-05 
 2.51188643e+03 -3.74954395e+01  3.85585985e-05 
 2.57039578e+03 -3.74954395e+01  3.94567437e-05 
 2.63026799e+03 -3.74954395e+01  4.03758093e-05 
 2.69153480e+03 -3.74954395e+01  4.13162827e-05 
 2.75422870e+03 -3.74954395e+01  4.22786626e-05 
 2.81838293e+03 -3.74954395e+01  4.32634591e-05 
 2.88403150e+03 -3.74954395e+01  4.42711945e-05 
 2.95120923e+03 -3.74954395e+01  4.53024031e-05 
 3.01995172e+03 -3.74954395e+01  4.63576317e-05 
 3.09029543e+03 -3.74954395e+01  4.74374396e-05 
 3.16227766e+03 -3.74954395e+01  4.85423995e-05 
 3.23593657e+03 -3.74954395e+01  4.96730973e-05 
 3.31131121e+03 -3.74954395e+01  5.08301323e-05 
 3.38844156e+03 -3.74954395e+01  5.20141182e-05 
 3.46736850e+03 -3.74954395e+01  5.32256827e-05 
 3.54813389e+03 -3.74954395e+01  5.44654681e-05 
 3.63078055e+03 -3.74954395e+01  5.57341318e-05 
 3.71535229e+03 -3.74954395e+01  5.70323465e-05 
 3.80189396e+03 -3.74954395e+01  5.83608005e-05 
 3.89045145e+03 -3.74954395e+01  5.97201982e-05 
 3.98107171e+03 -3.74954395e+01  6.11112603e-05 
 4.07380278e+03 -3.74954395e+01  6.25347244e-05 
 4.16869383e+03 -3.74954395e+01  6.39913453e-05 
 4.26579519e+03 -3.74954395e+01  6.54818952e-05 
 4.36515832e+03 -3.74954395e+01  6.70071645e-05 
 4.46683592e+03 -3.74954395e+01  6.85679619e-05 
 4.57088190e+03 -3.74954395e+01  7.01651149e-05 
 4.67735141e+03 -3.74954395e+01  7.17994703e-05 
 4.78630092e+03 -3.74954395e+01  7.34718948e-05 
 4.89778819e+03 -3.74954395e+01  7.51832751e-05 
 5.01187234e+03 -3.74954395e+01  7.69345186e-05 
 5.12861384e+03 -3.74954395e+01  7.87265537e-05 
 5.24807460e+03 -3.74954395e+01  8.05603307e-05 
 5.37031796e+03 -3.74954395e+01  8.24368219e-05 
 5.49540874e+03 -3.74954395e+01  8.43570221e-05 
 5.62341325e+03 -3.74954395e+01  8.63219496e-05 
 5.75439937e+03 -3.74954395e+01  8.83326461e-05 
 5.88843655e+03 -3.74954395e+01  9.03901778e-05 
 6.02559586e+03 -3.74954395e+01  9.24956355e-05 
 6.16595002e+03 -3.74954395e+01  9.46501356e-05 
 6.30957344e+03 -3.74954395e+01  9.68548205e-05 
 6.45654229e+03 -3.74954395e+01  9.91108591e-05 
 6.60693448e+03 -3.74954395e+01  1.01419448e-04 
 6.76082975e+03 -3.74954395e+01  1.03781810e-04 
 6.91830971e+03 -3.74954395e+01  1.06199199e-04 
 7.07945784e+03 -3.74954395e+01  1.08672896e-04 
 7.24435960e+03 -3.74954395e+01  1.11204213e-04 
 7.41310241e+03 -3.74954395e+01  1.13794492e-04 
 7.58577575e+03 -3.74954395e+01  1.16445106e-04 
 7.76247117e+03 -3.74954395e+01  1.19157461e-04 
 7.94328235e+03 -3.74954395e+01  1.21932995e-04 
 8.12830516e+03 -3.74954395e+01  1.24773179e-04 
 8.31763771e+03 -3.74954395e+01  1.27679520e-04 
 8.51138038e+03 -3.74954395e+01  1.30653558e-04 
 8.70963590e+03 -3.74954395e+01  1.33696870e-04 
 8.91250938e+03 -3.74954395e+01  1.36811070e-04 
 9.12010839e+03 -3.74954395e+01  1.39997810e-04 
 9.33254301e+03 -3.74954395e+01  1.43258777e-04 
 9.54992586e+03 -3.74954395e+01  1.46595703e-04 
 9.77237221e+03 -3.74954395e+01  1.50010356e-04 
 1.00000000e+04 -3.74954395e+01  1.53504546e-04 
 1.02329299e+04 -3.74954395e+01  1.57080126e-04 
 1.04712855e+04 -3.74954395e+01  1.60738992e-04 
 1.07151931e+04 -3.74954395e+01  1.64483084e-04 
 1.09647820e+04 -3.74954395e+01  1.68314387e-04 
 1.12201845e+04 -3.74954395e+01  1.72234933e-04 
 1.14815362e+04 -3.74954395e+01  1.76246800e-04 
 1.17489755e+04 -3.74954395e+01  1.80352115e-04 
 1.20226443e+04 -3.74954395e+01  1.84553056e-04 
 1.23026877e+04 -3.74954395e+01  1.88851849e-04 
 1.25892541e+04 -3.74954395e+01  1.93250773e-04 
 1.28824955e+04 -3.74954395e+01  1.97752162e-04 
 1.31825674e+04 -3.74954395e+01  2.02358402e-04 
 1.34896288e+04 -3.74954395e+01  2.07071934e-04 
 1.38038426e+04 -3.74954395e+01  2.11895259e-04 
 1.41253754e+04 -3.74954395e+01  2.16830934e-04 
 1.44543977e+04 -3.74954395e+01  2.21881575e-04 
 1.47910839e+04 -3.74954395e+01  2.27049861e-04 
 1.51356125e+04 -3.74954395e+01  2.32338532e-04 
 1.54881662e+04 -3.74954395e+01  2.37750391e-04 
 1.58489319e+04 -3.74954395e+01  2.43288309e-04 
 1.62181010e+04 -3.74954395e+01  2.48955222e-04 
 1.65958691e+04 -3.74954395e+01  2.54754134e-04 
 1.69824365e+04 -3.74954395e+01  2.60688120e-04 
 1.73780083e+04 -3.74954395e+01  2.66760327e-04 
 1.77827941e+04 -3.74954395e+01  2.72973973e-04 
 1.81970086e+04 -3.74954395e+01  2.79332353e-04 
 1.86208714e+04 -3.74954395e+01  2.85838840e-04 
 1.90546072e+04 -3.74954395e+01  2.92496882e-04 
 1.94984460e+04 -3.74954395e+01  2.99310009e-04 
 1.99526231e+04 -3.74954395e+01  3.06281835e-04 
 2.04173794e+04 -3.74954395e+01  3.13416055e-04 
 2.08929613e+04 -3.74954395e+01  3.20716453e-04 
 2.13796209e+04 -3.74954395e+01  3.28186899e-04 
 2.18776162e+04 -3.74954395e+01  3.35831354e-04 
 2.23872114e+04 -3.74954395e+01  3.43653871e-04 
 2.29086765e+04 -3.74954395e+01  3.51658598e-04 
 2.34422882e+04 -3.74954395e+01  3.59849779e-04 
 2.39883292e+04 -3.74954395e+01  3.68231757e-04 
 2.45470892e+04 -3.74954395e+01  3.76808977e-04 
 2.51188643e+04 -3.74954395e+01  3.85585985e-04 
 2.57039578e+04 -3.74954395e+01  3.94567437e-04 
 2.63026799e+04 -3.74954395e+01  4.03758093e-04 
 2.69153480e+04 -3.74954395e+01  4.13162827e-04 
 2.75422870e+04 -3.74954395e+01  4.22786626e-04 
 2.81838293e+04 -3.74954395e+01  4.32634591e-04 
 2.88403150e+04 -3.74954395e+01  4.42711945e-04 
 2.95120923e+04 -3.74954395e+01  4.53024031e-04 
 3.01995172e+04 -3.74954395e+01  4.63576317e-04 
 3.09029543e+04 -3.74954395e+01  4.74374396e-04 
 3.16227766e+04 -3.74954395e+01  4.85423995e-04 
 3.23593657e+04 -3.74954395e+01  4.96730973e-04 
 3.31131121e+04 -3.74954395e+01  5.08301323e-04 
 3.38844156e+04 -3.74954395e+01  5.20141182e-04 
 3.46736850e+04 -3.74954395e+01  5.32256827e-04 
 3.54813389e+04 -3.74954395e+01  5.44654681e-04 
 3.63078055e+04 -3.74954395e+01  5.57341318e-04 
 3.71535229e+04 -3.74954395e+01  5.70323465e-04 
 3.80189396e+04 -3.74954395e+01  5.83608005e-04 
 3.89045145e+04 -3.74954395e+01  5.97201982e-04 
 3.98107171e+04 -3.74954395e+01  6.11112603e-04 
 4.07380278e+04 -3.74954395e+01  6.25347244e-04 
 4.16869383e+04 -3.74954395e+01  6.39913453e-04 
 4.26579519e+04 -3.74954395e+01  6.54818952e-04 
 4.36515832e+04 -3.74954395e+01  6.70071645e-04 
 4.46683592e+04 -3.74954395e+01  6.85679618e-04 
 4.57088190e+04 -3.74954395e+01  7.01651148e-04 
 4.67735141e+04 -3.74954395e+01  7.17994703e-04 
 4.78630092e+04 -3.74954395e+01  7.34718948e-04 
 4.89778819e+04 -3.74954395e+01  7.51832751e-04 
 5.01187234e+04 -3.74954395e+01  7.69345185e-04 
 5.12861384e+04 -3.74954395e+01  7.87265537e-04 
 5.24807460e+04 -3.74954395e+01  8.05603307e-04 
 5.37031796e+04 -3.74954395e+01  8.24368219e-04 
 5.49540874e+04 -3.74954395e+01  8.43570221e-04 
 5.62341325e+04 -3.74954395e+01  8.63219496e-04 
 5.75439937e+04 -3.74954395e+01  8.83326461e-04 
 5.88843655e+04 -3.74954395e+01  9.03901777e-04 
 6.02559586e+04 -3.74954395e+01  9.24956354e-04 
 6.16595002e+04 -3.74954395e+01  9.46501355e-04 
 6.30957344e+04 -3.74954395e+01  9.68548204e-04 
 6.45654229e+04 -3.74954395e+01  9.91108590e-04 
 6.60693448e+04 -3.74954395e+01  1.01419447e-03 
 6.76082975e+04 -3.74954395e+01  1.03781810e-03 
 6.91830971e+04 -3.74954395e+01  1.06199199e-03 
 7.07945784e+04 -3.74954395e+01  1.08672896e-03 
 7.24435960e+04 -3.74954395e+01  1.11204213e-03 
 7.41310241e+04 -3.74954395e+01  1.13794492e-03 
 7.58577575e+04 -3.74954395e+01  1.16445106e-03 
 7.76247117e+04 -3.74954395e+01  1.19157461e-03 
 7.94328235e+04 -3.74954395e+01  1.21932995e-03 
 8.12830516e+04 -3.74954394e+01  1.24773179e-03 
 8.31763771e+04 -3.74954394e+01  1.27679520e-03 
 8.51138038e+04 -3.74954394e+01  1.30653558e-03 
 8.70963590e+04 -3.74954394e+01  1.33696870e-03 
 8.91250938e+04 -3.74954394e+01  1.36811070e-03 
 9.12010839e+04 -3.74954394e+01  1.39997809e-03 
 9.33254301e+04 -3.74954394e+01  1.43258777e-03 
 9.54992586e+04 -3.74954394e+01  1.46595703e-03 
 9.77237221e+04 -3.74954394e+01  1.50010355e-03 
 1.00000000e+05 -3.74954394e+01  1.53504545e-03 
 1.02329299e+05 -3.74954394e+01  1.57080126e-03 
 1.04712855e+05 -3.74954394e+01  1.60738992e-03 
 1.07151931e+05 -3.74954394e+01  1.64483084e-03 
 1.09647820e+05 -3.74954394e+01  1.68314387e-03 
 1.12201845e+05 -3.74954394e+01  1.72234933e-03 
 1.14815362e+05 -3.74954394e+01  1.76246800e-03 
 1.17489755e+05 -3.74954394e+01  1.80352115e-03 
 1.20226443e+05 -3.74954394e+01  1.84553055e-03 
 1.23026877e+05 -3.74954394e+01  1.88851848e-03 
 1.25892541e+05 -3.74954394e+01  1.93250773e-03 
 1.28824955e+05 -3.74954394e+01  1.97752162e-03 
 1.31825674e+05 -3.74954394e+01  2.02358401e-03 
 1.34896288e+05 -3.74954394e+01  2.07071934e-03 
 1.38038426e+05 -3.74954394e+01  2.11895259e-03 
 1.41253754e+05 -3.74954394e+01  2.16830933e-03 
 1.44543977e+05 -3.74954394e+01  2.21881575e-03 
 1.47910839e+05 -3.74954394e+01  2.27049860e-03 
 1.51356125e+05 -3.74954393e+01  2.32338531e-03 
 1.54881662e+05 -3.74954393e+01  2.37750390e-03 
 1.58489319e+05 -3.74954393e+01  2.43288308e-03 
 1.62181010e+05 -3.74954393e+01  2.48955221e-03 
 1.65958691e+05 -3.74954393e+01  2.54754133e-03 
 1.69824365e+05 -3.74954393e+01  2.60688119e-03 
 1.73780083e+05 -3.74954393e+01  2.66760325e-03 
 1.77827941e+05 -3.74954393e+01  2.72973971e-03 
 1.81970086e+05 -3.74954393e+01  2.79332352e-03 
 1.86208714e+05 -3.74954393e+01  2.85838838e-03 
 1.90546072e+05 -3.74954393e+01  2.92496880e-03 
 1.94984460e+05 -3.74954393e+01  2.99310008e-03 
 1.99526231e+05 -3.74954392e+01  3.06281833e-03 
 2.04173794e+05 -3.74954392e+01  3.13416053e-03 
 2.08929613e+05 -3.74954392e+01  3.20716451e-03 
 2.13796209e+05 -3.74954392e+01  3.28186897e-03 
 2.18776162e+05 -3.74954392e+01  3.35831351e-03 
 2.23872114e+05 -3.74954392e+01  3.43653868e-03 
 2.29086765e+05 -3.74954392e+01  3.51658595e-03 
 2.34422882e+05 -3.74954392e+01  3.59849776e-03 
 2.39883292e+05 -3.74954391e+01  3.68231754e-03 
 2.45470892e+05 -3.74954391e+01  3.76808973e-03 
 2.51188643e+05 -3.74954391e+01  3.85585982e-03 
 2.57039578e+05 -3.74954391e+01  3.94567433e-03 
 2.63026799e+05 -3.74954391e+01  4.03758089e-03 
 2.69153480e+05 -3.74954390e+01  4.13162822e-03 
 2.75422870e+05 -3.74954390e+01  4.22786621e-03 
 2.81838293e+05 -3.74954390e+01  4.32634586e-03 
 2.88403150e+05 -3.74954390e+01  4.42711940e-03 
 2.95120923e+05 -3.74954390e+01  4.53024025e-03 
 3.01995172e+05 -3.74954389e+01  4.63576310e-03 
 3.09029543e+05 -3.74954389e+01  4.74374389e-03 
 3.16227766e+05 -3.74954389e+01  4.85423988e-03 
 3.23593657e+05 -3.74954389e+01  4.96730965e-03 
 3.31131121e+05 -3.74954388e+01  5.08301315e-03 
 3.38844156e+05 -3.74954388e+01  5.20141173e-03 
 3.46736850e+05 -3.74954388e+01  5.32256817e-03 
 3.54813389e+05 -3.74954387e+01  5.44654670e-03 
 3.63078055e+05 -3.74954387e+01  5.57341307e-03 
 3.71535229e+05 -3.74954386e+01  5.70323453e-03 
 3.80189396e+05 -3.74954386e+01  5.83607992e-03 
 3.89045145e+05 -3.74954386e+01  5.97201968e-03 
 3.98107171e+05 -3.74954385e+01  6.11112588e-03 
 4.07380278e+05 -3.74954385e+01  6.25347228e-03 
 4.16869383e+05 -3.74954384e+01  6.39913435e-03 
 4.26579519e+05 -3.74954384e+01  6.54818933e-03 
 4.36515832e+05 -3.74954383e+01  6.70071625e-03 
 4.46683592e+05 -3.74954383e+01  6.85679597e-03 
 4.57088190e+05 -3.74954382e+01  7.01651125e-03 
 4.67735141e+05 -3.74954382e+01  7.17994679e-03 
 4.78630092e+05 -3.74954381e+01  7.34718922e-03 
 4.89778819e+05 -3.74954380e+01  7.51832723e-03 
 5.01187234e+05 -3.74954380e+01  7.69345155e-03 
 5.12861384e+05 -3.74954379e+01  7.87265504e-03 
 5.24807460e+05 -3.74954378e+01  8.05603272e-03 
 5.37031796e+05 -3.74954377e+01  8.24368181e-03 
 5.49540874e+05 -3.74954376e+01  8.43570181e-03 
 5.62341325e+05 -3.74954376e+01  8.63219453e-03 
 5.75439937e+05 -3.74954375e+01  8.83326415e-03 
 5.88843655e+05 -3.74954374e+01  9.03901728e-03 
 6.02559586e+05 -3.74954373e+01  9.24956302e-03 
 6.16595002e+05 -3.74954372e+01  9.46501299e-03 
 6.30957344e+05 -3.74954371e+01  9.68548144e-03 
 6.45654229e+05 -3.74954369e+01  9.91108525e-03 
 6.60693448e+05 -3.74954368e+01  1.01419441e-02 
 6.76082975e+05 -3.74954367e+01  1.03781802e-02 
 6.91830971e+05 -3.74954366e+01  1.06199191e-02 
 7.07945784e+05 -3.74954364e+01  1.08672887e-02 
 7.24435960e+05 -3.74954363e+01  1.11204204e-02 
 7.41310241e+05 -3.74954361e+01  1.13794482e-02 
 7.58577575e+05 -3.74954360e+01  1.16445095e-02 
 7.76247117e+05 -3.74954358e+01  1.19157450e-02 
 7.94328235e+05 -3.74954356e+01  1.21932983e-02 
 8.12830516e+05 -3.74954355e+01  1.24773166e-02 
 8.31763771e+05 -3.74954353e+01  1.27679506e-02 
 8.51138038e+05 -3.74954351e+01  1.30653543e-02 
 8.70963590e+05 -3.74954349e+01  1.33696854e-02 
 8.91250938e+05 -3.74954346e+01  1.36811053e-02 
 9.12010839e+05 -3.74954344e+01  1.39997791e-02 
 9.33254301e+05 -3.74954342e+01  1.43258758e-02 
 9.54992586e+05 -3.74954339e+01  1.46595682e-02 
 9.77237221e+05 -3.74954337e+01  1.50010333e-02 
 1.00000000e+06 -3.74954334e+01  1.53504521e-02 
 1.02329299e+06 -3.74954331e+01  1.57080100e-02 
 1.04712855e+06 -3.74954328e+01  1.60738964e-02 
 1.07151931e+06 -3.74954325e+01  1.64483054e-02 
 1.09647820e+06 -3.74954322e+01  1.68314355e-02 
 1.12201845e+06 -3.74954318e+01  1.72234899e-02 
 1.14815362e+06 -3.74954314e+01  1.76246763e-02 
 1.17489755e+06 -3.74954311e+01  1.80352076e-02 
 1.20226443e+06 -3.74954307e+01  1.84553014e-02 
 1.23026877e+06 -3.74954303e+01  1.88851803e-02 
 1.25892541e+06 -3.74954298e+01  1.93250725e-02 
 1.28824955e+06 -3.74954294e+01  1.97752110e-02 
 1.31825674e+06 -3.74954289e+01  2.02358346e-02 
 1.34896288e+06 -3.74954284e+01  2.07071875e-02 
 1.38038426e+06 -3.74954279e+01  2.11895195e-02 
 1.41253754e+06 -3.74954273e+01  2.16830865e-02 
 1.44543977e+06 -3.74954267e+01  2.21881502e-02 
 1.47910839e+06 -3.74954261e+01  2.27049782e-02 
 1.51356125e+06 -3.74954255e+01  2.32338447e-02 
 1.54881662e+06 -3.74954249e+01  2.37750301e-02 
 1.58489319e+06 -3.74954242e+01  2.43288213e-02 
 1.62181010e+06 -3.74954234e+01  2.48955118e-02 
 1.65958691e+06 -3.74954227e+01  2.54754023e-02 
 1.69824365e+06 -3.74954219e+01  2.60688001e-02 
 1.73780083e+06 -3.74954211e+01  2.66760199e-02 
 1.77827941e+06 -3.74954202e+01  2.72973836e-02 
 1.81970086e+06 -3.74954193e+01  2.79332207e-02 
 1.86208714e+06 -3.74954183e+01  2.85838683e-02 
 1.90546072e+06 -3.74954173e+01  2.92496714e-02 
 1.94984460e+06 -3.74954163e+01  2.99309829e-02 
 1.99526231e+06 -3.74954152e+01  3.06281642e-02 
 2.04173794e+06 -3.74954141e+01  3.13415849e-02 
 2.08929613e+06 -3.74954129e+01  3.20716231e-02 
 2.13796209e+06 -3.74954116e+01  3.28186662e-02 
 2.18776162e+06 -3.74954103e+01  3.35831099e-02 
 2.23872114e+06 -3.74954089e+01  3.43653598e-02 
 2.29086765e+06 -3.74954075e+01  3.51658306e-02 
 2.34422882e+06 -3.74954060e+01  3.59849466e-02 
 2.39883292e+06 -3.74954044e+01  3.68231422e-02 
 2.45470892e+06 -3.74954027e+01  3.76808617e-02 
 2.51188643e+06 -3.74954010e+01  3.85585600e-02 
 2.57039578e+06 -3.74953992e+01  3.94567024e-02 
 2.63026799e+06 -3.74953973e+01  4.03757651e-02 
 2.69153480e+06 -3.74953953e+01  4.13162353e-02 
 2.75422870e+06 -3.74953932e+01  4.22786118e-02 
 2.81838293e+06 -3.74953910e+01  4.32634047e-02 
 2.88403150e+06 -3.74953888e+01  4.42711362e-02 
 2.95120923e+06 -3.74953864e+01  4.53023406e-02 
 3.01995172e+06 -3.74953839e+01  4.63575647e-02 
 3.09029543e+06 -3.74953812e+01  4.74373679e-02 
 3.16227766e+06 -3.74953785e+01  4.85423226e-02 
 3.23593657e+06 -3.74953756e+01  4.96730149e-02 
 3.31131121e+06 -3.74953726e+01  5.08300441e-02 
 3.38844156e+06 -3.74953695e+01  5.20140236e-02 
 3.46736850e+06 -3.74953662e+01  5.32255813e-02 
 3.54813389e+06 -3.74953627e+01  5.44653595e-02 
 3.63078055e+06 -3.74953591e+01  5.57340154e-02 
 3.71535229e+06 -3.74953553e+01  5.70322218e-02 
 3.80189396e+06 -3.74953513e+01  5.83606669e-02 
 3.89045145e+06 -3.74953472e+01  5.97200550e-02 
 3.98107171e+06 -3.74953428e+01  6.11111069e-02 
 4.07380278e+06 -3.74953383e+01  6.25345600e-02 
 4.16869383e+06 -3.74953335e+01  6.39911691e-02 
 4.26579519e+06 -3.74953285e+01  6.54817065e-02 
 4.36515832e+06 -3.74953233e+01  6.70069622e-02 
 4.46683592e+06 -3.74953178e+01  6.85677451e-02 
 4.57088190e+06 -3.74953120e+01  7.01648826e-02 
 4.67735141e+06 -3.74953060e+01  7.17992215e-02 
 4.78630092e+06 -3.74952997e+01  7.34716282e-02 
 4.89778819e+06 -3.74952932e+01  7.51829894e-02 
 5.01187234e+06 -3.74952863e+01  7.69342124e-02 
 5.12861384e+06 -3.74952790e+01  7.87262257e-02 
 5.24807460e+06 -3.74952715e+01  8.05599793e-02 
 5.37031796e+06 -3.74952636e+01  8.24364453e-02 
 5.49540874e+06 -3.74952553e+01  8.43566186e-02 
 5.62341325e+06 -3.74952466e+01  8.63215172e-02 
 5.75439937e+06 -3.74952375e+01  8.83321828e-02 
 5.88843655e+06 -3.74952280e+01  9.03896813e-02 
 6.02559586e+06 -3.74952180e+01  9.24951035e-02 
 6.16595002e+06 -3.74952076e+01  9.46495656e-02 
 6.30957344e+06 -3.74951966e+01  9.68542097e-02 
 6.45654229e+06 -3.74951852e+01  9.91102046e-02 
 6.60693448e+06 -3.74951732e+01  1.01418746e-01 
 6.76082975e+06 -3.74951607e+01  1.03781058e-01 
 6.91830971e+06 -3.74951475e+01  1.06198394e-01 
 7.07945784e+06 -3.74951338e+01  1.08672033e-01 
 7.24435960e+06 -3.74951194e+01  1.11203288e-01 
 7.41310241e+06 -3.74951043e+01  1.13793501e-01 
 7.58577575e+06 -3.74950885e+01  1.16444045e-01 
 7.76247117e+06 -3.74950719e+01  1.19156324e-01 
 7.94328235e+06 -3.74950546e+01  1.21931776e-01 
 8.12830516e+06 -3.74950365e+01  1.24771873e-01 
 8.31763771e+06 -3.74950175e+01  1.27678121e-01 
 8.51138038e+06 -3.74949976e+01  1.30652058e-01 
 8.70963590e+06 -3.74949768e+01  1.33695264e-01 
 8.91250938e+06 -3.74949550e+01  1.36809349e-01 
 9.12010839e+06 -3.74949321e+01  1.39995965e-01 
 9.33254301e+06 -3.74949082e+01  1.43256801e-01 
 9.54992586e+06 -3.74948832e+01  1.46593585e-01 
 9.77237221e+06 -3.74948570e+01  1.50008086e-01 
 1.00000000e+07 -3.74948295e+01  1.53502114e-01 
 1.02329299e+07 -3.74948008e+01  1.57077520e-01 
 1.04712855e+07 -3.74947707e+01  1.60736200e-01 
 1.07151931e+07 -3.74947391e+01  1.64480093e-01 
 1.09647820e+07 -3.74947061e+01  1.68311182e-01 
 1.12201845e+07 -3.74946716e+01  1.72231498e-01 
 1.14815362e+07 -3.74946354e+01  1.76243120e-01 
 1.17489755e+07 -3.74945975e+01  1.80348172e-01 
 1.20226443e+07 -3.74945578e+01  1.84548830e-01 
 1.23026877e+07 -3.74945163e+01  1.88847321e-01 
 1.25892541e+07 -3.74944727e+01  1.93245922e-01 
 1.28824955e+07 -3.74944272e+01  1.97746963e-01 
 1.31825674e+07 -3.74943795e+01  2.02352831e-01 
 1.34896288e+07 -3.74943295e+01  2.07065966e-01 
 1.38038426e+07 -3.74942772e+01  2.11888864e-01 
 1.41253754e+07 -3.74942224e+01  2.16824081e-01 
 1.44543977e+07 -3.74941651e+01  2.21874232e-01 
 1.47910839e+07 -3.74941050e+01  2.27041993e-01 
 1.51356125e+07 -3.74940421e+01  2.32330101e-01 
 1.54881662e+07 -3.74939763e+01  2.37741357e-01 
 1.58489319e+07 -3.74939073e+01  2.43278629e-01 
 1.62181010e+07 -3.74938351e+01  2.48944850e-01 
 1.65958691e+07 -3.74937595e+01  2.54743020e-01 
 1.69824365e+07 -3.74936803e+01  2.60676211e-01 
 1.73780083e+07 -3.74935974e+01  2.66747566e-01 
 1.77827941e+07 -3.74935106e+01  2.72960299e-01 
 1.81970086e+07 -3.74934197e+01  2.79317702e-01 
 1.86208714e+07 -3.74933245e+01  2.85823141e-01 
 1.90546072e+07 -3.74932249e+01  2.92480060e-01 
 1.94984460e+07 -3.74931205e+01  2.99291984e-01 
 1.99526231e+07 -3.74930112e+01  3.06262521e-01 
 2.04173794e+07 -3.74928968e+01  3.13395360e-01 
 2.08929613e+07 -3.74927770e+01  3.20694278e-01 
 2.13796209e+07 -3.74926515e+01  3.28163138e-01 
 2.18776162e+07 -3.74925201e+01  3.35805893e-01 
 2.23872114e+07 -3.74923825e+01  3.43626590e-01 
 2.29086765e+07 -3.74922385e+01  3.51629366e-01 
 2.34422882e+07 -3.74920876e+01  3.59818456e-01 
 2.39883292e+07 -3.74919297e+01  3.68198194e-01 
 2.45470892e+07 -3.74917643e+01  3.76773013e-01 
 2.51188643e+07 -3.74915911e+01  3.85547450e-01 
 2.57039578e+07 -3.74914098e+01  3.94526146e-01 
 2.63026799e+07 -3.74912199e+01  4.03713849e-01 
 2.69153480e+07 -3.74910210e+01  4.13115419e-01 
 2.75422870e+07 -3.74908128e+01  4.22735827e-01 
 2.81838293e+07 -3.74905948e+01  4.32580160e-01 
 2.88403150e+07 -3.74903665e+01  4.42653622e-01 
 2.95120923e+07 -3.74901274e+01  4.52961537e-01 
 3.01995172e+07 -3.74898771e+01  4.63509353e-01 
 3.09029543e+07 -3.74896150e+01  4.74302644e-01 
 3.16227766e+07 -3.74893406e+01  4.85347112e-01 
 3.23593657e+07 -3.74890532e+01  4.96648591e-01 
 3.31131121e+07 -3.74887523e+01  5.08213051e-01 
 3.38844156e+07 -3.74884371e+01  5.20046597e-01 
 3.46736850e+07 -3.74881072e+01  5.32155478e-01 
 3.54813389e+07 -3.74877617e+01  5.44546085e-01 
 3.63078055e+07 -3.74873999e+01  5.57224956e-01 
 3.71535229e+07 -3.74870211e+01  5.70198782e-01 
 3.80189396e+07 -3.74866245e+01  5.83474407e-01 
 3.89045145e+07 -3.74862091e+01  5.97058830e-01 
 3.98107171e+07 -3.74857742e+01  6.10959215e-01 
 4.07380278e+07 -3.74853189e+01  6.25182888e-01 
 4.16869383e+07 -3.74848420e+01  6.39737344e-01 
 4.26579519e+07 -3.74843427e+01  6.54630250e-01 
 4.36515832e+07 -3.74838199e+01  6.69869450e-01 
 4.46683592e+07 -3.74832725e+01  6.85462966e-01 
 4.57088190e+07 -3.74826992e+01  7.01419004e-01 
 4.67735141e+07 -3.74820990e+01  7.17745960e-01 
 4.78630092e+07 -3.74814705e+01  7.34452420e-01 
 4.89778819e+07 -3.74808124e+01  7.51547165e-01 
 5.01187234e+07 -3.74801234e+01  7.69039180e-01 
 5.12861384e+07 -3.74794018e+01  7.86937653e-01 
 5.24807460e+07 -3.74786463e+01  8.05251980e-01 
 5.37031796e+07 -3.74778553e+01  8.23991773e-01 
 5.49540874e+07 -3.74770269e+01  8.43166861e-01 
 5.62341325e+07 -3.74761596e+01  8.62787297e-01 
 5.75439937e+07 -3.74752515e+01  8.82863362e-01 
 5.88843655e+07 -3.74743006e+01  9.03405571e-01 
 6.02559586e+07 -3.74733049e+01  9.24424673e-01 
 6.16595002e+07 -3.74722623e+01  9.45931665e-01 
 6.30957344e+07 -3.74711707e+01  9.67937787e-01 
 6.45654229e+07 -3.74700277e+01  9.90454536e-01 
 6.60693448e+07 -3.74688310e+01  1.01349366e+00 
 6.76082975e+07 -3.74675778e+01  1.03706719e+00 
 6.91830971e+07 -3.74662658e+01  1.06118740e+00 
 7.07945784e+07 -3.74648919e+01  1.08586686e+00 
 7.24435960e+07 -3.74634535e+01  1.11111841e+00 
 7.41310241e+07 -3.74619473e+01  1.13695517e+00 
 7.58577575e+07 -3.74603704e+01  1.16339057e+00 
 7.76247117e+07 -3.74587192e+01  1.19043833e+00 
 7.94328235e+07 -3.74569903e+01  1.21811246e+00 
 8.12830516e+07 -3.74551802e+01  1.24642729e+00 
 8.31763771e+07 -3.74532849e+01  1.27539747e+00 
 8.51138038e+07 -3.74513005e+01  1.30503796e+00 
 8.70963590e+07 -3.74492228e+01  1.33536406e+00 
 8.91250938e+07 -3.74470475e+01  1.36639140e+00 
 9.12010839e+07 -3.74447698e+01  1.39813594e+00 
 9.33254301e+07 -3.74423851e+01  1.43061399e+00 
 9.54992586e+07 -3.74398884e+01  1.46384222e+00 
 9.77237221e+07 -3.74372743e+01  1.49783765e+00 
 1.00000000e+08 -3.74345374e+01  1.53261767e+00 
 1.02329299e+08 -3.74316720e+01  1.56820003e+00 
 1.04712855e+08 -3.74286719e+01  1.60460287e+00 
 1.07151931e+08 -3.74255310e+01  1.64184471e+00 
 1.09647820e+08 -3.74222426e+01  1.67994445e+00 
 1.12201845e+08 -3.74187999e+01  1.71892140e+00 
 1.14815362e+08 -3.74151955e+01  1.75879525e+00 
 1.17489755e+08 -3.74114220e+01  1.79958612e+00 
 1.20226443e+08 -3.74074715e+01  1.84131453e+00 
 1.23026877e+08 -3.74033357e+01  1.88400143e+00 
 1.25892541e+08 -3.73990059e+01  1.92766816e+00 
 1.28824955e+08 -3.73944730e+01  1.97233655e+00 
 1.31825674e+08 -3.73897278e+01  2.01802880e+00 
 1.34896288e+08 -3.73847601e+01  2.06476760e+00 
 1.38038426e+08 -3.73795597e+01  2.11257605e+00 
 1.41253754e+08 -3.73741158e+01  2.16147773e+00 
 1.44543977e+08 -3.73684169e+01  2.21149664e+00 
 1.47910839e+08 -3.73624513e+01  2.26265727e+00 
 1.51356125e+08 -3.73562065e+01  2.31498454e+00 
 1.54881662e+08 -3.73496696e+01  2.36850387e+00 
 1.58489319e+08 -3.73428270e+01  2.42324110e+00 
 1.62181010e+08 -3.73356646e+01  2.47922258e+00 
 1.65958691e+08 -3.73281675e+01  2.53647511e+00 
 1.69824365e+08 -3.73203203e+01  2.59502597e+00 
 1.73780083e+08 -3.73121066e+01  2.65490289e+00 
 1.77827941e+08 -3.73035097e+01  2.71613411e+00 
 1.81970086e+08 -3.72945117e+01  2.77874830e+00 
 1.86208714e+08 -3.72850942e+01  2.84277461e+00 
 1.90546072e+08 -3.72752379e+01  2.90824268e+00 
 1.94984460e+08 -3.72649226e+01  2.97518258e+00 
 1.99526231e+08 -3.72541270e+01  3.04362484e+00 
 2.04173794e+08 -3.72428293e+01  3.11360045e+00 
 2.08929613e+08 -3.72310062e+01  3.18514083e+00 
 2.13796209e+08 -3.72186339e+01  3.25827786e+00 
 2.18776162e+08 -3.72056871e+01  3.33304380e+00 
 2.23872114e+08 -3.71921395e+01  3.40947136e+00 
 2.29086765e+08 -3.71779638e+01  3.48759363e+00 
 2.34422882e+08 -3.71631313e+01  3.56744407e+00 
 2.39883292e+08 -3.71476123e+01  3.64905653e+00 
 2.45470892e+08 -3.71313754e+01  3.73246518e+00 
 2.51188643e+08 -3.71143881e+01  3.81770453e+00 
 2.57039578e+08 -3.70966166e+01  3.90480939e+00 
 2.63026799e+08 -3.70780253e+01  3.99381482e+00 
 2.69153480e+08 -3.70585774e+01  4.08475614e+00 
 2.75422870e+08 -3.70382343e+01  4.17766888e+00 
 2.81838293e+08 -3.70169558e+01  4.27258874e+00 
 2.88403150e+08 -3.69947002e+01  4.36955154e+00 
 2.95120923e+08 -3.69714236e+01  4.46859321e+00 
 3.01995172e+08 -3.69470808e+01  4.56974972e+00 
 3.09029543e+08 -3.69216243e+01  4.67305704e+00 
 3.16227766e+08 -3.68950049e+01  4.77855105e+00 
 3.23593657e+08 -3.68671710e+01  4.88626756e+00 
 3.31131121e+08 -3.68380694e+01  4.99624214e+00 
 3.38844156e+08 -3.68076444e+01  5.10851016e+00 
 3.46736850e+08 -3.67758381e+01  5.22310662e+00 
 3.54813389e+08 -3.67425904e+01  5.34006613e+00 
 3.63078055e+08 -3.67078387e+01  5.45942279e+00 
 3.71535229e+08 -3.66715180e+01  5.58121015e+00 
 3.80189396e+08 -3.66335608e+01  5.70546102e+00 
 3.89045145e+08 -3.65938970e+01  5.83220745e+00 
 3.98107171e+08 -3.65524538e+01  5.96148058e+00 
 4.07380278e+08 -3.65091557e+01  6.09331050e+00 
 4.16869383e+08 -3.64639243e+01  6.22772618e+00 
 4.26579519e+08 -3.64166785e+01  6.36475526e+00 
 4.36515832e+08 -3.63673341e+01  6.50442395e+00 
 4.46683592e+08 -3.63158041e+01  6.64675687e+00 
 4.57088190e+08 -3.62619983e+01  6.79177688e+00 
 4.67735141e+08 -3.62058235e+01  6.93950490e+00 
 4.78630092e+08 -3.61471832e+01  7.08995974e+00 
 4.89778819e+08 -3.60859780e+01  7.24315788e+00 
 5.01187234e+08 -3.60221049e+01  7.39911333e+00 
 5.12861384e+08 -3.59554579e+01  7.55783731e+00 
 5.24807460e+08 -3.58859277e+01  7.71933815e+00 
 5.37031796e+08 -3.58134017e+01  7.88362094e+00 
 5.49540874e+08 -3.57377640e+01  8.05068736e+00 
 5.62341325e+08 -3.56588953e+01  8.22053539e+00 
 5.75439937e+08 -3.55766733e+01  8.39315904e+00 
 5.88843655e+08 -3.54909723e+01  8.56854810e+00 
 6.02559586e+08 -3.54016635e+01  8.74668781e+00 
 6.16595002e+08 -3.53086149e+01  8.92755858e+00 
 6.30957344e+08 -3.52116916e+01  9.11113571e+00 
 6.45654229e+08 -3.51107558e+01  9.29738899e+00 
 6.60693448e+08 -3.50056667e+01  9.48628247e+00 
 6.76082975e+08 -3.48962812e+01  9.67777408e+00 
 6.91830971e+08 -3.47824534e+01  9.87181525e+00 
 7.07945784e+08 -3.46640353e+01  1.00683506e+01 
 7.24435960e+08 -3.45408768e+01  1.02673178e+01 
 7.41310241e+08 -3.44128260e+01  1.04686466e+01 
 7.58577575e+08 -3.42797295e+01  1.06722592e+01 
 7.76247117e+08 -3.41414325e+01  1.08780695e+01 
 7.94328235e+08 -3.39977797e+01  1.10859829e+01 
 8.12830516e+08 -3.38486149e+01  1.12958958e+01 
 8.31763771e+08 -3.36937822e+01  1.15076953e+01 
 8.51138038e+08 -3.35331258e+01  1.17212590e+01 
 8.70963590e+08 -3.33664909e+01  1.19364547e+01 
 8.91250938e+08 -3.31937241e+01  1.21531399e+01 
 9.12010839e+08 -3.30146739e+01  1.23711616e+01 
 9.33254301e+08 -3.28291916e+01  1.25903564e+01 
 9.54992586e+08 -3.26371313e+01  1.28105497e+01 
 9.77237221e+08 -3.24383514e+01  1.30315559e+01 
 1.00000000e+09 -3.22327149e+01  1.32531781e+01 
 1.02329299e+09 -3.20200899e+01  1.34752083e+01 
 1.04712855e+09 -3.18003510e+01  1.36974268e+01 
 1.07151931e+09 -3.15733796e+01  1.39196026e+01 
 1.09647820e+09 -3.13390652e+01  1.41414936e+01 
 1.12201845e+09 -3.10973059e+01  1.43628461e+01 
 1.14815362e+09 -3.08480094e+01  1.45833957e+01 
 1.17489755e+09 -3.05910943e+01  1.48028670e+01 
 1.20226443e+09 -3.03264904e+01  1.50209741e+01 
 1.23026877e+09 -3.00541401e+01  1.52374214e+01 
 1.25892541e+09 -2.97739993e+01  1.54519034e+01 
 1.28824955e+09 -2.94860381e+01  1.56641058e+01 
 1.31825674e+09 -2.91902419e+01  1.58737060e+01 
 1.34896288e+09 -2.88866124e+01  1.60803738e+01 
 1.38038426e+09 -2.85751683e+01  1.62837723e+01 
 1.41253754e+09 -2.82559459e+01  1.64835590e+01 
 1.44543977e+09 -2.79290004e+01  1.66793865e+01 
 1.47910839e+09 -2.75944064e+01  1.68709039e+01 
 1.51356125e+09 -2.72522581e+01  1.70577579e+01 
 1.54881662e+09 -2.69026707e+01  1.72395941e+01 
 1.58489319e+09 -2.65457799e+01  1.74160584e+01 
 1.62181010e+09 -2.61817432e+01  1.75867983e+01 
 1.65958691e+09 -2.58107394e+01  1.77514645e+01 
 1.69824365e+09 -2.54329691e+01  1.79097125e+01 
 1.73780083e+09 -2.50486549e+01  1.80612040e+01 
 1.77827941e+09 -2.46580407e+01  1.82056087e+01 
 1.81970086e+09 -2.42613918e+01  1.83426058e+01 
 1.86208714e+09 -2.38589946e+01  1.84718857e+01 
 1.90546072e+09 -2.34511559e+01  1.85931517e+01 
 1.94984460e+09 -2.30382021e+01  1.87061214e+01 
 1.99526231e+09 -2.26204783e+01  1.88105283e+01 
 2.04173794e+09 -2.21983478e+01  1.89061236e+01 
 2.08929613e+09 -2.17721904e+01  1.89926771e+01 
 2.13796209e+09 -2.13424014e+01  1.90699791e+01 
 2.18776162e+09 -2.09093903e+01  1.91378411e+01 
 2.23872114e+09 -2.04735788e+01  1.91960976e+01 
 2.29086765e+09 -2.00353999e+01  1.92446063e+01 
 2.34422882e+09 -1.95952957e+01  1.92832497e+01 
 2.39883292e+09 -1.91537158e+01  1.93119352e+01 
 2.45470892e+09 -1.87111152e+01  1.93305961e+01 
 2.51188643e+09 -1.82679527e+01  1.93391919e+01 
 2.57039578e+09 -1.78246890e+01  1.93377083e+01 
 2.63026799e+09 -1.73817844e+01  1.93261575e+01 
 2.69153480e+09 -1.69396970e+01  1.93045780e+01 
 2.75422870e+09 -1.64988811e+01  1.92730343e+01 
 2.81838293e+09 -1.60597849e+01  1.92316165e+01 
 2.88403150e+09 -1.56228487e+01  1.91804394e+01 
 2.95120923e+09 -1.51885034e+01  1.91196424e+01 
 3.01995172e+09 -1.47571688e+01  1.90493878e+01 
 3.09029543e+09 -1.43292518e+01  1.89698603e+01 
 3.16227766e+09 -1.39051450e+01  1.88812656e+01 
 3.23593657e+09 -1.34852255e+01  1.87838291e+01 
 3.31131121e+09 -1.30698536e+01  1.86777947e+01 
 3.38844156e+09 -1.26593718e+01  1.85634231e+01 
 3.46736850e+09 -1.22541038e+01  1.84409908e+01 
 3.54813389e+09 -1.18543537e+01  1.83107878e+01 
 3.63078055e+09 -1.14604053e+01  1.81731165e+01 
 3.71535229e+09 -1.10725219e+01  1.80282899e+01 
 3.80189396e+09 -1.06909457e+01  1.78766303e+01 
 3.89045145e+09 -1.03158976e+01  1.77184672e+01 
 3.98107171e+09 -9.94757725e+00  1.75541360e+01 
 4.07380278e+09 -9.58616300e+00  1.73839764e+01 
 4.16869383e+09 -9.23181219e+00  1.72083309e+01 
 4.26579519e+09 -8.88466138e+00  1.70275436e+01 
 4.36515832e+09 -8.54482676e+00  1.68419583e+01 
 4.46683592e+09 -8.21240467e+00  1.66519174e+01 
 4.57088190e+09 -7.88747216e+00  1.64577612e+01 
 4.67735141e+09 -7.57008769e+00  1.62598259e+01 
 4.78630092e+09 -7.26029180e+00  1.60584431e+01 
 4.89778819e+09 -6.95810793e+00  1.58539386e+01 
 5.01187234e+09 -6.66354323e+00  1.56466318e+01 
 5.12861384e+09 -6.37658944e+00  1.54368346e+01 
 5.24807460e+09 -6.09722374e+00  1.52248508e+01 
 5.37031796e+09 -5.82540968e+00  1.50109756e+01 
 5.49540874e+09 -5.56109808e+00  1.47954951e+01 
 5.62341325e+09 -5.30422796e+00  1.45786856e+01 
 5.75439937e+09 -5.05472743e+00  1.43608135e+01 
 5.88843655e+09 -4.81251460e+00  1.41421350e+01 
 6.02559586e+09 -4.57749846e+00  1.39228957e+01 
 6.16595002e+09 -4.34957970e+00  1.37033308e+01 
 6.30957344e+09 -4.12865161e+00  1.34836646e+01 
 6.45654229e+09 -3.91460083e+00  1.32641109e+01 
 6.60693448e+09 -3.70730814e+00  1.30448727e+01 
 6.76082975e+09 -3.50664918e+00  1.28261424e+01 
 6.91830971e+09 -3.31249519e+00  1.26081020e+01 
 7.07945784e+09 -3.12471360e+00  1.23909231e+01 
 7.24435960e+09 -2.94316873e+00  1.21747671e+01 
 7.41310241e+09 -2.76772232e+00  1.19597857e+01 
 7.58577575e+09 -2.59823411e+00  1.17461206e+01 
 7.76247117e+09 -2.43456234e+00  1.15339044e+01 
 7.94328235e+09 -2.27656422e+00  1.13232603e+01 
 8.12830516e+09 -2.12409634e+00  1.11143026e+01 
 8.31763771e+09 -1.97701515e+00  1.09071373e+01 
 8.51138038e+09 -1.83517723e+00  1.07018619e+01 
 8.70963590e+09 -1.69843970e+00  1.04985659e+01 
 8.91250938e+09 -1.56666050e+00  1.02973315e+01 
 9.12010839e+09 -1.43969864e+00  1.00982331e+01 
 9.33254301e+09 -1.31741450e+00  9.90133845e+00 
 9.54992586e+09 -1.19967002e+00  9.70670835e+00 
 9.77237221e+09 -1.08632892e+00  9.51439732e+00 
 1.00000000e+10 -9.77256848e-01  9.32445371e+00 
 1.02329299e+10 -8.72321561e-01  9.13692010e+00 
 1.04712855e+10 -7.71393055e-01  8.95183349e+00 
 1.07151931e+10 -6.74343683e-01  8.76922567e+00 
 1.09647820e+10 -5.81048259e-01  8.58912343e+00 
 1.12201845e+10 -4.91384138e-01  8.41154889e+00 
 1.14815362e+10 -4.05231298e-01  8.23651966e+00 
 1.17489755e+10 -3.22472393e-01  8.06404919e+00 
 1.20226443e+10 -2.42992802e-01  7.89414693e+00 
 1.23026877e+10 -1.66680667e-01  7.72681863e+00 
 1.25892541e+10 -9.34269210e-02  7.56206650e+00 
 1.28824955e+10 -2.31253018e-02  7.39988945e+00 
 1.31825674e+10  4.43276347e-02  7.24028333e+00 
 1.34896288e+10  1.09032514e-01  7.08324105e+00 
 1.38038426e+10  1.71087147e-01  6.92875285e+00 
 1.41253754e+10  2.30586540e-01  6.77680642e+00 
 1.44543977e+10  2.87622915e-01  6.62738711e+00 
 1.47910839e+10  3.42285724e-01  6.48047809e+00 
 1.51356125e+10  3.94661683e-01  6.33606048e+00 
 1.54881662e+10  4.44834792e-01  6.19411355e+00 
 1.58489319e+10  4.92886378e-01  6.05461482e+00 
 1.62181010e+10  5.38895124e-01  5.91754022e+00 
 1.65958691e+10  5.82937113e-01  5.78286422e+00 
 1.69824365e+10  6.25085864e-01  5.65055994e+00 
 1.73780083e+10  6.65412381e-01  5.52059928e+00 
 1.77827941e+10  7.03985196e-01  5.39295303e+00 
 1.81970086e+10  7.40870413e-01  5.26759099e+00 
 1.86208714e+10  7.76131760e-01  5.14448204e+00 
 1.90546072e+10  8.09830635e-01  5.02359425e+00 
 1.94984460e+10  8.42026157e-01  4.90489498e+00 
 1.99526231e+10  8.72775214e-01  4.78835095e+00 
 2.04173794e+10  9.02132515e-01  4.67392834e+00 
 2.08929613e+10  9.30150640e-01  4.56159284e+00 
 2.13796209e+10  9.56880089e-01  4.45130974e+00 
 2.18776162e+10  9.82369334e-01  4.34304399e+00 
 2.23872114e+10  1.00666487e+00  4.23676025e+00 
 2.29086765e+10  1.02981125e+00  4.13242299e+00 
 2.34422882e+10  1.05185117e+00  4.02999649e+00 
 2.39883292e+10  1.07282546e+00  3.92944495e+00 
 2.45470892e+10  1.09277318e+00  3.83073249e+00 
 2.51188643e+10  1.11173166e+00  3.73382322e+00 
 2.57039578e+10  1.12973652e+00  3.63868127e+00 
 2.63026799e+10  1.14682172e+00  3.54527086e+00 
 2.69153480e+10  1.16301963e+00  3.45355628e+00 
 2.75422870e+10  1.17836104e+00  3.36350199e+00 
 2.81838293e+10  1.19287521e+00  3.27507261e+00 
 2.88403150e+10  1.20658991e+00  3.18823296e+00 
 2.95120923e+10  1.21953148e+00  3.10294809e+00 
 3.01995172e+10  1.23172480e+00  3.01918331e+00 
 3.09029543e+10  1.24319341e+00  2.93690422e+00 
 3.16227766e+10  1.25395947e+00  2.85607670e+00 
 3.23593657e+10  1.26404385e+00  2.77666699e+00 
 3.31131121e+10  1.27346610e+00  2.69864164e+00 
 3.38844156e+10  1.28224453e+00  2.62196761e+00 
 3.46736850e+10  1.29039621e+00  2.54661220e+00 
 3.54813389e+10  1.29793699e+00  2.47254315e+00 
 3.63078055e+10  1.30488155e+00  2.39972861e+00 
 3.71535229e+10  1.31124338e+00  2.32813715e+00 
 3.80189396e+10  1.31703483e+00  2.25773782e+00 
 3.89045145e+10  1.32226714e+00  2.18850013e+00 
 3.98107171e+10  1.32695041e+00  2.12039408e+00 
 4.07380278e+10  1.33109365e+00  2.05339016e+00 
 4.16869383e+10  1.33470477e+00  1.98745939e+00 
 4.26579519e+10  1.33779061e+00  1.92257335e+00 
 4.36515832e+10  1.34035695e+00  1.85870415e+00 
 4.46683592e+10  1.34240848e+00  1.79582448e+00 
 4.57088190e+10  1.34394887e+00  1.73390765e+00 
 4.67735141e+10  1.34498068e+00  1.67292757e+00 
 4.78630092e+10  1.34550547e+00  1.61285880e+00 
 4.89778819e+10  1.34552371e+00  1.55367659e+00 
 5.01187234e+10  1.34503483e+00  1.49535686e+00 
 5.12861384e+10  1.34403719e+00  1.43787630e+00 
 5.24807460e+10  1.34252808e+00  1.38121234e+00 
 5.37031796e+10  1.34050373e+00  1.32534323e+00 
 5.49540874e+10  1.33795929e+00  1.27024809e+00 
 5.62341325e+10  1.33488881e+00  1.21590690e+00 
 5.75439937e+10  1.33128524e+00  1.16230064e+00 
 5.88843655e+10  1.32714043e+00  1.10941126e+00 
 6.02559586e+10  1.32244512e+00  1.05722181e+00 
 6.16595002e+10  1.31718890e+00  1.00571649e+00 
 6.30957344e+10  1.31136023e+00  9.54880729e-01 
 6.45654229e+10  1.30494643e+00  9.04701276e-01 
 6.60693448e+10  1.29793368e+00  8.55166302e-01 
 6.76082975e+10  1.29030699e+00  8.06265508e-01 
 6.91830971e+10  1.28205024e+00  7.57990248e-01 
 7.07945784e+10  1.27314616e+00  7.10333660e-01 
 7.24435960e+10  1.26357639e+00  6.63290819e-01 
 7.41310241e+10  1.25332145e+00  6.16858892e-01 
 7.58577575e+10  1.24236084e+00  5.71037322e-01 
 7.76247117e+10  1.23067305e+00  5.25828014e-01 
 7.94328235e+10  1.21823568e+00  4.81235552e-01 
 8.12830516e+10  1.20502549e+00  4.37267417e-01 
 8.31763771e+10  1.19101856e+00  3.93934235e-01 
 8.51138038e+10  1.17619045e+00  3.51250033e-01 
 8.70963590e+10  1.16051638e+00  3.09232509e-01 
 8.91250938e+10  1.14397146e+00  2.67903320e-01 
 9.12010839e+10  1.12653101e+00  2.27288368e-01 
 9.33254301e+10  1.10817091e+00  1.87418101e-01 
 9.54992586e+10  1.08886796e+00  1.48327802e-01 
 9.77237221e+10  1.06860045e+00  1.10057865e-01 
 1.00000000e+11  1.04734866e+00  7.26540587e-02 
 1.02329299e+11  1.02509554e+00  3.61677399e-02 
 1.04712855e+11  1.00182747e+00  6.56022331e-04 
 1.07151931e+11  9.77535093e-01 -3.38181317e-02 
 1.09647820e+11  9.52214250e-01 -6.71859150e-02 
 1.12201845e+11  9.25867025e-01 -9.93728030e-02 
 1.14815362e+11  8.98502859e-01 -1.30298832e-01 
 1.17489755e+11  8.70139731e-01 -1.59879062e-01 
 1.20226443e+11  8.40805392e-01 -1.88024252e-01 
 1.23026877e+11  8.10538601e-01 -2.14641785e-01 
 1.25892541e+11  7.79390334e-01 -2.39636863e-01 
 1.28824955e+11  7.47424901e-01 -2.62913997e-01 
 1.31825674e+11  7.14720906e-01 -2.84378803e-01 
 1.34896288e+11  6.81371990e-01 -3.03940105e-01 
 1.38038426e+11  6.47487245e-01 -3.21512315e-01 
 1.41253754e+11  6.13191250e-01 -3.37018061e-01 
 1.44543977e+11  5.78623611e-01 -3.50390980e-01 
 1.47910839e+11  5.43937968e-01 -3.61578605e-01 
 1.51356125e+11  5.09300386e-01 -3.70545204e-01 
 1.54881662e+11  4.74887118e-01 -3.77274452e-01 
 1.58489319e+11  4.40881753e-01 -3.81771767e-01 
 1.62181010e+11  4.07471793e-01 -3.84066162e-01 
 1.65958691e+11  3.74844749e-01 -3.84211451e-01 
 1.69824365e+11  3.43183920e-01 -3.82286686e-01 
 1.73780083e+11  3.12664003e-01 -3.78395726e-01 
 1.77827941e+11  2.83446776e-01 -3.72665903e-01 
 1.81970086e+11  2.55677046e-01 -3.65245780e-01 
 1.86208714e+11  2.29479093e-01 -3.56302094e-01 
 1.90546072e+11  2.04953799e-01 -3.46015999e-01 
 1.94984460e+11  1.82176612e-01 -3.34578807e-01 
 1.99526231e+11  1.61196433e-01 -3.22187422e-01 
 2.04173794e+11  1.42035473e-01 -3.09039719e-01 
 2.08929613e+11  1.24690032e-01 -2.95330083e-01 
 2.13796209e+11  1.09132132e-01 -2.81245313e-01 
 2.18776162e+11  9.53118440e-02 -2.66961067e-01 
 2.23872114e+11  8.31601607e-02 -2.52638963e-01 
 2.29086765e+11  7.25922254e-02 -2.38424402e-01 
 2.34422882e+11  6.35107294e-02 -2.24445133e-01 
 2.39883292e+11  5.58093144e-02 -2.10810539e-01 
 2.45470892e+11  4.93758313e-02 -1.97611565e-01 
 2.51188643e+11  4.40953415e-02 -1.84921207e-01 
 2.57039578e+11  3.98527780e-02 -1.72795461e-01 
 2.63026799e+11  3.65352161e-02 -1.61274608e-01 
 2.69153480e+11  3.40337336e-02 -1.50384738e-01 
 2.75422870e+11  3.22448628e-02 -1.40139414e-01 
 2.81838293e+11  3.10716572e-02 -1.30541382e-01 
 2.88403150e+11  3.04244081e-02 -1.21584271e-01 
 2.95120923e+11  3.02210543e-02 -1.13254214e-01 
 3.01995172e+11  3.03873323e-02 -1.05531361e-01 
 3.09029543e+11  3.08567159e-02 -9.83912540e-02 
 3.16227766e+11  3.15701881e-02 -9.18060533e-02 
 3.23593657e+11  3.24758896e-02 -8.57456021e-02 
 3.31131121e+11  3.35286782e-02 -8.01783401e-02 
 3.38844156e+11  3.46896319e-02 -7.50720691e-02 
 3.46736850e+11  3.59255202e-02 -7.03945809e-02 
 3.54813389e+11  3.72082661e-02 -6.61141630e-02 
 3.63078055e+11  3.85144121e-02 -6.21999926e-02 
 3.71535229e+11  3.98246054e-02 -5.86224370e-02 
 3.80189396e+11  4.11231085e-02 -5.53532696e-02 
 3.89045145e+11  4.23973423e-02 -5.23658188e-02 
 3.98107171e+11  4.36374641e-02 -4.96350575e-02 
 4.07380278e+11  4.48359836e-02 -4.71376472e-02 
 4.16869383e+11  4.59874146e-02 -4.48519436e-02 
 4.26579519e+11  4.70879650e-02 -4.27579725e-02 
 4.36515832e+11  4.81352598e-02 -4.08373841e-02 
 4.46683592e+11  4.91280984e-02 -3.90733890e-02 
 4.57088190e+11  5.00662413e-02 -3.74506836e-02 
 4.67735141e+11  5.09502250e-02 -3.59553667e-02 
 4.78630092e+11  5.17812028e-02 -3.45748515e-02 
 4.89778819e+11  5.25608074e-02 -3.32977760e-02 
 5.01187234e+11  5.32910347e-02 -3.21139126e-02 
 5.12861384e+11  5.39741452e-02 -3.10140798e-02 
 5.24807460e+11  5.46125814e-02 -2.99900563e-02 
 5.37031796e+11  5.52088993e-02 -2.90344989e-02 
 5.49540874e+11  5.57657120e-02 -2.81408641e-02 
 5.62341325e+11  5.62856433e-02 -2.73033348e-02 
 5.75439937e+11  5.67712911e-02 -2.65167518e-02 
 5.88843655e+11  5.72251979e-02 -2.57765493e-02 
 6.02559586e+11  5.76498281e-02 -2.50786964e-02 
 6.16595002e+11  5.80475506e-02 -2.44196428e-02 
 6.30957344e+11  5.84206267e-02 -2.37962684e-02 
 6.45654229e+11  5.87712007e-02 -2.32058390e-02 
 6.60693448e+11  5.91012948e-02 -2.26459640e-02 
 6.76082975e+11  5.94128059e-02 -2.21145599e-02 
 6.91830971e+11  5.97075047e-02 -2.16098161e-02 
 7.07945784e+11  5.99870366e-02 -2.11301644e-02 
 7.24435960e+11  6.02529232e-02 -2.06742522e-02 
 7.41310241e+11  6.05065658e-02 -2.02409178e-02 
 7.58577575e+11  6.07492490e-02 -1.98291683e-02 
 7.76247117e+11  6.09821445e-02 -1.94381604e-02 
 7.94328235e+11  6.12063160e-02 -1.90671826e-02 
 8.12830516e+11  6.14227238e-02 -1.87156400e-02 
 8.31763771e+11  6.16322292e-02 -1.83830405e-02 
 8.51138038e+11  6.18355996e-02 -1.80689820e-02 
 8.70963590e+11  6.20335126e-02 -1.77731422e-02 
 8.91250938e+11  6.22265610e-02 -1.74952682e-02 
 9.12010839e+11  6.24152564e-02 -1.72351680e-02 
 9.33254301e+11  6.26000337e-02 -1.69927028e-02 
 9.54992586e+11  6.27812541e-02 -1.67677799e-02 
 9.77237221e+11  6.29592096e-02 -1.65603464e-02 
 1.00000000e+12  6.31341252e-02 -1.63703835e-02 
