 frequency       ac1.vout1-ac1.vout2 ac1.vout1-ac1.vout2
 1.00000000e+01 -2.24625242e+01  3.13652062e-08 
 1.02329299e+01 -2.24625242e+01  3.20957957e-08 
 1.04712855e+01 -2.24625242e+01  3.28434028e-08 
 1.07151931e+01 -2.24625242e+01  3.36084239e-08 
 1.09647820e+01 -2.24625242e+01  3.43912647e-08 
 1.12201845e+01 -2.24625242e+01  3.51923402e-08 
 1.14815362e+01 -2.24625242e+01  3.60120751e-08 
 1.17489755e+01 -2.24625242e+01  3.68509041e-08 
 1.20226443e+01 -2.24625242e+01  3.77092719e-08 
 1.23026877e+01 -2.24625242e+01  3.85876337e-08 
 1.25892541e+01 -2.24625242e+01  3.94864551e-08 
 1.28824955e+01 -2.24625242e+01  4.04062128e-08 
 1.31825674e+01 -2.24625242e+01  4.13473944e-08 
 1.34896288e+01 -2.24625242e+01  4.23104990e-08 
 1.38038426e+01 -2.24625242e+01  4.32960371e-08 
 1.41253754e+01 -2.24625242e+01  4.43045313e-08 
 1.44543977e+01 -2.24625242e+01  4.53365164e-08 
 1.47910839e+01 -2.24625242e+01  4.63925396e-08 
 1.51356125e+01 -2.24625242e+01  4.74731606e-08 
 1.54881662e+01 -2.24625242e+01  4.85789526e-08 
 1.58489319e+01 -2.24625242e+01  4.97105018e-08 
 1.62181010e+01 -2.24625242e+01  5.08684081e-08 
 1.65958691e+01 -2.24625242e+01  5.20532855e-08 
 1.69824365e+01 -2.24625242e+01  5.32657623e-08 
 1.73780083e+01 -2.24625242e+01  5.45064813e-08 
 1.77827941e+01 -2.24625242e+01  5.57761004e-08 
 1.81970086e+01 -2.24625242e+01  5.70752926e-08 
 1.86208714e+01 -2.24625242e+01  5.84047470e-08 
 1.90546072e+01 -2.24625242e+01  5.97651683e-08 
 1.94984460e+01 -2.24625242e+01  6.11572779e-08 
 1.99526231e+01 -2.24625242e+01  6.25818139e-08 
 2.04173794e+01 -2.24625242e+01  6.40395316e-08 
 2.08929613e+01 -2.24625242e+01  6.55312039e-08 
 2.13796209e+01 -2.24625242e+01  6.70576218e-08 
 2.18776162e+01 -2.24625242e+01  6.86195944e-08 
 2.23872114e+01 -2.24625242e+01  7.02179501e-08 
 2.29086765e+01 -2.24625242e+01  7.18535363e-08 
 2.34422882e+01 -2.24625242e+01  7.35272202e-08 
 2.39883292e+01 -2.24625242e+01  7.52398891e-08 
 2.45470892e+01 -2.24625242e+01  7.69924513e-08 
 2.51188643e+01 -2.24625242e+01  7.87858359e-08 
 2.57039578e+01 -2.24625242e+01  8.06209937e-08 
 2.63026799e+01 -2.24625242e+01  8.24988979e-08 
 2.69153480e+01 -2.24625242e+01  8.44205441e-08 
 2.75422870e+01 -2.24625242e+01  8.63869512e-08 
 2.81838293e+01 -2.24625242e+01  8.83991618e-08 
 2.88403150e+01 -2.24625242e+01  9.04582428e-08 
 2.95120923e+01 -2.24625242e+01  9.25652859e-08 
 3.01995172e+01 -2.24625242e+01  9.47214084e-08 
 3.09029543e+01 -2.24625242e+01  9.69277534e-08 
 3.16227766e+01 -2.24625242e+01  9.91854908e-08 
 3.23593657e+01 -2.24625242e+01  1.01495818e-07 
 3.31131121e+01 -2.24625242e+01  1.03859959e-07 
 3.38844156e+01 -2.24625242e+01  1.06279168e-07 
 3.46736850e+01 -2.24625242e+01  1.08754728e-07 
 3.54813389e+01 -2.24625242e+01  1.11287951e-07 
 3.63078055e+01 -2.24625242e+01  1.13880181e-07 
 3.71535229e+01 -2.24625242e+01  1.16532791e-07 
 3.80189396e+01 -2.24625242e+01  1.19247188e-07 
 3.89045145e+01 -2.24625242e+01  1.22024812e-07 
 3.98107171e+01 -2.24625242e+01  1.24867135e-07 
 4.07380278e+01 -2.24625242e+01  1.27775664e-07 
 4.16869383e+01 -2.24625242e+01  1.30751942e-07 
 4.26579519e+01 -2.24625242e+01  1.33797546e-07 
 4.36515832e+01 -2.24625242e+01  1.36914091e-07 
 4.46683592e+01 -2.24625242e+01  1.40103230e-07 
 4.57088190e+01 -2.24625242e+01  1.43366653e-07 
 4.67735141e+01 -2.24625242e+01  1.46706091e-07 
 4.78630092e+01 -2.24625242e+01  1.50123315e-07 
 4.89778819e+01 -2.24625242e+01  1.53620137e-07 
 5.01187234e+01 -2.24625242e+01  1.57198409e-07 
 5.12861384e+01 -2.24625242e+01  1.60860031e-07 
 5.24807460e+01 -2.24625242e+01  1.64606942e-07 
 5.37031796e+01 -2.24625242e+01  1.68441130e-07 
 5.49540874e+01 -2.24625242e+01  1.72364628e-07 
 5.62341325e+01 -2.24625242e+01  1.76379516e-07 
 5.75439937e+01 -2.24625242e+01  1.80487923e-07 
 5.88843655e+01 -2.24625242e+01  1.84692027e-07 
 6.02559586e+01 -2.24625242e+01  1.88994057e-07 
 6.16595002e+01 -2.24625242e+01  1.93396294e-07 
 6.30957344e+01 -2.24625242e+01  1.97901072e-07 
 6.45654229e+01 -2.24625242e+01  2.02510780e-07 
 6.60693448e+01 -2.24625242e+01  2.07227862e-07 
 6.76082975e+01 -2.24625242e+01  2.12054819e-07 
 6.91830971e+01 -2.24625242e+01  2.16994211e-07 
 7.07945784e+01 -2.24625242e+01  2.22048655e-07 
 7.24435960e+01 -2.24625242e+01  2.27220833e-07 
 7.41310241e+01 -2.24625242e+01  2.32513486e-07 
 7.58577575e+01 -2.24625242e+01  2.37929421e-07 
 7.76247117e+01 -2.24625242e+01  2.43471509e-07 
 7.94328235e+01 -2.24625242e+01  2.49142689e-07 
 8.12830516e+01 -2.24625242e+01  2.54945967e-07 
 8.31763771e+01 -2.24625242e+01  2.60884422e-07 
 8.51138038e+01 -2.24625242e+01  2.66961201e-07 
 8.70963590e+01 -2.24625242e+01  2.73179526e-07 
 8.91250938e+01 -2.24625242e+01  2.79542694e-07 
 9.12010839e+01 -2.24625242e+01  2.86054080e-07 
 9.33254301e+01 -2.24625242e+01  2.92717136e-07 
 9.54992586e+01 -2.24625242e+01  2.99535394e-07 
 9.77237221e+01 -2.24625242e+01  3.06512469e-07 
 1.00000000e+02 -2.24625242e+01  3.13652062e-07 
 1.02329299e+02 -2.24625242e+01  3.20957957e-07 
 1.04712855e+02 -2.24625242e+01  3.28434028e-07 
 1.07151931e+02 -2.24625242e+01  3.36084239e-07 
 1.09647820e+02 -2.24625242e+01  3.43912647e-07 
 1.12201845e+02 -2.24625242e+01  3.51923402e-07 
 1.14815362e+02 -2.24625242e+01  3.60120751e-07 
 1.17489755e+02 -2.24625242e+01  3.68509041e-07 
 1.20226443e+02 -2.24625242e+01  3.77092719e-07 
 1.23026877e+02 -2.24625242e+01  3.85876337e-07 
 1.25892541e+02 -2.24625242e+01  3.94864551e-07 
 1.28824955e+02 -2.24625242e+01  4.04062128e-07 
 1.31825674e+02 -2.24625242e+01  4.13473944e-07 
 1.34896288e+02 -2.24625242e+01  4.23104990e-07 
 1.38038426e+02 -2.24625242e+01  4.32960371e-07 
 1.41253754e+02 -2.24625242e+01  4.43045313e-07 
 1.44543977e+02 -2.24625242e+01  4.53365164e-07 
 1.47910839e+02 -2.24625242e+01  4.63925396e-07 
 1.51356125e+02 -2.24625242e+01  4.74731606e-07 
 1.54881662e+02 -2.24625242e+01  4.85789526e-07 
 1.58489319e+02 -2.24625242e+01  4.97105018e-07 
 1.62181010e+02 -2.24625242e+01  5.08684081e-07 
 1.65958691e+02 -2.24625242e+01  5.20532855e-07 
 1.69824365e+02 -2.24625242e+01  5.32657623e-07 
 1.73780083e+02 -2.24625242e+01  5.45064813e-07 
 1.77827941e+02 -2.24625242e+01  5.57761004e-07 
 1.81970086e+02 -2.24625242e+01  5.70752926e-07 
 1.86208714e+02 -2.24625242e+01  5.84047470e-07 
 1.90546072e+02 -2.24625242e+01  5.97651683e-07 
 1.94984460e+02 -2.24625242e+01  6.11572779e-07 
 1.99526231e+02 -2.24625242e+01  6.25818139e-07 
 2.04173794e+02 -2.24625242e+01  6.40395316e-07 
 2.08929613e+02 -2.24625242e+01  6.55312039e-07 
 2.13796209e+02 -2.24625242e+01  6.70576218e-07 
 2.18776162e+02 -2.24625242e+01  6.86195944e-07 
 2.23872114e+02 -2.24625242e+01  7.02179501e-07 
 2.29086765e+02 -2.24625242e+01  7.18535363e-07 
 2.34422882e+02 -2.24625242e+01  7.35272202e-07 
 2.39883292e+02 -2.24625242e+01  7.52398891e-07 
 2.45470892e+02 -2.24625242e+01  7.69924513e-07 
 2.51188643e+02 -2.24625242e+01  7.87858359e-07 
 2.57039578e+02 -2.24625242e+01  8.06209937e-07 
 2.63026799e+02 -2.24625242e+01  8.24988979e-07 
 2.69153480e+02 -2.24625242e+01  8.44205441e-07 
 2.75422870e+02 -2.24625242e+01  8.63869512e-07 
 2.81838293e+02 -2.24625242e+01  8.83991618e-07 
 2.88403150e+02 -2.24625242e+01  9.04582428e-07 
 2.95120923e+02 -2.24625242e+01  9.25652859e-07 
 3.01995172e+02 -2.24625242e+01  9.47214084e-07 
 3.09029543e+02 -2.24625242e+01  9.69277534e-07 
 3.16227766e+02 -2.24625242e+01  9.91854908e-07 
 3.23593657e+02 -2.24625242e+01  1.01495818e-06 
 3.31131121e+02 -2.24625242e+01  1.03859959e-06 
 3.38844156e+02 -2.24625242e+01  1.06279168e-06 
 3.46736850e+02 -2.24625242e+01  1.08754728e-06 
 3.54813389e+02 -2.24625242e+01  1.11287951e-06 
 3.63078055e+02 -2.24625242e+01  1.13880181e-06 
 3.71535229e+02 -2.24625242e+01  1.16532791e-06 
 3.80189396e+02 -2.24625242e+01  1.19247188e-06 
 3.89045145e+02 -2.24625242e+01  1.22024812e-06 
 3.98107171e+02 -2.24625242e+01  1.24867135e-06 
 4.07380278e+02 -2.24625242e+01  1.27775664e-06 
 4.16869383e+02 -2.24625242e+01  1.30751942e-06 
 4.26579519e+02 -2.24625242e+01  1.33797546e-06 
 4.36515832e+02 -2.24625242e+01  1.36914091e-06 
 4.46683592e+02 -2.24625242e+01  1.40103230e-06 
 4.57088190e+02 -2.24625242e+01  1.43366653e-06 
 4.67735141e+02 -2.24625242e+01  1.46706091e-06 
 4.78630092e+02 -2.24625242e+01  1.50123315e-06 
 4.89778819e+02 -2.24625242e+01  1.53620137e-06 
 5.01187234e+02 -2.24625242e+01  1.57198409e-06 
 5.12861384e+02 -2.24625242e+01  1.60860031e-06 
 5.24807460e+02 -2.24625242e+01  1.64606942e-06 
 5.37031796e+02 -2.24625242e+01  1.68441130e-06 
 5.49540874e+02 -2.24625242e+01  1.72364628e-06 
 5.62341325e+02 -2.24625242e+01  1.76379516e-06 
 5.75439937e+02 -2.24625242e+01  1.80487923e-06 
 5.88843655e+02 -2.24625242e+01  1.84692027e-06 
 6.02559586e+02 -2.24625242e+01  1.88994057e-06 
 6.16595002e+02 -2.24625242e+01  1.93396294e-06 
 6.30957344e+02 -2.24625242e+01  1.97901072e-06 
 6.45654229e+02 -2.24625242e+01  2.02510780e-06 
 6.60693448e+02 -2.24625242e+01  2.07227862e-06 
 6.76082975e+02 -2.24625242e+01  2.12054819e-06 
 6.91830971e+02 -2.24625242e+01  2.16994211e-06 
 7.07945784e+02 -2.24625242e+01  2.22048655e-06 
 7.24435960e+02 -2.24625242e+01  2.27220833e-06 
 7.41310241e+02 -2.24625242e+01  2.32513486e-06 
 7.58577575e+02 -2.24625242e+01  2.37929421e-06 
 7.76247117e+02 -2.24625242e+01  2.43471509e-06 
 7.94328235e+02 -2.24625242e+01  2.49142689e-06 
 8.12830516e+02 -2.24625242e+01  2.54945967e-06 
 8.31763771e+02 -2.24625242e+01  2.60884422e-06 
 8.51138038e+02 -2.24625242e+01  2.66961201e-06 
 8.70963590e+02 -2.24625242e+01  2.73179526e-06 
 8.91250938e+02 -2.24625242e+01  2.79542694e-06 
 9.12010839e+02 -2.24625242e+01  2.86054080e-06 
 9.33254301e+02 -2.24625242e+01  2.92717136e-06 
 9.54992586e+02 -2.24625242e+01  2.99535394e-06 
 9.77237221e+02 -2.24625242e+01  3.06512469e-06 
 1.00000000e+03 -2.24625242e+01  3.13652062e-06 
 1.02329299e+03 -2.24625242e+01  3.20957957e-06 
 1.04712855e+03 -2.24625242e+01  3.28434028e-06 
 1.07151931e+03 -2.24625242e+01  3.36084239e-06 
 1.09647820e+03 -2.24625242e+01  3.43912647e-06 
 1.12201845e+03 -2.24625242e+01  3.51923402e-06 
 1.14815362e+03 -2.24625242e+01  3.60120751e-06 
 1.17489755e+03 -2.24625242e+01  3.68509041e-06 
 1.20226443e+03 -2.24625242e+01  3.77092719e-06 
 1.23026877e+03 -2.24625242e+01  3.85876337e-06 
 1.25892541e+03 -2.24625242e+01  3.94864551e-06 
 1.28824955e+03 -2.24625242e+01  4.04062128e-06 
 1.31825674e+03 -2.24625242e+01  4.13473944e-06 
 1.34896288e+03 -2.24625242e+01  4.23104990e-06 
 1.38038426e+03 -2.24625242e+01  4.32960371e-06 
 1.41253754e+03 -2.24625242e+01  4.43045313e-06 
 1.44543977e+03 -2.24625242e+01  4.53365164e-06 
 1.47910839e+03 -2.24625242e+01  4.63925396e-06 
 1.51356125e+03 -2.24625242e+01  4.74731606e-06 
 1.54881662e+03 -2.24625242e+01  4.85789526e-06 
 1.58489319e+03 -2.24625242e+01  4.97105018e-06 
 1.62181010e+03 -2.24625242e+01  5.08684081e-06 
 1.65958691e+03 -2.24625242e+01  5.20532855e-06 
 1.69824365e+03 -2.24625242e+01  5.32657623e-06 
 1.73780083e+03 -2.24625242e+01  5.45064813e-06 
 1.77827941e+03 -2.24625242e+01  5.57761004e-06 
 1.81970086e+03 -2.24625242e+01  5.70752926e-06 
 1.86208714e+03 -2.24625242e+01  5.84047470e-06 
 1.90546072e+03 -2.24625242e+01  5.97651683e-06 
 1.94984460e+03 -2.24625242e+01  6.11572779e-06 
 1.99526231e+03 -2.24625242e+01  6.25818139e-06 
 2.04173794e+03 -2.24625242e+01  6.40395316e-06 
 2.08929613e+03 -2.24625242e+01  6.55312039e-06 
 2.13796209e+03 -2.24625242e+01  6.70576218e-06 
 2.18776162e+03 -2.24625242e+01  6.86195944e-06 
 2.23872114e+03 -2.24625242e+01  7.02179501e-06 
 2.29086765e+03 -2.24625242e+01  7.18535363e-06 
 2.34422882e+03 -2.24625242e+01  7.35272202e-06 
 2.39883292e+03 -2.24625242e+01  7.52398891e-06 
 2.45470892e+03 -2.24625242e+01  7.69924513e-06 
 2.51188643e+03 -2.24625242e+01  7.87858359e-06 
 2.57039578e+03 -2.24625242e+01  8.06209937e-06 
 2.63026799e+03 -2.24625242e+01  8.24988979e-06 
 2.69153480e+03 -2.24625242e+01  8.44205441e-06 
 2.75422870e+03 -2.24625242e+01  8.63869512e-06 
 2.81838293e+03 -2.24625242e+01  8.83991618e-06 
 2.88403150e+03 -2.24625242e+01  9.04582428e-06 
 2.95120923e+03 -2.24625242e+01  9.25652859e-06 
 3.01995172e+03 -2.24625242e+01  9.47214084e-06 
 3.09029543e+03 -2.24625242e+01  9.69277534e-06 
 3.16227766e+03 -2.24625242e+01  9.91854908e-06 
 3.23593657e+03 -2.24625242e+01  1.01495818e-05 
 3.31131121e+03 -2.24625242e+01  1.03859959e-05 
 3.38844156e+03 -2.24625242e+01  1.06279168e-05 
 3.46736850e+03 -2.24625242e+01  1.08754728e-05 
 3.54813389e+03 -2.24625242e+01  1.11287951e-05 
 3.63078055e+03 -2.24625242e+01  1.13880181e-05 
 3.71535229e+03 -2.24625242e+01  1.16532791e-05 
 3.80189396e+03 -2.24625242e+01  1.19247188e-05 
 3.89045145e+03 -2.24625242e+01  1.22024812e-05 
 3.98107171e+03 -2.24625242e+01  1.24867135e-05 
 4.07380278e+03 -2.24625242e+01  1.27775664e-05 
 4.16869383e+03 -2.24625242e+01  1.30751942e-05 
 4.26579519e+03 -2.24625242e+01  1.33797546e-05 
 4.36515832e+03 -2.24625242e+01  1.36914091e-05 
 4.46683592e+03 -2.24625242e+01  1.40103230e-05 
 4.57088190e+03 -2.24625242e+01  1.43366653e-05 
 4.67735141e+03 -2.24625242e+01  1.46706091e-05 
 4.78630092e+03 -2.24625242e+01  1.50123315e-05 
 4.89778819e+03 -2.24625242e+01  1.53620137e-05 
 5.01187234e+03 -2.24625242e+01  1.57198409e-05 
 5.12861384e+03 -2.24625242e+01  1.60860031e-05 
 5.24807460e+03 -2.24625242e+01  1.64606942e-05 
 5.37031796e+03 -2.24625242e+01  1.68441130e-05 
 5.49540874e+03 -2.24625242e+01  1.72364628e-05 
 5.62341325e+03 -2.24625242e+01  1.76379516e-05 
 5.75439937e+03 -2.24625242e+01  1.80487923e-05 
 5.88843655e+03 -2.24625242e+01  1.84692027e-05 
 6.02559586e+03 -2.24625242e+01  1.88994057e-05 
 6.16595002e+03 -2.24625242e+01  1.93396294e-05 
 6.30957344e+03 -2.24625242e+01  1.97901072e-05 
 6.45654229e+03 -2.24625242e+01  2.02510780e-05 
 6.60693448e+03 -2.24625242e+01  2.07227862e-05 
 6.76082975e+03 -2.24625242e+01  2.12054819e-05 
 6.91830971e+03 -2.24625242e+01  2.16994211e-05 
 7.07945784e+03 -2.24625242e+01  2.22048655e-05 
 7.24435960e+03 -2.24625242e+01  2.27220833e-05 
 7.41310241e+03 -2.24625242e+01  2.32513486e-05 
 7.58577575e+03 -2.24625242e+01  2.37929421e-05 
 7.76247117e+03 -2.24625242e+01  2.43471509e-05 
 7.94328235e+03 -2.24625242e+01  2.49142689e-05 
 8.12830516e+03 -2.24625242e+01  2.54945967e-05 
 8.31763771e+03 -2.24625242e+01  2.60884422e-05 
 8.51138038e+03 -2.24625242e+01  2.66961201e-05 
 8.70963590e+03 -2.24625242e+01  2.73179526e-05 
 8.91250938e+03 -2.24625242e+01  2.79542694e-05 
 9.12010839e+03 -2.24625242e+01  2.86054080e-05 
 9.33254301e+03 -2.24625242e+01  2.92717136e-05 
 9.54992586e+03 -2.24625242e+01  2.99535394e-05 
 9.77237221e+03 -2.24625242e+01  3.06512469e-05 
 1.00000000e+04 -2.24625242e+01  3.13652062e-05 
 1.02329299e+04 -2.24625242e+01  3.20957957e-05 
 1.04712855e+04 -2.24625242e+01  3.28434028e-05 
 1.07151931e+04 -2.24625242e+01  3.36084239e-05 
 1.09647820e+04 -2.24625242e+01  3.43912647e-05 
 1.12201845e+04 -2.24625242e+01  3.51923402e-05 
 1.14815362e+04 -2.24625242e+01  3.60120751e-05 
 1.17489755e+04 -2.24625242e+01  3.68509041e-05 
 1.20226443e+04 -2.24625242e+01  3.77092719e-05 
 1.23026877e+04 -2.24625242e+01  3.85876337e-05 
 1.25892541e+04 -2.24625242e+01  3.94864551e-05 
 1.28824955e+04 -2.24625242e+01  4.04062128e-05 
 1.31825674e+04 -2.24625242e+01  4.13473944e-05 
 1.34896288e+04 -2.24625242e+01  4.23104990e-05 
 1.38038426e+04 -2.24625242e+01  4.32960371e-05 
 1.41253754e+04 -2.24625242e+01  4.43045313e-05 
 1.44543977e+04 -2.24625242e+01  4.53365164e-05 
 1.47910839e+04 -2.24625242e+01  4.63925396e-05 
 1.51356125e+04 -2.24625242e+01  4.74731606e-05 
 1.54881662e+04 -2.24625242e+01  4.85789526e-05 
 1.58489319e+04 -2.24625242e+01  4.97105018e-05 
 1.62181010e+04 -2.24625242e+01  5.08684081e-05 
 1.65958691e+04 -2.24625242e+01  5.20532855e-05 
 1.69824365e+04 -2.24625242e+01  5.32657623e-05 
 1.73780083e+04 -2.24625242e+01  5.45064813e-05 
 1.77827941e+04 -2.24625242e+01  5.57761004e-05 
 1.81970086e+04 -2.24625242e+01  5.70752926e-05 
 1.86208714e+04 -2.24625242e+01  5.84047470e-05 
 1.90546072e+04 -2.24625242e+01  5.97651683e-05 
 1.94984460e+04 -2.24625242e+01  6.11572779e-05 
 1.99526231e+04 -2.24625242e+01  6.25818139e-05 
 2.04173794e+04 -2.24625242e+01  6.40395316e-05 
 2.08929613e+04 -2.24625242e+01  6.55312039e-05 
 2.13796209e+04 -2.24625242e+01  6.70576218e-05 
 2.18776162e+04 -2.24625242e+01  6.86195944e-05 
 2.23872114e+04 -2.24625242e+01  7.02179501e-05 
 2.29086765e+04 -2.24625242e+01  7.18535363e-05 
 2.34422882e+04 -2.24625242e+01  7.35272202e-05 
 2.39883292e+04 -2.24625242e+01  7.52398891e-05 
 2.45470892e+04 -2.24625242e+01  7.69924513e-05 
 2.51188643e+04 -2.24625242e+01  7.87858359e-05 
 2.57039578e+04 -2.24625242e+01  8.06209937e-05 
 2.63026799e+04 -2.24625242e+01  8.24988979e-05 
 2.69153480e+04 -2.24625242e+01  8.44205441e-05 
 2.75422870e+04 -2.24625242e+01  8.63869512e-05 
 2.81838293e+04 -2.24625242e+01  8.83991618e-05 
 2.88403150e+04 -2.24625242e+01  9.04582428e-05 
 2.95120923e+04 -2.24625242e+01  9.25652859e-05 
 3.01995172e+04 -2.24625242e+01  9.47214084e-05 
 3.09029543e+04 -2.24625242e+01  9.69277534e-05 
 3.16227766e+04 -2.24625242e+01  9.91854908e-05 
 3.23593657e+04 -2.24625242e+01  1.01495818e-04 
 3.31131121e+04 -2.24625242e+01  1.03859959e-04 
 3.38844156e+04 -2.24625242e+01  1.06279168e-04 
 3.46736850e+04 -2.24625242e+01  1.08754728e-04 
 3.54813389e+04 -2.24625242e+01  1.11287951e-04 
 3.63078055e+04 -2.24625242e+01  1.13880181e-04 
 3.71535229e+04 -2.24625242e+01  1.16532791e-04 
 3.80189396e+04 -2.24625242e+01  1.19247188e-04 
 3.89045145e+04 -2.24625242e+01  1.22024812e-04 
 3.98107171e+04 -2.24625242e+01  1.24867135e-04 
 4.07380278e+04 -2.24625242e+01  1.27775664e-04 
 4.16869383e+04 -2.24625242e+01  1.30751942e-04 
 4.26579519e+04 -2.24625242e+01  1.33797546e-04 
 4.36515832e+04 -2.24625242e+01  1.36914091e-04 
 4.46683592e+04 -2.24625242e+01  1.40103230e-04 
 4.57088190e+04 -2.24625242e+01  1.43366653e-04 
 4.67735141e+04 -2.24625242e+01  1.46706091e-04 
 4.78630092e+04 -2.24625242e+01  1.50123315e-04 
 4.89778819e+04 -2.24625242e+01  1.53620137e-04 
 5.01187234e+04 -2.24625242e+01  1.57198409e-04 
 5.12861384e+04 -2.24625242e+01  1.60860031e-04 
 5.24807460e+04 -2.24625242e+01  1.64606942e-04 
 5.37031796e+04 -2.24625242e+01  1.68441130e-04 
 5.49540874e+04 -2.24625242e+01  1.72364628e-04 
 5.62341325e+04 -2.24625242e+01  1.76379516e-04 
 5.75439937e+04 -2.24625242e+01  1.80487923e-04 
 5.88843655e+04 -2.24625242e+01  1.84692027e-04 
 6.02559586e+04 -2.24625242e+01  1.88994057e-04 
 6.16595002e+04 -2.24625242e+01  1.93396294e-04 
 6.30957344e+04 -2.24625242e+01  1.97901072e-04 
 6.45654229e+04 -2.24625242e+01  2.02510780e-04 
 6.60693448e+04 -2.24625242e+01  2.07227862e-04 
 6.76082975e+04 -2.24625242e+01  2.12054819e-04 
 6.91830971e+04 -2.24625242e+01  2.16994211e-04 
 7.07945784e+04 -2.24625242e+01  2.22048655e-04 
 7.24435960e+04 -2.24625242e+01  2.27220833e-04 
 7.41310241e+04 -2.24625242e+01  2.32513486e-04 
 7.58577575e+04 -2.24625242e+01  2.37929421e-04 
 7.76247117e+04 -2.24625242e+01  2.43471509e-04 
 7.94328235e+04 -2.24625242e+01  2.49142689e-04 
 8.12830516e+04 -2.24625242e+01  2.54945967e-04 
 8.31763771e+04 -2.24625242e+01  2.60884422e-04 
 8.51138038e+04 -2.24625242e+01  2.66961201e-04 
 8.70963590e+04 -2.24625242e+01  2.73179526e-04 
 8.91250938e+04 -2.24625242e+01  2.79542694e-04 
 9.12010839e+04 -2.24625242e+01  2.86054080e-04 
 9.33254301e+04 -2.24625242e+01  2.92717136e-04 
 9.54992586e+04 -2.24625242e+01  2.99535394e-04 
 9.77237221e+04 -2.24625242e+01  3.06512469e-04 
 1.00000000e+05 -2.24625242e+01  3.13652062e-04 
 1.02329299e+05 -2.24625242e+01  3.20957957e-04 
 1.04712855e+05 -2.24625242e+01  3.28434028e-04 
 1.07151931e+05 -2.24625242e+01  3.36084239e-04 
 1.09647820e+05 -2.24625242e+01  3.43912647e-04 
 1.12201845e+05 -2.24625242e+01  3.51923402e-04 
 1.14815362e+05 -2.24625242e+01  3.60120751e-04 
 1.17489755e+05 -2.24625242e+01  3.68509041e-04 
 1.20226443e+05 -2.24625242e+01  3.77092719e-04 
 1.23026877e+05 -2.24625242e+01  3.85876337e-04 
 1.25892541e+05 -2.24625242e+01  3.94864551e-04 
 1.28824955e+05 -2.24625242e+01  4.04062128e-04 
 1.31825674e+05 -2.24625242e+01  4.13473944e-04 
 1.34896288e+05 -2.24625242e+01  4.23104989e-04 
 1.38038426e+05 -2.24625242e+01  4.32960371e-04 
 1.41253754e+05 -2.24625242e+01  4.43045313e-04 
 1.44543977e+05 -2.24625242e+01  4.53365164e-04 
 1.47910839e+05 -2.24625242e+01  4.63925396e-04 
 1.51356125e+05 -2.24625242e+01  4.74731606e-04 
 1.54881662e+05 -2.24625242e+01  4.85789526e-04 
 1.58489319e+05 -2.24625242e+01  4.97105018e-04 
 1.62181010e+05 -2.24625242e+01  5.08684081e-04 
 1.65958691e+05 -2.24625242e+01  5.20532855e-04 
 1.69824365e+05 -2.24625242e+01  5.32657623e-04 
 1.73780083e+05 -2.24625242e+01  5.45064813e-04 
 1.77827941e+05 -2.24625242e+01  5.57761003e-04 
 1.81970086e+05 -2.24625242e+01  5.70752926e-04 
 1.86208714e+05 -2.24625242e+01  5.84047470e-04 
 1.90546072e+05 -2.24625242e+01  5.97651683e-04 
 1.94984460e+05 -2.24625242e+01  6.11572779e-04 
 1.99526231e+05 -2.24625242e+01  6.25818139e-04 
 2.04173794e+05 -2.24625242e+01  6.40395316e-04 
 2.08929613e+05 -2.24625242e+01  6.55312039e-04 
 2.13796209e+05 -2.24625242e+01  6.70576217e-04 
 2.18776162e+05 -2.24625242e+01  6.86195944e-04 
 2.23872114e+05 -2.24625242e+01  7.02179501e-04 
 2.29086765e+05 -2.24625242e+01  7.18535362e-04 
 2.34422882e+05 -2.24625242e+01  7.35272201e-04 
 2.39883292e+05 -2.24625242e+01  7.52398890e-04 
 2.45470892e+05 -2.24625242e+01  7.69924512e-04 
 2.51188643e+05 -2.24625242e+01  7.87858358e-04 
 2.57039578e+05 -2.24625242e+01  8.06209936e-04 
 2.63026799e+05 -2.24625242e+01  8.24988978e-04 
 2.69153480e+05 -2.24625242e+01  8.44205440e-04 
 2.75422870e+05 -2.24625242e+01  8.63869511e-04 
 2.81838293e+05 -2.24625242e+01  8.83991616e-04 
 2.88403150e+05 -2.24625242e+01  9.04582426e-04 
 2.95120923e+05 -2.24625242e+01  9.25652858e-04 
 3.01995172e+05 -2.24625242e+01  9.47214082e-04 
 3.09029543e+05 -2.24625242e+01  9.69277533e-04 
 3.16227766e+05 -2.24625242e+01  9.91854907e-04 
 3.23593657e+05 -2.24625242e+01  1.01495818e-03 
 3.31131121e+05 -2.24625242e+01  1.03859959e-03 
 3.38844156e+05 -2.24625242e+01  1.06279168e-03 
 3.46736850e+05 -2.24625242e+01  1.08754728e-03 
 3.54813389e+05 -2.24625242e+01  1.11287951e-03 
 3.63078055e+05 -2.24625242e+01  1.13880180e-03 
 3.71535229e+05 -2.24625242e+01  1.16532790e-03 
 3.80189396e+05 -2.24625242e+01  1.19247188e-03 
 3.89045145e+05 -2.24625242e+01  1.22024812e-03 
 3.98107171e+05 -2.24625242e+01  1.24867135e-03 
 4.07380278e+05 -2.24625242e+01  1.27775664e-03 
 4.16869383e+05 -2.24625242e+01  1.30751941e-03 
 4.26579519e+05 -2.24625242e+01  1.33797545e-03 
 4.36515832e+05 -2.24625242e+01  1.36914090e-03 
 4.46683592e+05 -2.24625242e+01  1.40103229e-03 
 4.57088190e+05 -2.24625242e+01  1.43366653e-03 
 4.67735141e+05 -2.24625242e+01  1.46706091e-03 
 4.78630092e+05 -2.24625241e+01  1.50123315e-03 
 4.89778819e+05 -2.24625241e+01  1.53620136e-03 
 5.01187234e+05 -2.24625241e+01  1.57198409e-03 
 5.12861384e+05 -2.24625241e+01  1.60860030e-03 
 5.24807460e+05 -2.24625241e+01  1.64606941e-03 
 5.37031796e+05 -2.24625241e+01  1.68441129e-03 
 5.49540874e+05 -2.24625241e+01  1.72364627e-03 
 5.62341325e+05 -2.24625241e+01  1.76379515e-03 
 5.75439937e+05 -2.24625241e+01  1.80487922e-03 
 5.88843655e+05 -2.24625241e+01  1.84692026e-03 
 6.02559586e+05 -2.24625241e+01  1.88994055e-03 
 6.16595002e+05 -2.24625241e+01  1.93396292e-03 
 6.30957344e+05 -2.24625241e+01  1.97901071e-03 
 6.45654229e+05 -2.24625241e+01  2.02510779e-03 
 6.60693448e+05 -2.24625241e+01  2.07227861e-03 
 6.76082975e+05 -2.24625241e+01  2.12054818e-03 
 6.91830971e+05 -2.24625240e+01  2.16994209e-03 
 7.07945784e+05 -2.24625240e+01  2.22048653e-03 
 7.24435960e+05 -2.24625240e+01  2.27220831e-03 
 7.41310241e+05 -2.24625240e+01  2.32513483e-03 
 7.58577575e+05 -2.24625240e+01  2.37929418e-03 
 7.76247117e+05 -2.24625240e+01  2.43471506e-03 
 7.94328235e+05 -2.24625240e+01  2.49142686e-03 
 8.12830516e+05 -2.24625240e+01  2.54945964e-03 
 8.31763771e+05 -2.24625240e+01  2.60884419e-03 
 8.51138038e+05 -2.24625239e+01  2.66961197e-03 
 8.70963590e+05 -2.24625239e+01  2.73179522e-03 
 8.91250938e+05 -2.24625239e+01  2.79542691e-03 
 9.12010839e+05 -2.24625239e+01  2.86054076e-03 
 9.33254301e+05 -2.24625239e+01  2.92717131e-03 
 9.54992586e+05 -2.24625239e+01  2.99535389e-03 
 9.77237221e+05 -2.24625239e+01  3.06512464e-03 
 1.00000000e+06 -2.24625238e+01  3.13652056e-03 
 1.02329299e+06 -2.24625238e+01  3.20957951e-03 
 1.04712855e+06 -2.24625238e+01  3.28434022e-03 
 1.07151931e+06 -2.24625238e+01  3.36084233e-03 
 1.09647820e+06 -2.24625237e+01  3.43912640e-03 
 1.12201845e+06 -2.24625237e+01  3.51923394e-03 
 1.14815362e+06 -2.24625237e+01  3.60120742e-03 
 1.17489755e+06 -2.24625237e+01  3.68509032e-03 
 1.20226443e+06 -2.24625237e+01  3.77092709e-03 
 1.23026877e+06 -2.24625236e+01  3.85876326e-03 
 1.25892541e+06 -2.24625236e+01  3.94864540e-03 
 1.28824955e+06 -2.24625236e+01  4.04062116e-03 
 1.31825674e+06 -2.24625235e+01  4.13473932e-03 
 1.34896288e+06 -2.24625235e+01  4.23104976e-03 
 1.38038426e+06 -2.24625235e+01  4.32960356e-03 
 1.41253754e+06 -2.24625234e+01  4.43045298e-03 
 1.44543977e+06 -2.24625234e+01  4.53365148e-03 
 1.47910839e+06 -2.24625233e+01  4.63925378e-03 
 1.51356125e+06 -2.24625233e+01  4.74731587e-03 
 1.54881662e+06 -2.24625233e+01  4.85789506e-03 
 1.58489319e+06 -2.24625232e+01  4.97104996e-03 
 1.62181010e+06 -2.24625232e+01  5.08684058e-03 
 1.65958691e+06 -2.24625231e+01  5.20532830e-03 
 1.69824365e+06 -2.24625231e+01  5.32657596e-03 
 1.73780083e+06 -2.24625230e+01  5.45064784e-03 
 1.77827941e+06 -2.24625229e+01  5.57760973e-03 
 1.81970086e+06 -2.24625229e+01  5.70752893e-03 
 1.86208714e+06 -2.24625228e+01  5.84047434e-03 
 1.90546072e+06 -2.24625228e+01  5.97651645e-03 
 1.94984460e+06 -2.24625227e+01  6.11572738e-03 
 1.99526231e+06 -2.24625226e+01  6.25818096e-03 
 2.04173794e+06 -2.24625225e+01  6.40395270e-03 
 2.08929613e+06 -2.24625225e+01  6.55311989e-03 
 2.13796209e+06 -2.24625224e+01  6.70576164e-03 
 2.18776162e+06 -2.24625223e+01  6.86195887e-03 
 2.23872114e+06 -2.24625222e+01  7.02179440e-03 
 2.29086765e+06 -2.24625221e+01  7.18535297e-03 
 2.34422882e+06 -2.24625220e+01  7.35272131e-03 
 2.39883292e+06 -2.24625219e+01  7.52398816e-03 
 2.45470892e+06 -2.24625218e+01  7.69924432e-03 
 2.51188643e+06 -2.24625217e+01  7.87858272e-03 
 2.57039578e+06 -2.24625215e+01  8.06209844e-03 
 2.63026799e+06 -2.24625214e+01  8.24988879e-03 
 2.69153480e+06 -2.24625213e+01  8.44205334e-03 
 2.75422870e+06 -2.24625211e+01  8.63869397e-03 
 2.81838293e+06 -2.24625210e+01  8.83991495e-03 
 2.88403150e+06 -2.24625208e+01  9.04582296e-03 
 2.95120923e+06 -2.24625207e+01  9.25652718e-03 
 3.01995172e+06 -2.24625205e+01  9.47213933e-03 
 3.09029543e+06 -2.24625203e+01  9.69277372e-03 
 3.16227766e+06 -2.24625202e+01  9.91854735e-03 
 3.23593657e+06 -2.24625200e+01  1.01495799e-02 
 3.31131121e+06 -2.24625198e+01  1.03859939e-02 
 3.38844156e+06 -2.24625195e+01  1.06279147e-02 
 3.46736850e+06 -2.24625193e+01  1.08754705e-02 
 3.54813389e+06 -2.24625191e+01  1.11287927e-02 
 3.63078055e+06 -2.24625188e+01  1.13880154e-02 
 3.71535229e+06 -2.24625186e+01  1.16532763e-02 
 3.80189396e+06 -2.24625183e+01  1.19247158e-02 
 3.89045145e+06 -2.24625180e+01  1.22024780e-02 
 3.98107171e+06 -2.24625178e+01  1.24867100e-02 
 4.07380278e+06 -2.24625175e+01  1.27775627e-02 
 4.16869383e+06 -2.24625171e+01  1.30751902e-02 
 4.26579519e+06 -2.24625168e+01  1.33797503e-02 
 4.36515832e+06 -2.24625164e+01  1.36914045e-02 
 4.46683592e+06 -2.24625161e+01  1.40103181e-02 
 4.57088190e+06 -2.24625157e+01  1.43366601e-02 
 4.67735141e+06 -2.24625153e+01  1.46706035e-02 
 4.78630092e+06 -2.24625149e+01  1.50123255e-02 
 4.89778819e+06 -2.24625144e+01  1.53620072e-02 
 5.01187234e+06 -2.24625140e+01  1.57198340e-02 
 5.12861384e+06 -2.24625135e+01  1.60859957e-02 
 5.24807460e+06 -2.24625130e+01  1.64606863e-02 
 5.37031796e+06 -2.24625124e+01  1.68441045e-02 
 5.49540874e+06 -2.24625119e+01  1.72364537e-02 
 5.62341325e+06 -2.24625113e+01  1.76379419e-02 
 5.75439937e+06 -2.24625107e+01  1.80487818e-02 
 5.88843655e+06 -2.24625101e+01  1.84691915e-02 
 6.02559586e+06 -2.24625094e+01  1.88993937e-02 
 6.16595002e+06 -2.24625087e+01  1.93396165e-02 
 6.30957344e+06 -2.24625080e+01  1.97900934e-02 
 6.45654229e+06 -2.24625072e+01  2.02510633e-02 
 6.60693448e+06 -2.24625064e+01  2.07227704e-02 
 6.76082975e+06 -2.24625055e+01  2.12054650e-02 
 6.91830971e+06 -2.24625047e+01  2.16994029e-02 
 7.07945784e+06 -2.24625037e+01  2.22048460e-02 
 7.24435960e+06 -2.24625028e+01  2.27220624e-02 
 7.41310241e+06 -2.24625018e+01  2.32513262e-02 
 7.58577575e+06 -2.24625007e+01  2.37929181e-02 
 7.76247117e+06 -2.24624996e+01  2.43471252e-02 
 7.94328235e+06 -2.24624984e+01  2.49142414e-02 
 8.12830516e+06 -2.24624972e+01  2.54945673e-02 
 8.31763771e+06 -2.24624959e+01  2.60884106e-02 
 8.51138038e+06 -2.24624946e+01  2.66960862e-02 
 8.70963590e+06 -2.24624932e+01  2.73179163e-02 
 8.91250938e+06 -2.24624917e+01  2.79542306e-02 
 9.12010839e+06 -2.24624902e+01  2.86053664e-02 
 9.33254301e+06 -2.24624886e+01  2.92716690e-02 
 9.54992586e+06 -2.24624869e+01  2.99534916e-02 
 9.77237221e+06 -2.24624852e+01  3.06511957e-02 
 1.00000000e+07 -2.24624833e+01  3.13651513e-02 
 1.02329299e+07 -2.24624814e+01  3.20957369e-02 
 1.04712855e+07 -2.24624794e+01  3.28433398e-02 
 1.07151931e+07 -2.24624773e+01  3.36083564e-02 
 1.09647820e+07 -2.24624751e+01  3.43911924e-02 
 1.12201845e+07 -2.24624727e+01  3.51922627e-02 
 1.14815362e+07 -2.24624703e+01  3.60119920e-02 
 1.17489755e+07 -2.24624678e+01  3.68508151e-02 
 1.20226443e+07 -2.24624651e+01  3.77091765e-02 
 1.23026877e+07 -2.24624623e+01  3.85875315e-02 
 1.25892541e+07 -2.24624594e+01  3.94863457e-02 
 1.28824955e+07 -2.24624564e+01  4.04060955e-02 
 1.31825674e+07 -2.24624532e+01  4.13472687e-02 
 1.34896288e+07 -2.24624498e+01  4.23103643e-02 
 1.38038426e+07 -2.24624463e+01  4.32958928e-02 
 1.41253754e+07 -2.24624426e+01  4.43043767e-02 
 1.44543977e+07 -2.24624388e+01  4.53363508e-02 
 1.47910839e+07 -2.24624347e+01  4.63923620e-02 
 1.51356125e+07 -2.24624305e+01  4.74729704e-02 
 1.54881662e+07 -2.24624261e+01  4.85787488e-02 
 1.58489319e+07 -2.24624215e+01  4.97102834e-02 
 1.62181010e+07 -2.24624166e+01  5.08681741e-02 
 1.65958691e+07 -2.24624116e+01  5.20530348e-02 
 1.69824365e+07 -2.24624063e+01  5.32654936e-02 
 1.73780083e+07 -2.24624007e+01  5.45061934e-02 
 1.77827941e+07 -2.24623949e+01  5.57757918e-02 
 1.81970086e+07 -2.24623888e+01  5.70749620e-02 
 1.86208714e+07 -2.24623824e+01  5.84043928e-02 
 1.90546072e+07 -2.24623757e+01  5.97647887e-02 
 1.94984460e+07 -2.24623687e+01  6.11568712e-02 
 1.99526231e+07 -2.24623614e+01  6.25813781e-02 
 2.04173794e+07 -2.24623537e+01  6.40390647e-02 
 2.08929613e+07 -2.24623457e+01  6.55307036e-02 
 2.13796209e+07 -2.24623373e+01  6.70570856e-02 
 2.18776162e+07 -2.24623284e+01  6.86190199e-02 
 2.23872114e+07 -2.24623192e+01  7.02173345e-02 
 2.29086765e+07 -2.24623096e+01  7.18528767e-02 
 2.34422882e+07 -2.24622994e+01  7.35265134e-02 
 2.39883292e+07 -2.24622888e+01  7.52391318e-02 
 2.45470892e+07 -2.24622777e+01  7.69916398e-02 
 2.51188643e+07 -2.24622661e+01  7.87849663e-02 
 2.57039578e+07 -2.24622540e+01  8.06200620e-02 
 2.63026799e+07 -2.24622412e+01  8.24978995e-02 
 2.69153480e+07 -2.24622279e+01  8.44194743e-02 
 2.75422870e+07 -2.24622139e+01  8.63858049e-02 
 2.81838293e+07 -2.24621993e+01  8.83979335e-02 
 2.88403150e+07 -2.24621840e+01  9.04569267e-02 
 2.95120923e+07 -2.24621679e+01  9.25638757e-02 
 3.01995172e+07 -2.24621512e+01  9.47198973e-02 
 3.09029543e+07 -2.24621336e+01  9.69261343e-02 
 3.16227766e+07 -2.24621152e+01  9.91837559e-02 
 3.23593657e+07 -2.24620959e+01  1.01493959e-01 
 3.31131121e+07 -2.24620757e+01  1.03857967e-01 
 3.38844156e+07 -2.24620546e+01  1.06277034e-01 
 3.46736850e+07 -2.24620324e+01  1.08752441e-01 
 3.54813389e+07 -2.24620092e+01  1.11285500e-01 
 3.63078055e+07 -2.24619850e+01  1.13877555e-01 
 3.71535229e+07 -2.24619596e+01  1.16529977e-01 
 3.80189396e+07 -2.24619330e+01  1.19244173e-01 
 3.89045145e+07 -2.24619051e+01  1.22021581e-01 
 3.98107171e+07 -2.24618759e+01  1.24863673e-01 
 4.07380278e+07 -2.24618454e+01  1.27771955e-01 
 4.16869383e+07 -2.24618134e+01  1.30747967e-01 
 4.26579519e+07 -2.24617799e+01  1.33793287e-01 
 4.36515832e+07 -2.24617448e+01  1.36909528e-01 
 4.46683592e+07 -2.24617080e+01  1.40098340e-01 
 4.57088190e+07 -2.24616696e+01  1.43361414e-01 
 4.67735141e+07 -2.24616293e+01  1.46700477e-01 
 4.78630092e+07 -2.24615871e+01  1.50117300e-01 
 4.89778819e+07 -2.24615430e+01  1.53613691e-01 
 5.01187234e+07 -2.24614967e+01  1.57191502e-01 
 5.12861384e+07 -2.24614483e+01  1.60852630e-01 
 5.24807460e+07 -2.24613976e+01  1.64599012e-01 
 5.37031796e+07 -2.24613445e+01  1.68432633e-01 
 5.49540874e+07 -2.24612889e+01  1.72355523e-01 
 5.62341325e+07 -2.24612307e+01  1.76369760e-01 
 5.75439937e+07 -2.24611697e+01  1.80477469e-01 
 5.88843655e+07 -2.24611059e+01  1.84680825e-01 
 6.02559586e+07 -2.24610390e+01  1.88982054e-01 
 6.16595002e+07 -2.24609691e+01  1.93383433e-01 
 6.30957344e+07 -2.24608958e+01  1.97887292e-01 
 6.45654229e+07 -2.24608190e+01  2.02496014e-01 
 6.60693448e+07 -2.24607387e+01  2.07212040e-01 
 6.76082975e+07 -2.24606545e+01  2.12037866e-01 
 6.91830971e+07 -2.24605664e+01  2.16976045e-01 
 7.07945784e+07 -2.24604742e+01  2.22029190e-01 
 7.24435960e+07 -2.24603775e+01  2.27199976e-01 
 7.41310241e+07 -2.24602764e+01  2.32491137e-01 
 7.58577575e+07 -2.24601705e+01  2.37905474e-01 
 7.76247117e+07 -2.24600595e+01  2.43445850e-01 
 7.94328235e+07 -2.24599434e+01  2.49115195e-01 
 8.12830516e+07 -2.24598218e+01  2.54916507e-01 
 8.31763771e+07 -2.24596944e+01  2.60852855e-01 
 8.51138038e+07 -2.24595611e+01  2.66927376e-01 
 8.70963590e+07 -2.24594215e+01  2.73143282e-01 
 8.91250938e+07 -2.24592753e+01  2.79503859e-01 
 9.12010839e+07 -2.24591222e+01  2.86012468e-01 
 9.33254301e+07 -2.24589618e+01  2.92672548e-01 
 9.54992586e+07 -2.24587940e+01  2.99487617e-01 
 9.77237221e+07 -2.24586182e+01  3.06461276e-01 
 1.00000000e+08 -2.24584342e+01  3.13597208e-01 
 1.02329299e+08 -2.24582414e+01  3.20899180e-01 
 1.04712855e+08 -2.24580396e+01  3.28371049e-01 
 1.07151931e+08 -2.24578283e+01  3.36016756e-01 
 1.09647820e+08 -2.24576071e+01  3.43840338e-01 
 1.12201845e+08 -2.24573754e+01  3.51845922e-01 
 1.14815362e+08 -2.24571328e+01  3.60037731e-01 
 1.17489755e+08 -2.24568788e+01  3.68420085e-01 
 1.20226443e+08 -2.24566128e+01  3.76997402e-01 
 1.23026877e+08 -2.24563342e+01  3.85774204e-01 
 1.25892541e+08 -2.24560426e+01  3.94755116e-01 
 1.28824955e+08 -2.24557372e+01  4.03944868e-01 
 1.31825674e+08 -2.24554175e+01  4.13348299e-01 
 1.34896288e+08 -2.24550827e+01  4.22970361e-01 
 1.38038426e+08 -2.24547321e+01  4.32816116e-01 
 1.41253754e+08 -2.24543650e+01  4.42890745e-01 
 1.44543977e+08 -2.24539806e+01  4.53199544e-01 
 1.47910839e+08 -2.24535781e+01  4.63747934e-01 
 1.51356125e+08 -2.24531567e+01  4.74541456e-01 
 1.54881662e+08 -2.24527154e+01  4.85585781e-01 
 1.58489319e+08 -2.24522533e+01  4.96886706e-01 
 1.62181010e+08 -2.24517695e+01  5.08450161e-01 
 1.65958691e+08 -2.24512629e+01  5.20282212e-01 
 1.69824365e+08 -2.24507325e+01  5.32389061e-01 
 1.73780083e+08 -2.24501770e+01  5.44777051e-01 
 1.77827941e+08 -2.24495955e+01  5.57452670e-01 
 1.81970086e+08 -2.24489865e+01  5.70422551e-01 
 1.86208714e+08 -2.24483489e+01  5.83693477e-01 
 1.90546072e+08 -2.24476813e+01  5.97272385e-01 
 1.94984460e+08 -2.24469823e+01  6.11166368e-01 
 1.99526231e+08 -2.24462504e+01  6.25382677e-01 
 2.04173794e+08 -2.24454840e+01  6.39928728e-01 
 2.08929613e+08 -2.24446816e+01  6.54812101e-01 
 2.13796209e+08 -2.24438414e+01  6.70040546e-01 
 2.18776162e+08 -2.24429617e+01  6.85621986e-01 
 2.23872114e+08 -2.24420406e+01  7.01564522e-01 
 2.29086765e+08 -2.24410762e+01  7.17876431e-01 
 2.34422882e+08 -2.24400664e+01  7.34566178e-01 
 2.39883292e+08 -2.24390091e+01  7.51642413e-01 
 2.45470892e+08 -2.24379021e+01  7.69113975e-01 
 2.51188643e+08 -2.24367431e+01  7.86989901e-01 
 2.57039578e+08 -2.24355295e+01  8.05279424e-01 
 2.63026799e+08 -2.24342589e+01  8.23991978e-01 
 2.69153480e+08 -2.24329286e+01  8.43137204e-01 
 2.75422870e+08 -2.24315358e+01  8.62724953e-01 
 2.81838293e+08 -2.24300775e+01  8.82765288e-01 
 2.88403150e+08 -2.24285507e+01  9.03268490e-01 
 2.95120923e+08 -2.24269522e+01  9.24245059e-01 
 3.01995172e+08 -2.24252786e+01  9.45705722e-01 
 3.09029543e+08 -2.24235263e+01  9.67661434e-01 
 3.16227766e+08 -2.24216918e+01  9.90123381e-01 
 3.23593657e+08 -2.24197712e+01  1.01310299e+00 
 3.31131121e+08 -2.24177604e+01  1.03661191e+00 
 3.38844156e+08 -2.24156553e+01  1.06066207e+00 
 3.46736850e+08 -2.24134513e+01  1.08526560e+00 
 3.54813389e+08 -2.24111440e+01  1.11043492e+00 
 3.63078055e+08 -2.24087285e+01  1.13618269e+00 
 3.71535229e+08 -2.24061996e+01  1.16252182e+00 
 3.80189396e+08 -2.24035523e+01  1.18946550e+00 
 3.89045145e+08 -2.24007808e+01  1.21702715e+00 
 3.98107171e+08 -2.23978795e+01  1.24522051e+00 
 4.07380278e+08 -2.23948422e+01  1.27405955e+00 
 4.16869383e+08 -2.23916628e+01  1.30355853e+00 
 4.26579519e+08 -2.23883344e+01  1.33373198e+00 
 4.36515832e+08 -2.23848503e+01  1.36459472e+00 
 4.46683592e+08 -2.23812032e+01  1.39616183e+00 
 4.57088190e+08 -2.23773855e+01  1.42844871e+00 
 4.67735141e+08 -2.23733893e+01  1.46147101e+00 
 4.78630092e+08 -2.23692063e+01  1.49524469e+00 
 4.89778819e+08 -2.23648279e+01  1.52978598e+00 
 5.01187234e+08 -2.23602450e+01  1.56511142e+00 
 5.12861384e+08 -2.23554482e+01  1.60123784e+00 
 5.24807460e+08 -2.23504275e+01  1.63818233e+00 
 5.37031796e+08 -2.23451728e+01  1.67596231e+00 
 5.49540874e+08 -2.23396730e+01  1.71459546e+00 
 5.62341325e+08 -2.23339171e+01  1.75409976e+00 
 5.75439937e+08 -2.23278931e+01  1.79449348e+00 
 5.88843655e+08 -2.23215887e+01  1.83579517e+00 
 6.02559586e+08 -2.23149911e+01  1.87802366e+00 
 6.16595002e+08 -2.23080869e+01  1.92119806e+00 
 6.30957344e+08 -2.23008619e+01  1.96533775e+00 
 6.45654229e+08 -2.22933016e+01  2.01046238e+00 
 6.60693448e+08 -2.22853905e+01  2.05659185e+00 
 6.76082975e+08 -2.22771127e+01  2.10374633e+00 
 6.91830971e+08 -2.22684515e+01  2.15194623e+00 
 7.07945784e+08 -2.22593895e+01  2.20121220e+00 
 7.24435960e+08 -2.22499084e+01  2.25156509e+00 
 7.41310241e+08 -2.22399893e+01  2.30302599e+00 
 7.58577575e+08 -2.22296124e+01  2.35561620e+00 
 7.76247117e+08 -2.22187570e+01  2.40935716e+00 
 7.94328235e+08 -2.22074016e+01  2.46427053e+00 
 8.12830516e+08 -2.21955236e+01  2.52037810e+00 
 8.31763771e+08 -2.21830997e+01  2.57770177e+00 
 8.51138038e+08 -2.21701055e+01  2.63626359e+00 
 8.70963590e+08 -2.21565154e+01  2.69608567e+00 
 8.91250938e+08 -2.21423029e+01  2.75719018e+00 
 9.12010839e+08 -2.21274405e+01  2.81959934e+00 
 9.33254301e+08 -2.21118994e+01  2.88333537e+00 
 9.54992586e+08 -2.20956495e+01  2.94842042e+00 
 9.77237221e+08 -2.20786599e+01  3.01487664e+00 
 1.00000000e+09 -2.20608979e+01  3.08272601e+00 
 1.02329299e+09 -2.20423298e+01  3.15199041e+00 
 1.04712855e+09 -2.20229207e+01  3.22269151e+00 
 1.07151931e+09 -2.20026339e+01  3.29485073e+00 
 1.09647820e+09 -2.19814315e+01  3.36848922e+00 
 1.12201845e+09 -2.19592743e+01  3.44362777e+00 
 1.14815362e+09 -2.19361213e+01  3.52028676e+00 
 1.17489755e+09 -2.19119300e+01  3.59848613e+00 
 1.20226443e+09 -2.18866564e+01  3.67824524e+00 
 1.23026877e+09 -2.18602548e+01  3.75958289e+00 
 1.25892541e+09 -2.18326778e+01  3.84251715e+00 
 1.28824955e+09 -2.18038765e+01  3.92706537e+00 
 1.31825674e+09 -2.17737998e+01  4.01324400e+00 
 1.34896288e+09 -2.17423954e+01  4.10106860e+00 
 1.38038426e+09 -2.17096087e+01  4.19055365e+00 
 1.41253754e+09 -2.16753834e+01  4.28171251e+00 
 1.44543977e+09 -2.16396615e+01  4.37455728e+00 
 1.47910839e+09 -2.16023828e+01  4.46909873e+00 
 1.51356125e+09 -2.15634855e+01  4.56534611e+00 
 1.54881662e+09 -2.15229057e+01  4.66330709e+00 
 1.58489319e+09 -2.14805775e+01  4.76298761e+00 
 1.62181010e+09 -2.14364332e+01  4.86439173e+00 
 1.65958691e+09 -2.13904031e+01  4.96752151e+00 
 1.69824365e+09 -2.13424154e+01  5.07237682e+00 
 1.73780083e+09 -2.12923967e+01  5.17895526e+00 
 1.77827941e+09 -2.12402714e+01  5.28725192e+00 
 1.81970086e+09 -2.11859621e+01  5.39725927e+00 
 1.86208714e+09 -2.11293897e+01  5.50896697e+00 
 1.90546072e+09 -2.10704732e+01  5.62236168e+00 
 1.94984460e+09 -2.10091298e+01  5.73742690e+00 
 1.99526231e+09 -2.09452752e+01  5.85414280e+00 
 2.04173794e+09 -2.08788235e+01  5.97248599e+00 
 2.08929613e+09 -2.08096871e+01  6.09242935e+00 
 2.13796209e+09 -2.07377774e+01  6.21394184e+00 
 2.18776162e+09 -2.06630043e+01  6.33698831e+00 
 2.23872114e+09 -2.05852766e+01  6.46152927e+00 
 2.29086765e+09 -2.05045023e+01  6.58752073e+00 
 2.34422882e+09 -2.04205884e+01  6.71491398e+00 
 2.39883292e+09 -2.03334417e+01  6.84365542e+00 
 2.45470892e+09 -2.02429681e+01  6.97368632e+00 
 2.51188643e+09 -2.01490738e+01  7.10494270e+00 
 2.57039578e+09 -2.00516649e+01  7.23735510e+00 
 2.63026799e+09 -1.99506479e+01  7.37084842e+00 
 2.69153480e+09 -1.98459298e+01  7.50534175e+00 
 2.75422870e+09 -1.97374189e+01  7.64074826e+00 
 2.81838293e+09 -1.96250244e+01  7.77697501e+00 
 2.88403150e+09 -1.95086573e+01  7.91392283e+00 
 2.95120923e+09 -1.93882307e+01  8.05148624e+00 
 3.01995172e+09 -1.92636598e+01  8.18955335e+00 
 3.09029543e+09 -1.91348628e+01  8.32800580e+00 
 3.16227766e+09 -1.90017611e+01  8.46671868e+00 
 3.23593657e+09 -1.88642796e+01  8.60556057e+00 
 3.31131121e+09 -1.87223473e+01  8.74439351e+00 
 3.38844156e+09 -1.85758980e+01  8.88307304e+00 
 3.46736850e+09 -1.84248702e+01  9.02144831e+00 
 3.54813389e+09 -1.82692082e+01  9.15936212e+00 
 3.63078055e+09 -1.81088622e+01  9.29665115e+00 
 3.71535229e+09 -1.79437888e+01  9.43314606e+00 
 3.80189396e+09 -1.77739520e+01  9.56867175e+00 
 3.89045145e+09 -1.75993230e+01  9.70304765e+00 
 3.98107171e+09 -1.74198812e+01  9.83608794e+00 
 4.07380278e+09 -1.72356144e+01  9.96760201e+00 
 4.16869383e+09 -1.70465196e+01  1.00973948e+01 
 4.26579519e+09 -1.68526032e+01  1.02252671e+01 
 4.36515832e+09 -1.66538814e+01  1.03510163e+01 
 4.46683592e+09 -1.64503809e+01  1.04744369e+01 
 4.57088190e+09 -1.62421391e+01  1.05953206e+01 
 4.67735141e+09 -1.60292045e+01  1.07134577e+01 
 4.78630092e+09 -1.58116370e+01  1.08286371e+01 
 4.89778819e+09 -1.55895083e+01  1.09406472e+01 
 5.01187234e+09 -1.53629020e+01  1.10492767e+01 
 5.12861384e+09 -1.51319137e+01  1.11543156e+01 
 5.24807460e+09 -1.48966516e+01  1.12555553e+01 
 5.37031796e+09 -1.46572358e+01  1.13527900e+01 
 5.49540874e+09 -1.44137993e+01  1.14458176e+01 
 5.62341325e+09 -1.41664868e+01  1.15344400e+01 
 5.75439937e+09 -1.39154557e+01  1.16184646e+01 
 5.88843655e+09 -1.36608751e+01  1.16977046e+01 
 6.02559586e+09 -1.34029259e+01  1.17719805e+01 
 6.16595002e+09 -1.31418004e+01  1.18411202e+01 
 6.30957344e+09 -1.28777020e+01  1.19049607e+01 
 6.45654229e+09 -1.26108445e+01  1.19633481e+01 
 6.60693448e+09 -1.23414515e+01  1.20161392e+01 
 6.76082975e+09 -1.20697563e+01  1.20632014e+01 
 6.91830971e+09 -1.17960006e+01  1.21044143e+01 
 7.07945784e+09 -1.15204340e+01  1.21396697e+01 
 7.24435960e+09 -1.12433132e+01  1.21688726e+01 
 7.41310241e+09 -1.09649011e+01  1.21919414e+01 
 7.58577575e+09 -1.06854658e+01  1.22088087e+01 
 7.76247117e+09 -1.04052799e+01  1.22194219e+01 
 7.94328235e+09 -1.01246190e+01  1.22237427e+01 
 8.12830516e+09 -9.84376132e+00  1.22217483e+01 
 8.31763771e+09 -9.56298597e+00  1.22134309e+01 
 8.51138038e+09 -9.28257234e+00  1.21987982e+01 
 8.70963590e+09 -9.00279886e+00  1.21778730e+01 
 8.91250938e+09 -8.72394194e+00  1.21506936e+01 
 9.12010839e+09 -8.44627493e+00  1.21173130e+01 
 9.33254301e+09 -8.17006704e+00  1.20777991e+01 
 9.54992586e+09 -7.89558235e+00  1.20322341e+01 
 9.77237221e+09 -7.62307886e+00  1.19807142e+01 
 1.00000000e+10 -7.35280752e+00  1.19233488e+01 
 1.02329299e+10 -7.08501138e+00  1.18602603e+01 
 1.04712855e+10 -6.81992475e+00  1.17915832e+01 
 1.07151931e+10 -6.55777246e+00  1.17174632e+01 
 1.09647820e+10 -6.29876916e+00  1.16380568e+01 
 1.12201845e+10 -6.04311874e+00  1.15535304e+01 
 1.14815362e+10 -5.79101374e+00  1.14640591e+01 
 1.17489755e+10 -5.54263494e+00  1.13698262e+01 
 1.20226443e+10 -5.29815095e+00  1.12710221e+01 
 1.23026877e+10 -5.05771792e+00  1.11678434e+01 
 1.25892541e+10 -4.82147936e+00  1.10604920e+01 
 1.28824955e+10 -4.58956594e+00  1.09491741e+01 
 1.31825674e+10 -4.36209546e+00  1.08340993e+01 
 1.34896288e+10 -4.13917287e+00  1.07154799e+01 
 1.38038426e+10 -3.92089036e+00  1.05935295e+01 
 1.41253754e+10 -3.70732747e+00  1.04684626e+01 
 1.44543977e+10 -3.49855135e+00  1.03404938e+01 
 1.47910839e+10 -3.29461700e+00  1.02098367e+01 
 1.51356125e+10 -3.09556764e+00  1.00767032e+01 
 1.54881662e+10 -2.90143501e+00  9.94130314e+00 
 1.58489319e+10 -2.71223984e+00  9.80384320e+00 
 1.62181010e+10 -2.52799228e+00  9.66452660e+00 
 1.65958691e+10 -2.34869241e+00  9.52355243e+00 
 1.69824365e+10 -2.17433068e+00  9.38111516e+00 
 1.73780083e+10 -2.00488851e+00  9.23740422e+00 
 1.77827941e+10 -1.84033880e+00  9.09260357e+00 
 1.81970086e+10 -1.68064646e+00  8.94689134e+00 
 1.86208714e+10 -1.52576901e+00  8.80043961e+00 
 1.90546072e+10 -1.37565714e+00  8.65341406e+00 
 1.94984460e+10 -1.23025521e+00  8.50597386e+00 
 1.99526231e+10 -1.08950188e+00  8.35827146e+00 
 2.04173794e+10 -9.53330599e-01  8.21045249e+00 
 2.08929613e+10 -8.21670144e-01  8.06265569e+00 
 2.13796209e+10 -6.94445156e-01  7.91501286e+00 
 2.18776162e+10 -5.71576628e-01  7.76764890e+00 
 2.23872114e+10 -4.52982385e-01  7.62068176e+00 
 2.29086765e+10 -3.38577550e-01  7.47422260e+00 
 2.34422882e+10 -2.28274980e-01  7.32837576e+00 
 2.39883292e+10 -1.21985693e-01  7.18323899e+00 
 2.45470892e+10 -1.96192554e-02  7.03890348e+00 
 2.51188643e+10  7.89158380e-02  6.89545405e+00 
 2.57039578e+10  1.73711817e-01  6.75296933e+00 
 2.63026799e+10  2.64861307e-01  6.61152191e+00 
 2.69153480e+10  3.52457027e-01  6.47117853e+00 
 2.75422870e+10  4.36591505e-01  6.33200030e+00 
 2.81838293e+10  5.17356821e-01  6.19404289e+00 
 2.88403150e+10  5.94844366e-01  6.05735675e+00 
 2.95120923e+10  6.69144631e-01  5.92198733e+00 
 3.01995172e+10  7.40347002e-01  5.78797528e+00 
 3.09029543e+10  8.08539587e-01  5.65535671e+00 
 3.16227766e+10  8.73809060e-01  5.52416338e+00 
 3.23593657e+10  9.36240510e-01  5.39442292e+00 
 3.31131121e+10  9.95917328e-01  5.26615907e+00 
 3.38844156e+10  1.05292109e+00  5.13939189e+00 
 3.46736850e+10  1.10733146e+00  5.01413796e+00 
 3.54813389e+10  1.15922612e+00  4.89041061e+00 
 3.63078055e+10  1.20868071e+00  4.76822010e+00 
 3.71535229e+10  1.25576874e+00  4.64757386e+00 
 3.80189396e+10  1.30056157e+00  4.52847663e+00 
 3.89045145e+10  1.34312841e+00  4.41093070e+00 
 3.98107171e+10  1.38353622e+00  4.29493605e+00 
 4.07380278e+10  1.42184976e+00  4.18049056e+00 
 4.16869383e+10  1.45813156e+00  4.06759016e+00 
 4.26579519e+10  1.49244195e+00  3.95622899e+00 
 4.36515832e+10  1.52483900e+00  3.84639959e+00 
 4.46683592e+10  1.55537863e+00  3.73809301e+00 
 4.57088190e+10  1.58411456e+00  3.63129895e+00 
 4.67735141e+10  1.61109837e+00  3.52600595e+00 
 4.78630092e+10  1.63637950e+00  3.42220145e+00 
 4.89778819e+10  1.66000536e+00  3.31987196e+00 
 5.01187234e+10  1.68202127e+00  3.21900317e+00 
 5.12861384e+10  1.70247059e+00  3.11958003e+00 
 5.24807460e+10  1.72139470e+00  3.02158689e+00 
 5.37031796e+10  1.73883310e+00  2.92500756e+00 
 5.49540874e+10  1.75482344e+00  2.82982543e+00 
 5.62341325e+10  1.76940156e+00  2.73602350e+00 
 5.75439937e+10  1.78260156e+00  2.64358454e+00 
 5.88843655e+10  1.79445585e+00  2.55249106e+00 
 6.02559586e+10  1.80499520e+00  2.46272544e+00 
 6.16595002e+10  1.81424880e+00  2.37426995e+00 
 6.30957344e+10  1.82224430e+00  2.28710680e+00 
 6.45654229e+10  1.82900788e+00  2.20121818e+00 
 6.60693448e+10  1.83456429e+00  2.11658631e+00 
 6.76082975e+10  1.83893686e+00  2.03319342e+00 
 6.91830971e+10  1.84214761e+00  1.95102180e+00 
 7.07945784e+10  1.84421723e+00  1.87005383e+00 
 7.24435960e+10  1.84516512e+00  1.79027190e+00 
 7.41310241e+10  1.84500943e+00  1.71165850e+00 
 7.58577575e+10  1.84376706e+00  1.63419616e+00 
 7.76247117e+10  1.84145365e+00  1.55786742e+00 
 7.94328235e+10  1.83808359e+00  1.48265483e+00 
 8.12830516e+10  1.83367000e+00  1.40854093e+00 
 8.31763771e+10  1.82822468e+00  1.33550819e+00 
 8.51138038e+10  1.82175804e+00  1.26353896e+00 
 8.70963590e+10  1.81427903e+00  1.19261549e+00 
 8.91250938e+10  1.80579506e+00  1.12271985e+00 
 9.12010839e+10  1.79631185e+00  1.05383387e+00 
 9.33254301e+10  1.78583325e+00  9.85939189e-01 
 9.54992586e+10  1.77436108e+00  9.19017155e-01 
 9.77237221e+10  1.76189488e+00  8.53048871e-01 
 1.00000000e+11  1.74843164e+00  7.88015194e-01 
 1.02329299e+11  1.73396548e+00  7.23896788e-01 
 1.04712855e+11  1.71848727e+00  6.60674208e-01 
 1.07151931e+11  1.70198420e+00  5.98328034e-01 
 1.09647820e+11  1.68443932e+00  5.36839074e-01 
 1.12201845e+11  1.66583097e+00  4.76188645e-01 
 1.14815362e+11  1.64613215e+00  4.16358960e-01 
 1.17489755e+11  1.62530992e+00  3.57333641e-01 
 1.20226443e+11  1.60332461e+00  2.99098390e-01 
 1.23026877e+11  1.58012908e+00  2.41641859e-01 
 1.25892541e+11  1.55566791e+00  1.84956755e-01 
 1.28824955e+11  1.52987663e+00  1.29041226e-01 
 1.31825674e+11  1.50268091e+00  7.39005981e-02 
 1.34896288e+11  1.47399599e+00  1.95494992e-02 
 1.38038426e+11  1.44372613e+00 -3.39855453e-02 
 1.41253754e+11  1.41176449e+00 -8.66629996e-02 
 1.44543977e+11  1.37799343e+00 -1.38422631e-01 
 1.47910839e+11  1.34228546e+00 -1.89181222e-01 
 1.51356125e+11  1.30450510e+00 -2.38827690e-01 
 1.54881662e+11  1.26451196e+00 -2.87217694e-01 
 1.58489319e+11  1.22216547e+00 -3.34167886e-01 
 1.62181010e+11  1.17733151e+00 -3.79450128e-01 
 1.65958691e+11  1.12989151e+00 -4.22786169e-01 
 1.69824365e+11  1.07975426e+00 -4.63843486e-01 
 1.73780083e+11  1.02687065e+00 -5.02233319e-01 
 1.77827941e+11  9.71251305e-01 -5.37512134e-01 
 1.81970086e+11  9.12986341e-01 -5.69188018e-01 
 1.86208714e+11  8.52266260e-01 -5.96733528e-01 
 1.90546072e+11  7.89401722e-01 -6.19606338e-01 
 1.94984460e+11  7.24839376e-01 -6.37278377e-01 
 1.99526231e+11  6.59170115e-01 -6.49273012e-01 
 2.04173794e+11  5.93125896e-01 -6.55208227e-01 
 2.08929613e+11  5.27561841e-01 -6.54841812e-01 
 2.13796209e+11  4.63421918e-01 -6.48112801e-01 
 2.18776162e+11  4.01689089e-01 -6.35172364e-01 
 2.23872114e+11  3.43324004e-01 -6.16397658e-01 
 2.29086765e+11  2.89199310e-01 -5.92384098e-01 
 2.34422882e+11  2.40038483e-01 -5.63914999e-01 
 2.39883292e+11  1.96367992e-01 -5.31911641e-01 
 2.45470892e+11  1.58489487e-01 -4.97370535e-01 
 2.51188643e+11  1.26474923e-01 -4.61296831e-01 
 2.57039578e+11  1.00183389e-01 -4.24642834e-01 
 2.63026799e+11  7.92949051e-02 -3.88258754e-01 
 2.69153480e+11  6.33544414e-02 -3.52859693e-01 
 2.75422870e+11  5.18191630e-02 -3.19009636e-01 
 2.81838293e+11  4.41029996e-02 -2.87120518e-01 
 2.88403150e+11  3.96145203e-02 -2.57462840e-01 
 2.95120923e+11  3.77861048e-02 -2.30183758e-01 
 3.01995172e+11  3.80940964e-02 -2.05328852e-01 
 3.09029543e+11  4.00707913e-02 -1.82864572e-01 
 3.16227766e+11  4.33097499e-02 -1.62699247e-01 
 3.23593657e+11  4.74661102e-02 -1.44701467e-01 
 3.31131121e+11  5.22534888e-02 -1.28715276e-01 
 3.38844156e+11  5.74388053e-02 -1.14572175e-01 
 3.46736850e+11  6.28360647e-02 -1.02100163e-01 
 3.54813389e+11  6.82998368e-02 -9.11302467e-02 
 3.63078055e+11  7.37189229e-02 -8.15008793e-02 
 3.71535229e+11  7.90105047e-02 -7.30607599e-02 
 3.80189396e+11  8.41149271e-02 -6.56704017e-02 
 3.89045145e+11  8.89911664e-02 -5.92027946e-02 
 3.98107171e+11  9.36129760e-02 -5.35434316e-02 
 4.07380278e+11  9.79656616e-02 -4.85899047e-02 
 4.16869383e+11  1.02043420e-01 -4.42512302e-02 
 4.26579519e+11  1.05847172e-01 -4.04470153e-02 
 4.36515832e+11  1.09382811e-01 -3.71065521e-02 
 4.46683592e+11  1.12659807e-01 -3.41678930e-02 
 4.57088190e+11  1.15690104e-01 -3.15769481e-02 
 4.67735141e+11  1.18487255e-01 -2.92866265e-02 
 4.78630092e+11  1.21065753e-01 -2.72560378e-02 
 4.89778819e+11  1.23440521e-01 -2.54497596e-02 
 5.01187234e+11  1.25626524e-01 -2.38371731e-02 
 5.12861384e+11  1.27638490e-01 -2.23918662e-02 
 5.24807460e+11  1.29490698e-01 -2.10911018e-02 
 5.37031796e+11  1.31196839e-01 -1.99153451e-02 
 5.49540874e+11  1.32769921e-01 -1.88478469e-02 
 5.62341325e+11  1.34222210e-01 -1.78742774e-02 
 5.75439937e+11  1.35565202e-01 -1.69824046e-02 
 5.88843655e+11  1.36809618e-01 -1.61618136e-02 
 6.02559586e+11  1.37965408e-01 -1.54036617e-02 
 6.16595002e+11  1.39041774e-01 -1.47004650e-02 
 6.30957344e+11  1.40047198e-01 -1.40459138e-02 
 6.45654229e+11  1.40989476e-01 -1.34347113e-02 
 6.60693448e+11  1.41875752e-01 -1.28624351e-02 
 6.76082975e+11  1.42712559e-01 -1.23254164e-02 
 6.91830971e+11  1.43505858e-01 -1.18206368e-02 
 7.07945784e+11  1.44261074e-01 -1.13456379e-02 
 7.24435960e+11  1.44983139e-01 -1.08984444e-02 
 7.41310241e+11  1.45676522e-01 -1.04774978e-02 
 7.58577575e+11  1.46345266e-01 -1.00815987e-02 
 7.76247117e+11  1.46993021e-01 -9.70985821e-03 
 7.94328235e+11  1.47623073e-01 -9.36165513e-03 
 8.12830516e+11  1.48238372e-01 -9.03660007e-03 
 8.31763771e+11  1.48841555e-01 -8.73450412e-03 
 8.51138038e+11  1.49434974e-01 -8.45535209e-03 
 8.70963590e+11  1.50020714e-01 -8.19927949e-03 
 8.91250938e+11  1.50600615e-01 -7.96655260e-03 
 9.12010839e+11  1.51176285e-01 -7.75755138e-03 
 9.33254301e+11  1.51749119e-01 -7.57275448e-03 
 9.54992586e+11  1.52320311e-01 -7.41272624e-03 
 9.77237221e+11  1.52890870e-01 -7.27810527e-03 
 1.00000000e+12  1.53461623e-01 -7.16959423e-03 
